-0.484752598908314
2.1551419100432
0.762582210564502
0.504469896424662
0.131579034818242
0.266421380230809
-0.733548204243026
-0.950695544588748
0.927133307671361
0.400358966611542
-0.868384367947452
-1.50182310295811
0.254601099290701
0.578385627988636
-0.343523471260287
-1.06278827680181
1.49928962659114
-0.694061279233285
-2.05049477074569
0.720259480294973
-1.77423145875879
-2.06474055474386
0.108238729041994
-0.577259675774496
0.139788505745284
-0.155917007263712
-2.04974676346693
2.45471749682618
0.72634290702665
0.252899874938402
-0.491331215114508
0.936606165293407
1.04356391518697
0.257689270096765
0.885670736614415
-0.439337628838945
-0.192944370134694
-0.651218343409051
0.319700121571153
0.614867511988835
-0.66120341975305
-0.788807371084951
0.355910578392305
0.224110356886363
2.05788187011446
-0.695398496514766
-0.512774574686451
0.292984462967678
0.0790862821788405
1.01305864754965
0.657286408721352
-0.0663992818847449
-0.287529954097122
0.360792471502694
0.36036525731191
-1.90628976796612
-0.182990222547879
-2.07308228142198
-1.44368683284259
0.089969547615531
0.876353237881977
-0.736422784038301
-0.511200745239022
0.806972999557735
-1.81314156768577
-0.667558825806815
2.55704198428596
2.40736932384334
0.314547049284814
-0.108499299556056
-0.647015772865952
-1.35026612430413
0.58952374564192
0.271615085850291
-0.477098268887256
-1.70648328532988
1.45491818145114
2.68942884665997
-0.661262791390827
0.795134397976147
0.0419488442484693
-0.533803700153206
0.394418431831185
0.178185665796104
1.26069543305855
0.529008699253116
-1.23934296074098
-2.75544561634979
-1.54101403559336
1.83217875523034
-0.0677002246423871
-0.143817992207041
-0.0867516141153757
-0.806468603522263
-0.574223210308568
-0.458328047678789
2.14492048042489
0.296399443824692
-0.670110508368433
-0.37402349958669
3.66651399120507
0.460167739335605
0.957607961757455
0.729805754979769
0.990872411904787
1.02501038996491
1.38543609791274
1.44764045856789
2.45239590778173
2.27870644595224
2.72000495099156
2.22866536010444
0.706480021708797
1.80412603691272
2.52693817516485
1.88939260693348
2.94607622570007
0.39904809941681
2.57200048017699
2.79987079143815
1.43792439588571
1.46649452846201
2.14495883666348
3.09110020164242
2.56046403090641
2.42258006653127
0.884609305061602
-1.27614464931122
1.42378166921233
2.95036727002825
1.98346607766195
2.41114914577393
2.83723066642408
2.26126150315459
2.45576330582926
2.82850123373996
2.94790499562738
2.38902443028677
1.51910437404374
0.871476877455498
2.32334499126018
0.982194625962664
1.95554742225332
0.914983893678251
3.38509647710923
1.93204359593767
2.04732977797993
1.07410397915056
2.93139898927547
2.65355303394755
0.403622393791718
1.9260547979265
1.57215022087979
1.38247820856898
0.613382578859715
2.73563020477072
1.82309725835034
-0.671076953224845
1.89971353097353
1.82378161845433
0.490115241727584
1.92251643484588
0.495367856050571
3.90782806222018
2.11087852263665
-0.270281918020654
2.13803094795358
3.3185824663902
0.626552269887285
1.79032960236249
2.70907712050781
3.6065219492777
-0.5313542144662
2.41024694743552
1.56765158891756
1.95151566781031
1.4269158748904
3.00787881498725
2.96575329856284
4.73808836035629
2.92459244887811
2.68172626918179
2.03993550178598
3.30488962681522
1.87433098304445
1.65635483918683
0.512416202475053
1.28758954927169
3.57919615601327
1.64632578153098
2.81370124907636
4.05306382520375
2.37305844989414
2.62236754954569
0.942287146622938
3.16616926469941
1.5277110545633
0.0979337898999879
0.501378386534537
2.18626094318645
