-1.41986677334682
-1.50482986833356
0.45462829145324
-2.14852735747386
0.689929911244466
0.4047877868913
1.89996265617206
-0.137282064016713
-0.271376545312966
-1.00830078496233
-1.39192010102768
-0.591040342215215
-0.209907001985346
1.46378513549256
-0.286209557918204
-1.25426116491599
-0.135447817900334
-0.960800402035098
-0.296870477214648
0.780466164347481
1.70352067367177
0.559654129026871
0.944059698287033
0.610297227758101
2.27605079812061
0.643707793414654
-0.288653065707315
0.243593186146354
0.226667309353316
1.98485367470469
1.36394577409989
-0.363593371753532
1.74378721001831
-1.43960945028458
0.93812921574922
-2.22853840666714
1.09467721079326
0.886742213683312
-0.619560408965802
-2.0452507817078
-0.289136756979335
1.33380814286667
-0.163146319563574
-0.792608186805331
-1.71958557564947
0.672171694383249
-0.185851427390256
-1.60262207454056
-1.34336232004133
-0.367734811286296
-1.17929688806378
-3.09685268460404
-0.708912508951222
0.613350439648013
-0.231255550864171
0.941275037658164
-0.783396850111681
-1.47562105105009
-1.44890633227195
-1.06142892225602
0.15917299252136
0.287048379384183
0.635159066992943
1.33343371442053
-0.0055121404308318
-0.350918623505656
-0.0973688261996763
0.576263946339707
-0.325270183109708
-1.39231228402223
0.0506403104462245
-1.75765887898676
-0.688671974665215
-0.147595006223638
-0.521287224488009
0.479266079184654
0.740399922197562
0.59948744379171
0.181293502381292
0.724249569645558
1.00458555097218
-0.256850580947398
-0.342077006888891
-1.86357221577883
-0.174447415820973
-1.263285748778
0.738039722607026
-0.36027795120466
0.408492186450201
0.660007170068274
-0.98696750045467
0.273880678060749
-0.0407068059921336
0.39835254798536
-0.00542688476406424
1.70865743251006
-0.563323003486506
-0.199406693056139
0.217333582779507
0.174155128790996
-0.378888024753288
-0.618508535473494
-0.72958506631882
-0.508987625149534
-0.0825109185816879
-1.00558557052458
0.950651255472897
0.387222933151308
0.0282160845678128
0.515795829265756
0.484524997934312
-0.202563135230704
-0.607495536097654
0.0461344783005047
1.49825223849814
0.05262849104849
0.65675720887866
0.611858661517639
-0.988817616288304
1.18648214904017
-0.920105683746548
-1.95326038861912
0.602510486073129
-0.909395183223248
-0.435342754532444
0.919191174599231
-0.263706089653364
-0.285989167227419
0.00757113476473395
1.59870276330755
-1.02397382038527
-0.282462699125919
-1.38661888723104
0.760276433623018
0.191600042307342
0.371018309619235
0.280010241511815
-0.551144692545938
-1.08559725054704
-0.0177450406558828
-0.709386425663307
-3.01793609062932
0.324293855854407
1.10968693427206
-0.0371016423316131
-1.22627730549383
0.762032632370338
0.115994865693482
0.729581317380408
-2.21600022374626
0.455058648926653
-0.0468379876555915
-0.144736466555046
-0.866395123560055
0.0766262093679894
-0.517671901004934
2.37698666652652
0.00820176213976434
0.241199277743624
-0.466365134058183
0.413180271817223
-0.623145415120908
-0.164935474640625
0.525930529962899
1.63393804805627
1.60255324354692
-0.809130339718469
-2.64394781601454
1.49633673276775
0.402836522200617
-0.204679028677339
-0.880596279634876
0.253753823639152
0.658160448397278
1.68882270208271
-0.207962002301218
0.207921886251178
-1.38630282157331
-0.482370379713622
-0.414641355261874
-1.64441581114994
-1.78336453574706
-0.0660247972941975
-0.573267757922813
-1.67126279085681
-0.867990243576269
0.401116217346786
-0.00953258499339187
0.272700020256986
-0.0937501672322445
-1.5094017370024
-0.132927483938149
-1.13437399644529
-0.511547864615245
0.458363028329629
-0.849887572564733
0.823476114738764
-0.919778390047451
-0.810574405745748
-1.13829549906123
