1.10845430440797
0.985061982049678
1.43055770242674
0.0445655965408115
0.850762026384258
0.348616016431249
0.429525483897985
0.531878553685163
1.38617972509842
0.0407879595468378
-0.102957440227325
1.79837795508067
0.468478573596424
0.0974267871522917
-0.0187048343192411
-0.0204410081646745
0.390080045934234
0.347569562871041
1.04051644047104
-0.265448750505508
0.852476648348181
0.335448117526442
0.88839704317613
0.834123114649898
-0.544659676346869
0.464277593726197
0.601266026474328
0.191958401754686
0.680617707590194
0.550411130484452
2.80038866176403
-0.021709944771074
0.745936868630413
2.1677696862387
1.33466508221136
1.19627791906162
0.0876998182594147
1.52826718968828
0.711672522213601
0.0564944365086937
0.543132126066066
0.330915864047208
1.67185949288999
-0.259832905442605
0.428563983047143
0.441345844607165
-0.0923950475552414
0.481047958288986
0.696175813540284
0.606364863144388
1.2225968577254
1.11470635980414
0.362778570055284
1.112501375815
0.495090083507792
1.50075393493132
0.202549954049438
1.21182830348966
1.36354009038532
0.153828742081949
0.911075238785008
-0.177802692567097
0.342625280574455
0.438515464212518
0.877255431488104
-0.412478147715977
0.815103081988007
0.0745579937864196
2.35310446617108
0.0613013895985312
0.505864835122328
0.205988337160503
0.506389422707436
1.61949791760234
1.28438671309793
0.00138872063705923
-0.714890197176858
-0.143558091364614
0.265347802832952
1.8043255329457
0.245161343247569
-0.234407642500258
-0.144509910667798
0.00383824022426588
0.4575526259373
-0.446592868085298
1.39369364307922
1.52866193981559
1.73267008813465
0.491718448793178
0.917085589291546
0.109050206449744
1.53012288125557
0.433101440323075
0.58059544763839
-0.646193321596116
0.28758978164474
0.144330444423338
1.37418787937956
0.711563872698991
2.01829750716791
1.64109752911433
1.77255092845137
2.54741143295384
2.10818461575293
2.7190396194738
3.39482641739515
2.42098355308085
3.08551345433038
3.34984682107149
2.84790541484599
2.16655851308485
2.02261437660574
1.43540366697009
2.12641152526208
2.45011628093964
2.28134848080176
3.94858280095343
3.38365555373168
2.69802078899522
2.11313940760013
3.90493922402627
5.18107558661926
2.0589765236924
2.81559036730078
2.74117950689694
2.42437953204988
3.90942531421662
3.26321315892636
2.75599321113444
3.58942813761145
2.37741664652185
3.05231918669083
2.15978498313642
1.79295438480654
3.11303682712108
3.3518249466333
1.65092735512475
2.64329078784786
3.39243249211116
2.88026147590422
1.66381768839488
2.27067811850464
2.62238687120724
3.04854138506565
3.62140644937772
2.6625222494587
2.42241907970427
1.77988659697838
2.17017753397757
2.25032193885647
2.74521114540259
2.82100199392406
3.75499614670716
2.24640838991122
3.41544222336747
1.588156812896
4.03079882925791
2.03411926334304
3.35615537882646
3.72080469429752
2.76285965264326
2.28010974675799
2.79244364296892
2.54406333721481
2.95190757747447
2.41578313896532
2.11789630744244
2.37727150014659
2.10004503374679
3.26830507937279
3.014884541267
3.26096863152111
3.3685557195916
2.29821995868032
2.66473663311559
2.39622259453903
1.55098091467925
2.96198604281723
1.50737956071044
2.49150425928222
3.09802154644318
2.59395865792966
4.11094710204521
3.57611370861928
1.68292766864759
2.46486585584639
3.81232122682537
2.37631799255332
1.71037078313418
2.2683490699614
2.09336199330246
2.88313786732494
1.93780989684884
2.05887303420657
2.89131392007829
2.07850491215898
3.46366345372284
3.37302585124517
2.30347818326147
