-0.836024017459497
-0.163469168585958
-0.678432838136026
0.557923950944449
-0.316781033178409
-1.78093821381416
-1.40789551520046
-0.332447666660576
-0.125211329665763
-0.540171192373285
1.86026125569024
1.11691053572061
-2.08189110742781
-0.56644559014209
-1.27656641706246
-0.829667879805124
0.0435949490821835
2.09230821000723
1.13071074228422
-0.306477550152765
-0.341612607949401
1.28644794529465
-0.60191615696467
0.222211221274373
3.14222006929844
-0.586706423996679
-0.365513424008343
0.239152190564403
0.749153017112399
-0.154592936463195
-0.6526304760098
0.81603848321452
2.2834837596469
0.729602451911547
0.513503741697222
-1.41052211377491
1.177928572865
-0.496386668801486
-0.339709769317635
1.04420775283231
0.157031727617046
-0.486956621629892
-0.923601391858807
0.334363635215607
-0.280006632418644
-0.884573876196445
-0.649611913461617
-1.48263510943133
-0.2363247643927
-0.258559252571411
-1.6428462866648
-2.66720417102339
0.838523989499653
-1.09880320550329
-0.696509845227266
1.2352582145874
0.300644610041182
-1.50319112287395
0.267017052368521
0.9374432590214
1.48633128480631
-0.274055825987105
-0.131599896782459
-1.06884235392731
0.894498862022427
0.046932156807568
-1.68555025586512
0.507627585649952
0.231197003330747
-0.29300139612811
-0.207196902194092
1.10944981688745
-0.610300722735905
-0.401974892705939
-2.46188466845509
0.588125589710119
-0.354866011365532
0.14099442475486
0.460832209706317
-0.0596410414184885
-1.02122100826024
-0.271191969726678
1.55797601034256
-1.36603136974693
-0.461206109689438
1.3768570111295
-0.339468358178352
0.40828174405809
-0.181231502718265
1.51920145243122
0.560806272437083
-1.63635397194323
-1.40868252075945
-1.34116585388478
-1.40573121159813
-1.25083716928367
0.296637481838787
0.0214298505441946
1.57050300809174
0.854851927450004
1.81600153018308
1.48583285777094
1.48611100281339
3.89553168574721
1.24885976677237
4.21404409110927
4.00796221491942
1.19408396743321
0.79861283660536
2.39799625513097
1.0040056698817
2.15776126190408
2.77244077141498
2.93357624762256
2.96087218261794
2.23340546878569
1.35407081936687
2.44397179516968
2.46039325310986
2.92535370345245
3.1866273268772
1.87515503467434
3.04584973609422
1.59578055001821
2.83981398653937
0.394447229119474
1.4708880982849
2.22556945438282
3.80941472600778
4.26579151364406
2.20496726117556
1.44748214656694
1.46619797936277
1.73000020297443
1.17569759733623
2.48463626829442
1.62234183932159
1.32441365441959
1.43915225837831
0.737781086694762
2.6133150730434
0.803033368408526
2.16476033047619
1.76686870605299
3.16739442001864
1.10231712598301
4.61484330704497
1.52071280684689
1.69289457401319
1.88419998085187
2.26912658414066
1.15532901183359
2.25739206073201
3.35801798008594
1.74482692117706
0.439573312351629
0.557087928647069
2.7103522266176
1.50268093133345
1.02856035053072
0.760583762606606
1.20048370583307
1.91839332113405
0.948452417146034
1.6978468487057
0.910415154982576
2.27122466096032
1.69824653902494
3.06858053444879
1.33083029076382
1.38516295992295
0.36532757853041
2.60959285352924
0.422051618739648
2.22650516790327
3.05788438491277
3.5344939292703
2.5537611723782
1.68657968585453
2.66805211990032
3.06521468295991
3.98639303774443
2.75198204351887
0.59828350125952
0.133905628935065
3.58525339079025
2.97401898384726
2.86835342362082
1.29526325018956
2.07766761863246
2.78903613297503
2.76240646825157
0.995383557987965
0.9390910185492
3.26741191365753
2.22093170635163
1.35027849817879
3.15013219834778
1.75244089747487
1.70227513108334
