-0.135834463584696
0.298692793429442
0.148120711269826
-0.479380721083062
1.27917691261434
0.75494305123229
2.62446487162952
-0.105546133407674
0.26765279672805
0.810902944786795
-1.1611266090678
-1.49543219842114
0.0356096762770009
-1.42315683917653
0.294674589123093
1.58474053228408
1.40342872083062
0.482378603946176
0.233605820087285
0.776637863827918
0.895333914845156
1.50254512923682
-0.396380692826463
0.100362352511722
-0.718059594255148
1.37114293169462
1.73426408133658
0.345875791442612
0.811233070652439
-0.0931705069384472
0.46887479225125
0.118608127200255
0.582690480448155
0.1798829972476
-0.502911779702708
1.3306257829055
1.05000614306005
-1.69185200075926
-0.830305708402278
-0.81076711251584
1.0876643101508
0.794690286742619
1.0076041121158
0.184323018498028
0.539732221825148
0.654437077972938
-1.36076812973993
1.09034705891258
1.09504459628416
0.5997952136258
-1.51741268483519
-0.170965683448126
0.651706273562098
0.494673442332909
1.42095062657007
0.736461186838223
-0.0365339667870921
-1.82333265493074
-2.2205175962735
-0.244515543280241
-0.804434114070803
-0.948171804385479
0.679759939704267
-0.536047192467742
1.11147624154067
-0.974464395877607
0.479007845222223
0.511654833743145
0.663408901837955
-0.94879867060841
-0.0527401276760785
-1.17751178273171
-1.25567816078585
0.198223534189631
0.244691712365584
-0.846262446836489
1.24928251868916
-0.298778524933347
0.218036894176229
0.831455896831804
-0.778122052594167
-3.2098941024279
2.00359435726933
-0.168867667586059
0.163772616020993
1.04085755191137
-0.190726064120709
1.36809618492943
-0.632894872715544
0.607683371956146
-1.9953255331508
0.35609827057886
-0.191534975690058
-0.706401437165585
1.14177510551656
-0.438036869391116
0.643449611316487
-0.577392057195393
-0.0168086786250529
0.562188045628737
1.01362133693076
3.54621182880244
2.63448698211457
3.02262437214714
0.208014018598979
2.47948864412511
3.70814307002152
0.910731867112229
1.68302759581022
1.4172289083386
2.18881034230685
1.31024902526713
2.10651164119246
2.63172610474225
3.62007487300692
1.65093542976434
2.55755967080782
0.0553701888977447
2.40079661294621
2.86978982149232
5.17835449951902
4.24058056694486
1.47927041923344
1.36330258417354
1.54247056916977
2.65348836377721
2.6106911192571
1.67858044203359
1.26507629328656
1.84704516095792
2.8599786454768
1.29375518948078
2.31176057105954
2.04292981341001
1.15497685951427
1.45378904963849
0.489887140348579
2.137883848633
4.15773973449695
3.06820733430793
2.77843530082078
0.344166832372699
1.72807034099081
1.68933805510177
2.71365271965425
1.22328455416909
2.48809079181952
1.05849266700881
2.26960410690532
2.56369593081769
1.31559041630607
1.32915013101256
0.993472876517469
0.991696858139066
3.1037462445728
2.0198388052108
2.32991598511492
0.925204928945786
3.49497718612492
3.1035114588712
2.66870415088612
1.31388127832224
1.46274896461046
3.49942292228619
2.51904041609348
2.9440887934615
2.75218241524163
0.700046481595842
2.03452285152992
1.33238720018622
0.972087862459299
2.5034129139839
1.38608327784855
2.72258268725695
2.78392572133925
2.74712658280607
2.6582942016283
1.79355887685324
1.8534098996276
2.44776510725303
2.29109897824373
1.67707380228219
2.49132719104607
1.11853869307484
2.21475211729171
1.084584021022
2.59677729865131
0.465022388374871
3.22392920043683
0.564065757480872
2.37184593827768
1.89444700769499
1.30346010900091
2.61158958085806
2.48087737845567
2.23445855402937
1.4596165585761
1.87045798938234
1.7834449387536
2.04634338640377
