0.118501923544973
-0.958570220264189
0.95648737721404
0.673593694747917
-1.16989056101233
0.0504768592308377
-1.5093330451355
0.421253264162867
0.501460447910228
0.193321797818042
-0.777238832439104
-1.78108954182853
-0.235155496989246
-0.58306941247546
-1.21259169847632
0.575240824001071
1.61966618604031
0.911390405270637
-0.56396426531507
0.649238093111637
0.626401642222453
-0.25400759597395
0.661454661817034
-1.4875632673537
-1.13771031165569
-0.275942432114208
-0.235858160720972
0.915002707319668
2.32087217780926
-1.43974448280468
-0.763385230177692
-0.128421706443779
-1.75945329538081
-0.979091203072068
1.31682797012811
-0.152094702996254
-0.725013865779995
-0.362086575160276
-0.546781120600109
0.693150405587715
-0.989135769846463
0.0675695909350445
2.71070680398563
-0.169832803083764
-0.392092454491059
0.052791190860383
1.19532559071306
0.648562061766171
-0.565403952540286
0.429538337156226
-0.608584859396074
0.320184425122208
1.07344131735033
0.88502680992979
-2.56508401943181
0.57864825079075
-1.18861468995067
-1.17496045420091
-0.114789504344038
-0.69398472949455
0.0674472369122177
0.89723136619354
-0.769244658483924
0.603138288314617
-0.565009887898518
-0.0273229995737543
0.467234159383377
-1.59508695173853
0.872429030571999
-0.96235860052882
-0.484281974912134
0.298985056413091
0.281280650478173
0.931804146857752
-0.517632389673398
0.900795287882421
0.847229810811549
0.457638057448736
-0.922193276632127
0.0967563313110439
0.933074865149933
-1.54414121974106
-0.483361671697319
0.125434823622258
1.49688145834789
-0.372265584357708
-0.115394620882701
-1.48625534030603
0.244525041966842
-0.276912687057071
-0.118865419839363
0.873657156775067
0.0885070197404458
-0.728518608021114
-0.846059792052603
-0.408144746545274
-0.379488870909949
-0.0858458415326319
0.465834075180362
0.394984213677222
-0.23137626003438
0.206353582364811
-0.439061768611597
-1.01196220772291
1.11462304064259
-0.984563178867383
1.12679270439348
0.132288914064505
0.0526049550275295
-0.757166014687102
0.406102054903133
0.755169281790272
-1.19826971869391
1.1643530671405
0.333339859274718
1.56755913543362
-2.65344184607919
-0.0274403779437541
0.806733071244687
-0.0494316965089293
-0.0848211559889768
0.558308559730914
-1.10336540488597
-0.567906093331627
-0.344495815669262
-0.598218086539292
0.167183941163952
0.172604485198563
-0.920833282219681
-0.898454802853048
1.26333868104384
-1.48865908334824
-1.82651351591325
-0.320729728075217
-1.01162982455991
0.0569527057177825
-0.129894863006306
-1.17050994625319
0.144631033156043
-0.392214132929744
-0.357197054442945
-0.830608105069787
0.136578537460991
-0.113644927595551
0.824586778720187
-0.525874101219012
0.31041246678628
1.32546692396261
-0.481266826508325
0.925968799508368
-0.576227883947392
0.998676173049755
1.45581804989424
0.761956733923635
-1.04070754895919
0.728178149886795
-0.656729599019496
-2.03998184105111
1.19042922148441
-1.78166767371116
-1.05857432100372
1.51110352998027
1.03408583132867
-0.648297621919482
1.48850835142871
1.98152284636079
-1.8431040744891
-0.600004639313952
0.952140440022188
1.07241983657965
1.12413021179394
-0.286621713372092
-0.771054582759103
0.349457928532924
-0.242675522850992
-0.622984429891483
1.16070517923752
-1.86229324662359
0.821105818225641
-1.55951392006533
-0.302301713463991
-2.56027449775394
-0.571791837921773
-0.0193839074725738
1.22035113740286
0.381754640768392
-2.33941037840987
0.9836663723754
0.162279861511605
-0.777730739940523
-0.244794652088695
-0.498080097224797
1.46891487365762
0.275605420677684
0.70818406676069
0.663666770056661
0.58324951003019
1.31521964474684
-0.121400327958748
0.120614916564498
