1.87574899447658
1.64287250695074
1.01594618275026
1.20799757625057
-0.590368929950067
3.29534288542889
0.505511019004191
-1.55692217946813
-0.265874915411648
-0.797877559252029
-0.462190980115165
0.868816845072391
1.07367388226514
-0.147922070015051
-0.920317075989702
-1.14355033518587
0.136406603277078
0.34718494424875
-1.04460316868281
-1.8250735040308
0.369397075750166
1.07544473636057
-1.91352334861785
-0.988967690884167
-0.957893366759106
0.987140339304767
-1.56844140295715
-0.0464081908364384
-0.817899571313643
-1.9377906721503
-0.275690928101243
-0.30274250619241
2.26856856499808
-2.15169630560828
1.61068681347755
-1.47254922768061
-0.573829246458029
-0.605093193804877
-0.0569660847800351
0.411636797344318
-1.81628301890871
-1.48713548802256
-1.36905133737869
-0.862453993160736
-0.150085570566164
-1.46084332241042
1.0410179125675
0.660824777581604
0.181499289577398
-1.64927045024364
1.16681906736926
1.82322311837684
-0.696847068485824
0.299857382976329
2.37150633786585
-0.0338259604178016
-0.62222795827125
1.95327688692049
0.536729788237939
-0.742726888630568
2.09127860660234
-0.942408668036891
0.397604602034156
-0.82162556118241
-1.51652651218895
-1.17131801382173
-0.621689844812157
-1.00031271058048
0.861916227679609
-0.617149447687392
0.420029083216872
0.264527297871751
-0.0694710667297342
-0.654517496156884
1.04939442733193
0.672905297538884
1.90180533205252
1.61679147635487
0.0225627682754699
-1.53635559788837
0.751936318534509
-0.157789321461883
-0.195873357975959
1.30845812679981
0.147296923576114
-0.077188781455121
0.645298986589189
0.510179681740009
-0.212252805990329
-0.361710523114694
0.6428439148495
-0.906296698455479
0.532488034974398
1.14014119728844
1.03604806721761
0.146046169097573
-2.4968535205825
-0.507631039623938
-1.71639736910782
-1.91450664034321
0.584331108975587
0.444990598233445
1.43990698003333
1.99123864740707
3.67338270731588
2.55173136671038
2.2802988037256
2.04568492233808
1.78679509407419
-0.0935451994174121
1.43085810966064
0.773249747977216
2.17966467084365
3.12751172736365
2.14579680545887
3.48661758878545
3.05708289016104
0.769173923408236
0.592887031337024
2.60165348064118
2.76705822880373
3.31787591651104
1.55980486732242
1.45052986907051
2.34931464290388
3.51279507778637
0.509622780522652
2.01212793484575
3.63218028442961
0.992903888416031
2.16348916132667
3.21025404160213
1.98186723250477
1.66146066768506
2.47328036275187
2.76384669298433
2.34586018441626
1.73649594251658
0.786721921452239
2.90082851163293
3.03730242628704
1.75099937747869
3.1711546521453
1.33412434722116
0.875876397564111
1.12823804673623
2.83565927756382
1.93029345659279
2.16211012763737
1.77683699698462
2.61569545485808
1.92885894414408
1.77153277489786
1.03729080922204
-0.602785237099696
2.08739099649255
1.24164436609737
1.9376498910186
1.36399103601617
2.42287583540072
3.62430910650186
2.6550767027079
2.74068135203987
2.0780606778256
1.41203039622411
2.10500817229952
2.83569125056417
2.32886742181917
1.47114093559739
2.1426574415762
3.76545262586745
1.38358319036933
2.38083736860094
0.83860906158602
1.63173931710244
3.9243657209241
0.896303262482907
1.85951510697921
1.23178268074486
0.921013325982928
1.64556801609139
2.35613780047074
1.64960735107502
2.69311157733766
3.21699976849876
2.4258081080966
1.98732552130463
1.33797933228476
1.22498163236363
0.902651062451325
3.58793892729016
1.17180253846892
1.30955110175163
0.959197869442266
3.38485478148593
1.43061308055106
1.54133410745757
2.70254680495329
2.6358109650885
1.4378271557186
