0.787135560437255
1.21157893634551
1.65574781871561
1.24023249703834
0.0804269026060416
1.25492848727087
0.768509261783985
0.20012471089988
0.450695655464563
0.499134002426944
1.13374452843795
0.0685445755546587
0.887885591131895
1.76332321958339
0.934166817240388
-0.20766645032316
0.932171660125291
0.697006688441965
0.20986838608238
0.798824016011358
0.849242724275125
0.476012646032072
0.806267912511516
1.32322931339998
0.750112857845516
-0.627237060457173
0.251479552898535
1.24354200570945
-0.276273632059865
0.792922791148376
0.814313744291457
0.498835344731249
0.0152647010601394
1.25430490974156
0.76484520720606
0.123537754966378
0.146985882258041
0.317559467093886
0.799384712146932
2.67336839553484
0.845558268284866
0.603569277739305
-0.733681230438277
-0.18209296047644
2.09766676369988
-0.245970369437529
-0.216338191210886
0.333771448904723
1.2903544667438
1.2867598147043
1.16895176005322
1.13059930314278
0.606991988899318
0.360258277907445
0.628655723411552
2.22661727851942
2.56335056747715
1.40144339304379
0.633564048295464
0.60176045065321
1.85819029872391
1.6840190395956
2.2663581376687
1.98487151095695
1.16647360614348
1.3564971984088
-0.378386878824555
1.94047187801052
1.92539307758832
0.455655192664365
1.31152954767228
3.0478607857068
0.498816253821203
1.85390127222052
0.494747841679949
1.14680707530977
0.427511339089639
0.744442300057579
1.11602676782938
0.693318574113976
0.220641718142944
0.629569471315521
1.28615036632323
1.10874010537106
0.848251802449282
3.25284549501843
2.15842738397756
1.1119709605333
1.54670547748723
1.5830027434357
0.803381719358367
0.0660153107563733
-0.458917388862242
1.6284913046329
1.16972687451552
1.49743548652757
0.744730681368524
1.36463666455529
2.26942246195017
0.628852069449534
1.10876538365986
0.994858605871666
0.427526184738073
0.990502080817072
1.96464069477737
0.249849727073124
0.497590352322931
-0.277691158830248
1.19941182712068
0.918473312445753
1.76807180812515
0.545666519881776
2.26185424912288
1.48394271088866
0.984068424968919
1.30927138887517
1.21118757926171
1.35936994261664
1.35314975770186
1.29474127040864
1.33869590849367
0.37983398865361
0.694157698100348
1.25915851349236
0.932830242049219
1.8307784949598
0.956492040099964
0.494195866743851
1.69436298095187
1.15261849722191
2.26166304345601
0.510091406106808
1.00300610460295
0.693550835080278
1.55128420137665
1.33941715202046
0.699528149451665
2.40256112452908
1.24247730426681
0.204353969014
0.493411035512625
0.166540355866699
0.885220347613316
2.48481326976679
1.75825164036985
1.17978994111487
1.63743002835435
1.4044128889362
1.23549375591607
1.34249248990683
