1.23656091939597
1.42343149010106
0.0796478244310272
1.063821561331
1.24648421926455
1.53457258062569
0.233613792001499
0.20362878375438
0.941555106375144
0.685589273315573
1.27605250413831
0.710007993604709
0.312179439516678
1.51624747943154
1.14284528096062
0.4941866109796
-0.0756896114241878
1.78331893293852
0.953117919418996
1.60627836713433
0.506659027319945
-0.340939150234076
0.414264107436025
0.529244713878112
0.978508665679795
0.430816988134328
-0.223408257051065
0.911712791180556
0.0792508498734995
-0.159232201229328
1.29868161125668
1.23314203672362
0.421801555951601
1.83434059510129
1.65878835530005
0.3257468789099
0.708092259706766
-0.00242067155763892
0.466265742402426
0.39025179778949
0.152375889294194
1.13326598273957
1.37705617909459
1.18647358908539
1.82330201875683
0.0991211061645001
-0.0753226557791429
0.905351701922705
0.619942729114553
-0.0113155172691145
0.292165358410007
1.05331235851453
2.29991261737391
0.985529120332895
0.666369308933134
0.496891211436613
0.90133405313968
0.0487350425638018
1.90433334219902
2.03696411928269
0.478264404534593
0.520407256472506
0.484998348649177
-0.564241862078783
1.47196602204366
-0.0165477457973175
0.907267664527742
0.509096672670192
0.79737243809284
1.85225041698129
0.464687223441429
1.50819308669484
1.21865505184818
0.603068628255511
1.08709581114941
-0.638469697128659
-0.471013255441253
1.8841841346413
1.10709111146427
1.27713036787078
-0.13299387111009
1.09948616360417
0.993682712990356
0.307865212692909
0.152136944740725
-0.760440672421191
0.812599211305927
1.11875287016488
-0.437064256895762
0.752646082624559
0.869661103329518
0.632154692132855
1.4108045923846
-0.170241009147006
1.32861659342782
0.43759656509098
0.618627841328536
0.0807270135805085
1.97495535559654
0.234990995529161
2.65621063795284
1.96839250033754
2.61298127569027
2.132893712189
2.29074698100606
3.73838469690495
2.01843791732644
2.14978792280313
1.87650497254273
3.73840898491456
3.54339077013906
2.08379613059596
1.86395101405806
2.14773318229164
2.50279899498908
2.56169498752928
2.78254894125507
2.47273236233873
1.74427664142331
3.67201844984833
1.97641896414176
3.54551758092399
2.51257020635914
4.02752083702143
3.27314398391225
4.36619589413148
3.25199547723141
2.31980688924081
2.79283462841261
3.05704090230362
2.29905216667947
3.82732859766738
3.57273507508627
1.14622301812349
2.01301537064305
2.00713152050754
3.77103192607221
3.45342399197574
3.04405173720213
3.26247021678971
3.9154408068776
3.5719415207908
2.25317711786407
3.2877820225061
3.42456572671787
2.7555550142612
2.15865799438741
4.64657970795885
1.82077685876196
1.90144867588903
2.38513170402954
3.74396662989287
4.47492084990998
2.84777327326582
1.78707882829173
3.77396456049192
2.21956469402825
3.29123256203505
2.10327679828893
3.17928547980763
3.22059637649456
2.77079483286744
1.99069740401133
2.92801795647827
2.72974659347213
2.24175765916147
2.66011548126707
3.0027904317932
2.67756373684209
2.67816763698606
2.17137998263968
2.83798058115989
2.70945008533957
2.03844486007726
1.81393326246394
2.8150730690887
2.11013292054382
2.02490591301014
2.14958423347626
2.63494920259133
1.90154553193766
3.34074216810708
4.78638786350662
2.00487048274391
2.27752890534912
1.91009438193056
2.79640722313453
3.39103887451801
2.77306159003168
1.9712981432552
2.34992475702465
2.2726642453749
1.79159694147698
2.55129146215928
3.32049349178736
2.41168025866951
2.61440817424611
3.42703170923961
2.27407288399699
2.0277427477222
