1.04052902829255
0.271243458069374
0.524942615421256
0.907568514752812
0.157960076438441
1.16580730185455
0.321027173249147
-0.874496957091838
0.658546094485879
1.20701585746172
0.0925579050526635
1.11808476866858
0.441451896209002
0.198441399694477
0.825738383155624
0.541373818148963
-0.552069554468392
0.953075611168322
0.135746393170416
1.19021739553528
-0.125145225730237
0.91180924842904
1.56086773999403
2.20614589165818
-0.299283632624264
0.308946597495801
0.576079128888063
0.788268602895185
0.0481227117256118
1.54496572804882
-0.470352505588688
0.490949082314914
0.805225505262377
1.93456649300795
0.950630746109636
-0.0734538808554069
0.069296111350345
0.758220497752891
0.357197420727081
0.326169735650657
1.00722647294762
1.5085117962674
1.3927878417354
0.796189893774657
1.18461749125717
0.704841224883233
0.384796689711314
0.0306480985857667
-0.0791947089646573
0.342269852800489
1.31713025328104
1.59232153287905
0.441335258518308
1.01421673973729
1.72561608042429
2.4360019456265
1.81156961105607
-0.169286459232333
0.850007765780878
0.530624727519354
0.605907296787459
0.705687139820351
1.32311676058286
1.14571369435778
0.708275550373906
0.790536503989473
2.44850007820388
0.0365504509175948
1.30629387037128
0.103935032419932
0.664023019348623
0.202902564812629
1.35144857563144
1.15757653582248
1.07224192626142
0.851223968867691
0.51028457130096
0.224525995397485
0.649842896098971
0.311408374795314
0.3628286030972
0.484049634673669
0.790920906656946
0.308301543629527
0.356632556386852
0.605627493608151
1.52356384979047
-0.0419860270866415
1.33245180726138
1.21468066369845
0.480858761764181
2.31400354500479
0.373496911729233
1.05050425716636
1.38582086168844
1.34018810643842
0.652098163728036
0.406140599626913
0.299886795455966
0.342301938110899
1.12317584402632
0.943995007932767
-0.0956997691715133
1.74301600971978
0.779465639396262
0.645781934131338
1.40420006827779
0.662606163145358
1.6102062681264
-0.0168506220599223
-0.0866163905633036
0.878262607241543
0.350855165491779
-0.234858969097217
-0.479303245345472
-0.0141292135256564
0.748890943429591
1.38449259409344
1.35819030846061
0.542340910824414
1.38444309124475
-0.110160739628471
-0.039999298953342
-0.0492015345454823
1.36601027675448
0.646733865684497
0.591729949519918
0.247850234957887
0.749511323331831
1.4270307732055
0.200068826343011
0.850781161414043
0.733841950656307
0.762298306928091
1.32845572545248
0.464224939620064
0.934066183960909
0.814178254293444
0.250214573171294
0.330300706654576
-0.234880067155224
0.67626142771872
0.215901409037605
1.1363808026026
0.416614149781088
1.46198975727819
2.12488122861899
0.964046515393415
1.28435807666012
-0.500780452538524
0.739096291543956
1.43855766950166
0.631356384069664
0.731880290403628
0.105293387517539
0.0216793196181885
-0.126376956094047
1.00194713015192
0.893677246464495
1.24400838942104
-0.0814845604608145
1.1640007644325
0.957017094981478
0.983825880682111
0.971602193770277
1.94008325780375
0.478632161819195
-0.26219530908621
1.50674767426269
0.549129960868358
-0.157425023635564
0.652364789911233
0.83154202075363
-0.903918151354727
0.895771779720272
0.962298989712474
0.229161536480209
0.469417497269092
0.926117639445424
1.33401528676195
2.4985505335937
1.01823958232942
1.48599772306189
0.976192772996474
-0.227480941327723
1.01571884092706
-0.42842795835634
0.725896037193063
1.88048301469039
1.38134486103099
-0.758183579413748
1.20356105089579
0.953545561054001
-0.0827891117075782
0.105823451366299
-0.181104887217548
0.946079309101447
1.12616526663371
1.13648571867193
0.548653166271793
