2.28756921251856
1.25215248186907
0.909167171195388
1.45412109302531
1.26658689070022
0.867568387339197
2.19716720876589
1.31331191783831
1.44163189708712
0.00531897946255285
-0.216621039067649
1.11679599698575
0.332602451831439
0.187772946880093
1.24581821294273
2.24068086067999
1.88451001367921
-0.155447035113188
1.39710308022027
0.945488445370997
0.158901212217979
1.6141940082165
0.647317192899362
0.905475531583201
1.5471868190954
1.2656125225632
0.0142840709428891
0.332955817225694
0.123712648383485
0.61343363192097
-0.00278879006684978
0.522994529331748
0.515970758473503
0.328888433879097
1.16974185109577
0.81105684058049
0.767782076005791
1.16540742634684
1.71622376235657
0.767771309813313
0.83703049238759
-0.266791141196316
0.653673467174161
1.85257356593378
1.98165408384184
2.2314520198375
0.803866261846961
1.0723907360645
0.296334949341917
1.0940707383842
1.77204809079299
-0.745920810935023
1.22305713513372
1.7481768928447
0.282694304164184
3.10659352762266
1.3766539441027
1.70795532187945
0.406252664995029
0.173464505586844
0.78023820266272
2.1775312182833
1.92552992859185
0.850393343569862
0.537134007170608
0.312174520614513
1.27791469249944
1.86225776744945
1.38150357604181
1.09817208897645
1.220533153383
0.641185284549302
1.7411119874455
-0.156801380470335
-0.0361719640337673
-0.0259602771155384
0.283712691843561
1.31772141535919
1.19733596518821
0.864073709532237
-0.276524756965613
0.973811068075091
0.992494270016854
1.53857336706619
0.955854956589633
0.308048781962942
0.253838336107813
1.10799678244363
1.18825183969558
0.150038634135629
-0.104835162813876
1.94258399792012
1.51329538838749
0.784364534437524
0.155084684763009
-0.184757555036393
0.117117409740549
-0.0652690014230738
-0.308269109161005
0.819786118575966
2.39599250589869
2.99257625203993
2.7340899876256
2.15065920718686
3.4766751988898
3.39939739655177
1.67733143827407
3.3136961829337
3.26496251031071
3.73693204611941
3.59554431008486
3.54841208633927
2.16404086958279
2.88233188594319
2.75470625919232
2.45137070868484
1.88778899408183
2.61122652943578
3.56988420094596
2.25628025471275
2.64165716171084
1.95184897981987
2.68130985075997
1.74692341348201
2.86501179157383
2.07695762959614
2.07155226660914
3.58490548703009
2.66150218628311
4.2680213950236
2.75068716863911
3.06036559516637
2.85996446107403
2.83724083714359
2.13670595429588
3.02814355455277
2.3951392947505
2.89745324010256
2.91532143616569
2.56728676456521
4.5251453461512
3.7577134783259
4.29936460357042
1.39680653991662
1.45938713813351
2.21325496777752
2.67148663055684
1.9872427928223
2.29373104200507
2.30695225137785
2.45372620398955
3.8218063997312
1.99539475880672
2.75468783380941
1.685284296388
2.22887926173951
2.73338862096588
2.87448446780202
3.84500706811224
2.82254140657477
3.50898543637842
3.12048829762242
2.08645781016613
3.24093724055831
2.16386137081973
2.59319719583428
1.88264233130979
2.48255882938803
1.63959990964976
2.0322997597242
2.28234106240514
1.68489921718831
2.80921654807605
3.97074427486844
3.25832105901453
3.86844424750799
3.40369612812347
3.0790187507239
2.1490960350203
2.00234105332126
3.24447236507817
4.33888679708653
1.75027071822334
4.39660902727977
2.68819412189996
3.22191256727797
3.38803392858878
2.44116302990669
2.30927512604535
2.93460772473371
3.23461951901661
2.44368857676918
2.73583614355738
3.04260460608959
3.79990908587688
1.73049077878151
2.91038265875992
3.01231205211491
2.19621009040008
2.65518251215677
