0.475162298868013
-0.26365194426031
-0.510659436587701
0.0380612672024401
0.966698809589623
-0.0403309520541378
-0.191231230411125
1.05480637066136
0.94513996518543
-0.846787402929115
0.888313368499375
-0.10340388146043
-0.658309904961353
0.860926756891674
-1.79905213252102
1.00615780703283
-0.720430198482889
-0.289441753984927
-0.828974043486043
-0.50186349297889
-0.218677622891367
-0.157457648147319
-1.77813973317104
0.743837595763899
-0.229533327063285
-2.34372616593636
0.613666120355556
1.84306843868751
-1.15384332511156
-0.751571834287413
0.954206863537946
-1.00951056085926
0.189620129719674
-0.639261931232188
0.174338339639799
0.729526026254463
-1.02927541351545
0.982112822137029
0.0905851723790055
1.34018040127598
1.70653444642299
-1.31590928603958
0.585899395933576
1.26487433437803
0.547627579224917
0.0670445009275272
-0.963992127038749
-0.12265599934903
0.211236966898573
-0.506909512480075
-0.463702293743324
-1.55333501950612
-0.808345004853082
1.26062222655648
-0.765379732835852
-1.4269186560659
-0.871180574441159
0.582990198144162
1.23383318238185
-0.391783559121218
-1.39114033942051
-0.983859694045168
-0.905140651182629
-0.450522020794092
-0.674841031663116
-1.15941375167132
0.913669147871984
-0.607142129750153
-1.7888699937331
-0.461072141827761
-0.636433695829653
-1.0970525467005
0.959259800682595
0.778211542964544
-0.10474418395094
0.454622108243257
0.601944224276699
-2.20545567025764
1.1139173324228
-0.641193245471934
0.486548583142295
0.81831945574988
0.255842558810027
-1.55787811299251
-1.43116004714422
-0.558288104834711
-0.513965685599489
0.127092051387973
0.0573497400967566
-1.32580305067106
-0.246497413929561
0.830660514757457
-0.733378627364101
-1.48713851135759
-0.883471653202147
-0.899748471139332
0.412615624066945
-1.06582062980444
-0.91193203047366
0.164732361706679
0.391004350753288
-0.853319438011793
0.213714353409886
0.60131651474845
0.284298961389478
-0.687311986428299
0.243987036242296
0.328913014094033
-0.236695425547903
-1.43392697975325
-1.56936500200384
-0.505743826677103
-0.419553259884783
1.27767591605316
0.446410843133382
1.22694179259488
-0.0924628564059887
0.97187646212683
-2.04453864138625
1.36557208351224
2.07476310655388
-1.72572364111778
1.01788365575663
0.22945276187841
0.505950512292042
-0.819606938715
-1.03243587496686
-0.943606406142854
-0.731855113236114
0.844926611607863
0.52707826195673
0.282259727371627
-2.00046228113669
0.334710087486895
-1.26669394941114
-0.516088312264465
0.498122703097043
0.702051431498907
0.886107000267645
0.669838376310789
0.283347992759084
1.10188145705124
0.545975162249888
0.698511189654283
-1.40236080114499
1.61798284508425
0.722981904889485
0.179407808982585
0.281252864759203
1.19733261054157
0.525127127687109
0.0886133634587146
0.378866548435891
0.0870070281052659
-0.522379113932646
1.80574684568908
-0.59603467202284
1.06015137709849
-1.08369269645708
0.270707489039222
0.364493271711493
-0.0203882259317722
0.0982997558559691
0.600992532526341
-0.116629301959195
0.802192587278969
1.94140437564635
0.339936619836893
0.885691026001712
-0.25294813715586
0.317808636068788
0.819929146201145
-0.368746890339822
0.519019207434869
-1.52032661258879
0.597491992079207
-0.575471846609261
-0.0935666515289505
0.158700741849844
1.67645602243872
-0.20342481010805
0.405141079934396
-0.216407334388786
-1.149164582784
-1.15623943406558
-1.89559315684425
-0.943462103887249
1.69489223060839
-0.576419545424619
-0.777237659449124
-0.666552210309598
-0.447554359462976
-0.34591323579886
-1.05525109612457
-0.792020217002323
-0.48773222246139
0.661340521918655
-0.777410875335246
0.502848771922188
-0.354640463764208
