0.619591061252668
-1.66142758522418
0.46977394657275
0.477738350224719
1.55963508391263
0.233234245614829
-0.251930936791342
0.791080546840854
0.234660289600718
2.25267504956612
0.769829078075786
0.279499266802516
0.18238449612762
0.224033858513916
0.056889116981742
1.3592694119646
1.17222041186413
-0.56015902193047
-0.220593444357976
-1.17265963251347
-0.801175281889966
0.435487793083287
-2.2289856653775
-0.58677620949376
0.174892092418041
-0.271033586601254
-1.87187190220462
-1.62839037193118
-1.06444096924493
-0.731020717621588
0.363703746449543
0.858495132489201
0.144252674750008
1.96016084549036
-1.55595652589057
-0.514942034385616
0.924900958575433
-0.000622939602261937
0.110400762446979
0.0741712422708697
1.77791669340547
-0.318921879153339
0.182391747733612
-0.433418247744923
1.46092338339758
-1.72157641975016
-0.316407371542609
0.377447824102962
0.658991328510356
-0.798856711592958
-0.868775391896683
-1.3176439209731
0.333381180085425
0.986978139913738
0.00551649164794478
-2.88855080497614
-0.616005817520972
0.400760303011606
-0.45677762869893
0.498311875828835
-0.119422210265247
-0.917795692236743
-0.577879899423671
-0.629344397554973
1.0838403754522
1.43279239607311
-0.156935971491949
1.90228643753638
0.13912507090477
-1.94166405775185
-0.0797648419873432
0.330648771219859
0.954898424749672
0.322899957831649
1.52837070490716
0.589770884394349
2.2126810466453
-0.249963087287504
0.36487995552344
0.160825287178966
1.74703999531113
0.36123169760765
1.16106907558643
0.039840515452294
0.888960885022609
1.12652613534305
-1.03557307950188
-0.172006696159522
-0.169841640017813
0.297611611261274
1.47708289201435
1.54588112710852
-1.98496625490158
-1.31526185537083
0.796548405184542
0.401216447347939
-0.934213163297836
1.07500187375034
0.354569043059719
0.0286004325536966
1.39904636465998
1.3788114640989
1.11938896110752
1.52872139210476
1.68469488051001
1.57499477928268
3.33177862396957
3.17197835621798
3.43312745673156
0.387902425204063
2.65055416438697
3.80071891673835
2.23824054475013
3.56992898763138
1.07723361064628
0.688729478901621
1.14623485318914
1.6668188010575
0.998985129550966
0.854470996075735
2.10091462882526
2.20342972702824
3.67024296604761
3.57420104993861
0.766101046653615
1.36322589194531
1.77764239062535
1.36185072845306
0.934461343843362
3.48673657857607
2.84793359573395
0.233014082022109
3.53909689502027
1.65061196086417
2.40456563583878
1.70977375123134
1.32594509569639
2.66095370397027
3.02925528440118
1.41105881596084
1.04915357561807
2.10916769745598
1.70866807060733
2.35098425351946
3.27640480264593
2.84956892692622
3.89442287289989
2.40419490598971
3.48529664389678
0.0090010226621029
1.86239256204792
2.3026773787899
2.26950268964131
1.08386803888875
0.843118317688371
2.04147063656872
1.76927847252034
2.3815392199237
1.50156462220011
3.97750957974646
1.73060002379983
2.98626281154948
0.716641373931394
2.25767833718037
3.05968690504471
1.20741252682248
2.64154938831535
0.0857451572969348
2.50486125085477
2.89500514431223
4.4041273573064
1.46498194947621
2.18824078171645
0.193824905743282
0.583861585968166
2.99524605415343
0.757063262485393
2.97148559476743
-1.49532294252906
2.55835981989358
3.08017732527873
1.75924183531961
0.358631466162852
1.79841727715716
1.73791239252884
1.34428707671713
1.83411264998877
1.76326117277514
0.852751819867179
2.61851715498663
2.24405073508907
2.34003328623368
2.19833165053626
3.13331029842471
1.95298160772028
0.353659006568599
1.67286742355091
2.33648789082292
1.49210080514517
2.1927702709483
