0.54582147882742
0.303098799890987
1.04636312962996
-0.336056964843505
0.479281642749619
2.94453299900511
0.525003735943648
0.777689653843457
-0.0153297086264469
0.0231762256995228
0.276742591453279
0.268791312590929
0.953833453248211
0.436483294271369
0.136964584777845
1.5081028963512
0.123905921823477
1.12016900948067
2.16342387509266
-0.0329398268370044
0.276779651269847
1.71996208315143
-0.0826985266069383
0.74158212641937
0.824411946705217
0.651227060458404
0.953455890968563
-0.44262707323893
0.567794710988955
1.46842575703133
0.454985355674193
1.09493041024806
0.922561379678091
1.38066280533901
-0.990016683960537
-0.0962090437474369
0.994008654323916
0.886267951580263
0.241021062533266
0.760707803926147
0.69662784983694
0.379318182721889
1.33931676027994
0.549435500284904
0.278659713449039
1.28725693158375
0.726895878082386
0.570823000701756
0.0332261653085174
-0.39953271040993
-0.0540252000772398
1.10756714298203
2.19491368446013
-0.374319823784837
0.479082741855465
-0.288560213661323
0.820353458843268
0.31802713611929
0.218904457588741
0.274044566194237
0.762745026185101
-0.112449755663208
0.541020161986845
0.591150794112182
0.540532853532565
-0.0397568135175981
-0.137784050444264
0.822044562300059
1.27233713262674
-0.345946627170913
1.26961400977258
2.13395802642381
1.0865329319259
0.654975333307371
0.0640350767709835
0.638566429302955
0.750391344868516
1.32971075923965
0.558821980680859
0.526932204671358
0.675528523031207
1.22489668795354
1.16338015358876
0.205243074741098
1.01637837879245
0.927845833877797
-0.216296576054627
0.359234573404493
0.333474843368462
-0.231769866290316
0.381824371899668
0.324214650439445
0.831524640846447
-0.265027176868194
0.351931169077947
0.730716761138684
1.47515170787534
1.48354387239848
1.26767089452546
0.654695493103839
0.871114740093702
-0.405230147857794
2.38661447683534
1.54105298210365
0.452158398741077
-0.00356297353350205
1.17793182518971
0.979812719691648
0.358230536793742
0.864682665792345
1.57415118882862
0.53306421770254
0.650166080625941
1.23615316199113
0.328644994602315
0.996279851863479
1.96260756335231
0.752084003980894
0.690908257139575
1.11132010000747
0.569083363821062
0.452556240996633
0.641179790824707
1.4992223087194
0.741422692409329
0.188378991908207
0.427338912254612
1.69726188177893
0.398530309849352
0.118608226394861
0.187896688713883
0.43695622232135
1.1274528803988
0.727671170795311
0.938121823423637
0.320550427975713
0.0549676465319446
0.606165357289888
-0.191469852303971
0.834765706791448
-0.194015096268625
1.67048334406453
-0.171962612873929
-0.241379647488529
0.552083076290656
-0.289548223157405
1.20704551052818
1.21306090919432
0.64683084626519
0.881325087266136
1.11648428244587
0.244288381379783
0.0528064655533147
1.74935041342011
1.67670502685247
1.28987890282135
1.42665477219227
1.72621954438377
0.771145675321418
0.325037490824832
1.10397318474578
0.643451438423054
-0.834148260456887
-0.429389385775135
0.75433654747776
0.483736071155761
1.73571943438533
1.25740181272487
0.197645706250197
0.356655295706291
0.961923225300914
1.67696440171488
0.475688792980408
0.349499869115247
0.602802175166198
0.701211193970458
0.609334085830246
0.563865280779505
0.0130210720314904
0.390783200983363
0.193075709285216
0.201461293323182
0.711900705037427
2.62181903276102
1.24616736681013
0.830222177766869
0.637727783667981
0.526832319238234
0.42076092331678
0.662995313999389
2.27795236009501
0.13395443870824
0.333196509183079
2.07598450432021
0.70749970294869
-0.789238675879973
0.254179609891876
-0.483013786854913
0.839690065745834
0.79630446761296
