0.416499998062248
-1.30927580529229
-0.391070731886713
1.2174208561626
-1.23603283742984
-2.00856838374182
0.439166768332748
0.0311279716675934
0.0600930306404512
-0.345400644157087
-0.859672999704474
0.515123640475154
1.72965601878535
0.89275821052459
-2.14006437371254
1.5157469094109
-0.0176930959881576
1.07362228323299
1.5433333799384
-0.123269027797417
-0.636361358259757
1.20292343964198
0.738403862834449
-0.584970503677837
-0.178168402085014
0.44187541417249
-1.18433835951903
0.114720342574131
-0.641507538431892
1.00674763309297
-1.56832272674862
-0.251367934523413
0.0802490717147911
0.976144184401528
0.18984122007229
-0.36533360840357
-0.962349770581562
-0.0767473043426209
-0.109086430734459
-0.0983857498651996
1.50742994284098
0.123237934109182
-0.870241761444205
0.0516990302454753
0.859204636738864
-1.7715135017382
-0.102338359674246
1.08691223329229
2.15393027401465
0.154346301125538
-1.16015177328614
0.196233570745157
-1.15940369117258
-0.277200538741429
0.22878073483656
1.06414785053675
0.251773424648488
-0.694122311046845
-0.34850909313117
0.524903008619616
-0.763975745450789
0.611736336391897
-1.16447092835203
-1.32942471314124
0.915615662014725
-1.55944197000534
-0.0460614267207925
2.50117125072278
0.120453763978978
-0.621275199699461
-1.08280860990263
-0.925349514934034
-2.22712651675582
0.761153194518631
1.08803802904949
0.88735432150312
-1.291064368495
1.04166231254627
-1.2208570860764
-0.0520029258371816
-1.03012079667858
0.661177970877551
-1.15193595945592
1.07004218013398
-0.723942769031479
0.236646711973233
-1.43950533707133
0.167554524955059
1.28449693090374
-0.814386136075959
1.40141129005356
1.63723960757012
-0.604997416348856
1.37343255050316
0.259687207385921
-2.28171290104397
0.274689703447481
-1.54210515780417
-0.671012185677911
0.0826940231480618
-1.77192748524937
-0.685919783715846
-0.334331802501173
-0.254196243623229
0.926515875372889
-0.581513841166275
-0.575106353737672
1.29170715837875
0.274907498532284
-0.892961451052443
-1.88616831552664
-1.10377126307922
-0.315785874343684
0.106739175038185
-0.797741008435299
0.194907961094235
1.11797935671071
1.70885306973568
1.92090349709722
-0.176344709212487
0.425250769277271
-0.503602202380795
0.140724734723672
0.168110912706558
0.764052048307808
0.671668046584243
-1.06446509879452
-1.46889270864208
2.08517063421397
-1.24194129086571
0.038965126052146
1.63022818928324
1.62616302194674
1.25686867500383
-0.88102288824553
-0.91384235051532
0.416723029134277
-1.74009610967047
0.0967221059761963
-0.851683248709485
-2.36660113572729
-0.955750255597896
0.904477751712718
1.42389138241763
0.674129603357967
0.694468738369283
0.148430253473365
-0.212274639725015
0.660363619869438
0.245473943563686
0.110942176848959
-1.15982836928851
0.352239470674122
0.897135535774746
0.370160668770083
0.640399864878633
1.66962055697234
-0.3802855571279
0.0664139708817835
-0.737697013233286
0.245877690662971
0.157254771393094
-0.329416592036801
-0.594319538447624
0.951214660114411
-0.391907070293823
-0.124672496499508
-0.654591508122895
-3.01448502243335
0.946466385993569
0.0549105560193816
2.12601492117249
-0.424137781629621
0.0422764423110266
0.955620609762521
-1.0116822846196
-0.556646999525861
-1.78657781402618
0.594031108936305
-0.269588719454665
-1.37738628260091
-0.256912427599234
-0.341269342445675
0.222534005925174
0.775791274911929
0.122062696970657
-0.421623631851229
-1.18980706720052
1.51613006873634
0.129204655404693
0.0733724947609232
-0.411180161924291
0.11400371994695
-0.087371301493812
-1.12974187616679
0.727174982843588
0.137224414821719
1.15084143556024
-0.438980179939739
0.998661869653242
