0.189939071097496
0.0289688506417221
0.352080810284936
0.105568203732221
-0.0463767507398387
0.883109313473979
1.5461546017147
1.49320704707475
0.89040164484172
0.26103067464412
1.41949637389754
0.0506778233499334
0.202313443284315
1.12909791230621
0.567514244121463
2.25880642998972
0.0235789060694009
1.33445625819956
1.83638004874642
1.27451458913623
0.95334485842771
0.487135737898041
-0.0158458468575124
1.66101979644848
0.324927216386879
0.907329697224507
0.422833185740551
1.61461741089095
0.801666948182052
1.09049729694952
0.463050592118865
0.475175116084351
0.879250511436597
0.718663841148302
1.55952321118178
1.16808372197082
1.09928340466884
0.0371039013488765
-0.312041358789981
1.39090351675969
0.356725387388908
-0.743702457878778
1.23318033167995
0.602741091875647
-0.128701064833036
1.15278966228911
1.0641016367834
0.058969970341015
0.542109896824535
0.749138801477609
0.721834383049444
0.687393354294935
-0.419141239782388
0.254961261856032
0.904024298007281
-0.10384743428499
1.88045572411955
-0.295256420249246
0.806889755581201
2.5458528385578
1.42511188970948
0.411560505987392
0.151521920512986
0.45217320334748
1.38174946900984
1.41117479059803
1.34704388604206
1.01551295136208
1.46075698932703
0.534909054223278
-0.536993750343964
0.862546217218562
1.51022301718879
0.976904110106822
0.948795656099854
0.221543181102697
0.277356940665632
0.210144068306489
1.41819302139278
2.19055950345043
-0.00156447026485018
1.24973383919922
0.590912309037255
0.12590318860522
0.20158077817183
0.362360371273845
0.536832355317384
1.05397849373348
1.55375191268246
0.00539714863826146
1.37243187878679
0.156007089305766
0.338509446291851
0.283777468978278
0.629336543352044
1.9235490680489
1.04956867190393
2.36306111571534
0.795891297597657
2.10361058110166
3.65260315220897
4.07018917873568
2.05274983085636
3.98070284495135
3.13461850272074
2.00130638166413
2.22481166622385
3.33125880789468
2.41576299856721
1.91905427629161
2.72666419393647
2.20268154022966
3.87745403755109
1.72007196253858
2.51140582770604
2.96214750761308
2.60849738702944
2.38505657109775
4.43595277222168
2.28965832344956
3.18595423623905
3.7179310138959
2.7998260771571
2.9929631586856
3.33132951379108
2.56684447907956
1.70961490986568
3.30929553514258
2.90315807093014
2.45963652991547
2.04805371202657
2.28777440856063
2.63279607373689
3.1210433182748
3.4145839934759
2.85351732427023
3.26498518587597
3.8491844477922
2.68442559240398
2.4700608245873
2.25239014540476
1.22540475946641
1.81731679975155
4.00572740065237
4.47745200028545
1.95925301288063
3.18416214786452
2.73064670955492
2.7482672784564
2.2218890074212
3.95101077495464
1.60028556368823
3.7309127240414
4.7332965138896
3.90118040583144
1.86337734410393
2.7647092129095
2.9459161855012
1.91568598700731
1.62582481133524
3.72894087405298
2.2524889233297
2.86636573132055
2.06713031258486
1.66201458697912
2.52495330105034
2.6300897131743
2.1926200121298
3.42347317108139
3.25340231300382
3.12808857319317
4.5485933320768
2.45153140817359
3.03032308111481
2.70189359954234
4.17000236329979
1.89601133716918
1.6006733750057
2.08703139907112
3.26728933866338
2.43952654014806
2.61962969352927
2.63930209690103
3.50756408117826
3.81897762799317
2.32147203975313
2.69987812063411
3.02356477228951
2.16279546830711
2.4657001826265
2.90820949680234
2.26576173206121
2.52836402442925
2.39463253817614
4.19362883928605
4.17407572638797
2.66944951736987
2.56381618252465
4.05920994427442
2.87362970891345
