0.125536023007488
1.55904954758973
-0.00891938621584258
2.07983622448656
0.990535746826678
0.18160763656164
0.866513183865351
0.927486306731213
0.734648966873209
0.973408726413598
-1.01295884125681
0.517480790308363
0.946484553397711
-0.178085175810549
0.835734672003819
1.57663265593848
0.612797566281177
0.362788921411294
0.449972738753536
-0.299268311718026
0.83355755340789
0.50004360328387
1.10488242869401
0.431686511134682
-0.127324390484844
0.181582661525127
0.15208142791859
0.59020803621854
1.64883263973801
-0.326583061069275
-0.470009185034013
0.564656387316115
1.59421557622268
0.00310039728634787
0.68974649254582
0.623378665876149
0.894851902161165
1.01281455096228
1.62709056428544
1.19469727110204
0.942033787891413
1.98284239635722
0.831297706613956
2.01648614784504
0.2683406044101
0.353723646886086
1.43804245210624
2.16408017574245
0.886954539678812
0.306491294109572
0.749155603262747
-0.523874258913834
1.66157962019156
0.271593993514664
1.51886278469698
-0.999664788971469
0.199546166341666
2.01162263789709
0.0463637436796191
0.874125747008778
0.386550034154215
0.214220150619633
0.946536767244578
-0.271479800916237
2.37405419969811
0.913601451398839
2.69135080921596
-0.052637985613199
0.0579413232364843
0.592614215520801
0.64032790124218
-0.249792565355681
1.26258995280554
0.337776230351568
-0.159870584713361
0.620651760688826
1.41062785191937
0.90305486744406
2.23982572633858
-0.223380719863969
0.10363679350924
0.746549235134313
1.51669931682757
-0.485529060647757
0.378635482398973
0.746989816698235
0.179764289104313
1.04621244380232
-0.181262072160676
0.784327882195162
-0.0219614945176904
0.933995440951123
1.50313633059627
0.260398639646359
0.416822140379945
0.18402744364118
-0.455462700469225
0.931232254799837
0.657862769285208
0.542085525802851
1.79344109882601
0.0729612106637337
0.308557098386162
0.45178587681426
2.69471765120328
0.558208146952609
3.03938866371897
2.34826816177454
0.901016471844785
1.47018835098107
1.80524866396234
0.999570459000585
1.73865895688724
0.0178891604484613
0.986431722129133
0.533621809556607
0.740029816589517
0.492230876517487
1.83081364150438
1.68175249668516
0.84647346361692
0.163646585974608
0.0838666310333752
1.59754418493292
0.0188199698580132
0.664922006248564
0.156263491422816
0.133845715683444
0.0099275584027852
1.1219216940322
0.551898927760125
0.78867575196123
1.72979413845656
0.548378625268803
0.50390759626093
-0.0359712765578908
1.36071149424651
-0.275647599882136
1.31189257107272
1.76675328401208
1.2711142064957
1.10361124461476
0.167857385523274
0.38097750257073
1.42242639699216
-0.396698657736193
1.260573200568
1.3255032634539
1.18071788769899
0.66386428165032
0.996042822188785
0.883324831127711
-0.107316157767077
1.20635853304971
1.82000550536592
-0.121414915517279
0.174744947504511
1.10727761921068
1.40190630603198
-0.372053605384714
-0.232739399120828
0.373035135610029
1.17785065558326
0.700325495310286
0.0194235090423172
-0.223438212792309
-0.246382036711574
0.806607390678389
0.889686446559567
-0.219288246826578
0.263725470617969
1.29667395012526
1.26240257190055
1.17462447355344
0.749607574300508
-0.501518563433605
0.258947946960885
0.806820326396117
1.2881496537002
0.561244877635839
0.725431649421847
0.865181195799336
0.828744168080734
-0.00903867299183336
-0.0380627675163572
1.14548370669312
0.894795170797228
2.00418840370867
0.771155793324883
1.97784875655924
1.92757308367363
-0.0815532963022917
0.439964169809258
0.0896144406719182
-0.186874902048249
-0.042593247456121
0.152838129521867
0.743987073088887
0.31150156097881
0.166445050953412
