-1.43444893975605
-2.06378527733239
-1.06059206316139
0.344911253009196
-1.01259793642892
-1.0627169040042
-0.856583534918959
1.05641703240696
0.721364960424481
-0.0575709016568717
-0.325171091671254
0.372364818824902
1.31191725969975
1.62547286653638
0.20332319388257
0.934915333663543
-1.00788996182235
0.286432007541217
-0.801997764432595
0.0272883575929832
1.4026371793672
1.09082037795903
0.587283110874762
1.01392869048849
0.653956841289987
-0.0548461563852753
1.19640076372645
0.49627090159928
1.31009858323708
-0.00617137962778011
-0.872426405492467
-0.327573912935619
-0.162020374986504
1.30195186510418
0.713843890756225
-0.236371459129786
1.03436082928741
-0.207976315907148
0.263430531178885
0.26781138882304
0.636570321015248
-0.163227194188462
0.128208251083259
2.57292108998786
0.355406068454962
-0.786934742044041
-0.938307752967631
0.966900787492333
0.463497946277484
1.04695055148472
-0.470597533613834
-1.46903267846678
1.16918811432136
-1.98651839815547
-1.38929463873008
-0.995643472461243
-2.01547860885362
-1.45671588911349
0.865173656327447
1.72962047680336
0.107946365342927
0.389512829134304
1.51754343576927
-0.20252620244937
0.408834538301221
-0.726493061645361
-0.19028145827926
-0.819264215409261
-0.986308490945715
-0.31504669719082
0.652404853242441
-0.452109705158108
1.66741578793456
0.847533290541711
0.454616852955158
0.105247124083794
-0.531962811570827
0.334000638158732
-1.48994120377048
0.967569943335787
0.680219502863339
1.72723384642622
-1.79423503216911
1.09315710222215
0.535454166123101
-1.38683027455014
1.04495758185265
0.258897661766462
-0.34062471628998
1.07816321092806
-0.441452435220822
0.392752374874816
-0.292179717500365
0.698904489947354
0.0978961244893389
0.234869142491958
-0.375701807218131
0.0392258894436431
0.710691949310552
-1.10488057372645
