0.354241760603937
0.269320278559577
-0.139666216676362
-1.11336782872179
0.521767159831728
1.1237125134852
2.58189178356083
-1.00957068799731
0.905102925575864
-0.324168967879435
-1.03432494542313
-0.0447967016602369
-1.45808022456657
1.79603209512094
-0.520412214506946
-0.300688737107411
0.227550623932038
-0.229379834603197
-0.610734101421281
-0.845676314018513
0.391489611288185
-0.10173948784452
-1.57041292629038
-0.975966216202286
2.81085461261205
0.576242297889881
0.805913621113414
-0.708602773418424
0.306096944999512
-0.48265032150999
0.527922195744444
0.344519801418816
0.586967079785847
-0.153426293096477
-1.60699533142934
-1.22019889432126
1.11257498785527
-2.44528798371986
-0.672787588704878
2.1220573998987
0.242545035993451
0.443665140152094
-1.06516789632038
0.456588833318955
0.268477889786862
-1.84166670733677
0.71062045358074
-2.08593226134674
-0.929246595939515
-1.12003017149044
0.725045706278814
0.176267829766348
-1.46527981226827
-0.705387648600093
1.3638230993924
1.33354030349556
-0.178354643122254
-1.35053718661716
1.68542930521879
1.00996534606678
0.089348209790704
-0.0113837687808511
-1.44385052546594
-0.661691791364149
-1.39238334289833
-0.571180825953079
0.49983705737
-0.0986691003906322
0.438389232036871
-0.746722432293076
-0.0534542408196963
1.29661319470731
-0.0553854291400424
1.86922530189251
0.149258615173196
-0.857004129678419
-0.0575910527680734
-0.428359869669135
-0.184759397895427
-0.307549552128328
0.73364684268436
-0.367403577250298
-0.437177130148086
0.318247240756173
-1.00257510538695
0.642524228419862
0.504087041941321
-1.75954593396628
-0.735386144077639
-0.291949169479349
0.351070014373441
0.884201723965012
-0.112854345871361
0.269724378872103
-0.428124924364707
-0.967652905657095
1.37628024286232
-0.99410125308191
0.353811156270684
0.220711286026008
0.111108651698696
0.230371862309445
0.903146755740861
-0.500019838634121
0.205180712910273
-1.01580935514401
0.774739241318823
-0.863636631424817
0.0664901333877385
0.108296998540139
0.384862061714734
-0.253390409036733
0.460166439370194
-0.863497498987764
-0.835196655826162
1.33925225701233
0.329934324788883
-0.144135560706889
-1.78271016415774
-0.813373807117401
1.12983226091955
-0.101110236222598
0.255858325833376
-1.37263115688536
-0.066837883490949
-1.36668478270206
-1.99212476893245
-0.0193227234745252
-0.0310470580845838
-0.446784290659712
0.917717589285836
-0.672500557473132
-0.0990814592403974
0.666083127139891
-0.772229210909785
1.02335021935158
-0.56241708598081
0.23492190351843
-1.74555979678406
-1.31501126802639
1.07331565053466
-0.441489461086868
-0.354262949729696
0.136525220828635
1.57283437354767
0.00164075172328612
1.63108956777451
-0.735233604330258
0.00203259202633066
1.60992009814893
-0.96558986219349
-0.138931385432712
-0.626751734798429
1.2766739614305
-2.26940568670826
-0.251201394170104
0.871327952107825
1.03691455993756
0.475591840927709
0.692857639206039
-1.31485576609922
-1.4835071239462
-1.34775571375278
0.708242487149846
1.49187684046863
0.246025509824805
-0.353103682479866
0.124600678679991
0.588151515042161
0.591244011191578
-0.400289216779762
0.97337779090823
-1.16028564755561
-0.947880421116112
1.76728170488447
2.71046516935501
0.599736082202604
-1.18194762524457
-0.48289251172137
0.35622335121586
0.399341785786788
0.188509775604271
1.28181810235951
0.083169035972613
-0.159378520973213
-0.778497508435179
-0.795890146885708
0.3731832888454
-1.49330491164725
0.784063039674676
0.367241742058314
-0.0436753754839128
0.683124713449443
-0.951312665990572
0.731453671776014
0.159551536373366
1.08275630042636
-0.191754300773588
-1.41186058793729
1.47443335711428
