2.05639100163507
0.304956856563228
1.78334887119926
0.624802372100934
0.54139753339317
1.26484397170292
0.14107497653905
0.466968092974542
-0.423067309199305
-0.0851177576217654
0.264323994401113
1.1960799138498
-0.179410644650521
0.455698465870853
-0.197688849306869
0.789097294337805
0.352877374694885
0.46059291771308
0.203862749672214
0.221273770882052
0.495524618371882
0.216542636036841
0.317520548348452
0.79577721951693
-0.943098715011648
0.69234975264833
0.468273238276992
0.401469863215697
1.39871745315781
0.428046564615591
0.0493750793211616
2.89927415428467
-0.0613512976931834
1.9858876712055
0.370212159950665
1.09414658333227
-0.687546792364926
0.298855029259739
0.904310156092002
0.723448778036063
0.341376056278977
0.465483985784581
1.18962720016592
-0.359268887263332
0.840235294085672
0.053911451153133
2.28798157359768
1.29499549379275
0.681837497138626
1.08509912039505
1.66203711778274
0.516755127559411
0.350680758950248
-0.0600476148645526
-0.241127911643495
2.26041113492232
0.758324991269275
-0.0142967150210569
1.80551331161382
0.918905538672207
0.50268440029224
0.520369669191537
0.633888215360779
0.773745285693002
0.388703921626214
1.69482289933462
0.567083905039593
1.84760686424759
-0.217846307121357
0.973266553142194
0.61470365270034
0.264101520782668
1.82255351685168
0.0619565152364683
0.886505550378693
0.175686053786459
0.83752692533261
1.37057788034002
-0.8373602731557
0.296724116938399
0.738849689124543
0.654874127900051
1.5565424479342
0.259607652829719
0.442884294255507
0.862662512866968
1.68387391949331
0.200382420347403
-0.0991685835511087
0.227177062026276
1.10488851414225
-0.00385363146660134
1.25579278132943
1.02932472701488
0.824697748437512
0.581237411711729
0.172074288973906
-0.793926664306789
0.963988670578752
1.29298495230777
1.64209814396046
2.77142589019641
3.07796849571061
2.74850810045338
2.33784899503594
2.10130500412132
3.14266801872529
2.58465137941921
3.24104503404093
2.28615052101109
3.38534408065785
2.74047533306072
2.67103812811086
1.94165487572486
2.19435787914512
2.98123808134798
3.43711811223238
2.49445531289176
2.2714427809444
2.53924967529476
2.99103876253689
2.90601567948725
2.82331190778295
4.32124496350839
2.56508237878903
2.40844912693746
2.77751487277694
1.61551780534885
3.21259593568982
3.38817380970148
2.1943776910417
2.04129864239461
1.67548744568906
2.83434772595684
3.40764816287525
3.44606747769686
3.66826909252351
2.67812207745901
4.13298113822606
3.32304646177207
2.28924194226232
2.00506121984962
1.27592045841717
3.45555612176348
2.8020624628488
2.74725347640309
2.80273016394316
3.13656663470273
2.16428662151254
2.83264872229919
1.51341535446261
3.75409552306674
3.21493775480141
2.26529792246787
3.00813796793945
2.21703397227223
2.8060973459894
2.14212237451392
2.4333735513079
2.82117999334204
3.20361796760319
2.81121703796628
3.7559746223287
2.13235236075329
2.69675555179031
2.72403582563616
2.71834810036086
3.48344421177437
2.44922737502807
1.95839242749334
2.59013930385099
3.10828282191364
2.11905834716632
3.29490650769006
3.7226506632723
2.66121547064025
2.68595623693571
3.00553446433911
3.14593965676282
2.40894621295481
3.25423329717684
2.91393523417876
2.68650863725829
2.12592461314412
3.0113640800682
4.4898361653924
3.05924595568183
2.97995292732392
2.68959941089356
1.94904284019056
1.58319781619775
2.49303335864184
1.62386633318317
1.67300286083943
1.77619513299957
2.57128199553924
2.83281846523329
3.4920498147814
3.55249696215102
1.59152040829327
