1.17195530464683
0.358563489108473
0.431699566199869
1.12783908111007
1.19393211997252
0.485897449161963
0.0302369633966015
1.37889688433152
-0.357113171687433
1.80469189114673
1.188528890005
1.10995918187807
0.134473789379259
-0.0684941675629013
1.57180008225307
0.193246282676954
0.310723359399332
1.43083374538292
1.26498096283011
0.531590700245682
0.837873514911671
0.716381900924357
0.876091479216862
0.122993270142411
0.490398077080352
1.2639448700374
-0.304778456459056
1.46077931132834
0.668707295598645
0.279745893185519
-0.500522698245771
1.43308749397517
1.11340580881208
0.554586331529953
-0.0256572969804009
0.417098602813362
1.89371262713849
0.0984054007693994
1.29985320398613
0.516897357356306
1.05457997112233
-0.260886290697929
-0.588476691568364
0.715442456965239
1.78126911958874
-0.133082468574779
0.511238409531584
1.48664380380568
0.453578323762794
0.159973950207935
1.01710578263097
0.842188475890119
0.444508106515396
1.52413077291186
0.101178752620907
0.714782958818206
1.09194693352872
1.01928349219979
1.19715193501383
0.617752235263759
0.834605703476005
1.38566572685168
1.88896497850189
2.36189910515586
0.0722752974703556
0.708815221789077
-0.943831783762166
1.06640584841143
0.784515248477705
1.418214862552
1.6992262833306
0.136756276561785
-0.0567808362927675
1.66840477589006
1.29931981748949
0.910779882575011
0.633281806544017
0.751472325336068
0.695041593951764
0.727345484821246
0.900330378148918
1.80899785810211
0.423302800517227
1.96642375092385
0.653347940884229
1.37403784571721
1.22125572234838
-0.493782503185131
0.72429161676648
2.74612084644882
1.78672470238153
0.566373937635333
0.433467962621021
0.754920760037015
0.137965700593969
-0.0165272166999091
0.421357680982586
0.49142523822385
-0.0208410458696202
1.8848319380887
-0.149948807588648
0.695109952216343
0.97472343446797
1.20785699692361
1.49078431950961
1.36196342101721
0.713300176077834
0.25905862259991
-0.0478514810750428
0.570652633718253
1.78549658990141
1.13786173729204
1.47186124025359
-0.302412603559508
0.470558895729525
0.409117329368368
0.776339638952311
0.309586803399037
0.808145390999324
1.93271634571459
0.949039186538446
0.411017854776784
1.06395022706881
0.641471808004203
0.579866103032552
0.875908885077407
1.4281858265747
-0.46090089956646
1.47508446879342
1.04209549169067
-0.140767601163919
0.216495171917411
-0.0532786333662834
0.968641033601224
1.77180364421355
0.794053288751526
0.154134965056043
1.04089817137915
1.0840303911997
0.206980981690271
0.635388668149186
0.785568478430611
1.14333584461061
0.86804262885174
0.609593145778028
0.196596693529883
-0.130967565125612
0.242349840977149
0.424981478748967
1.35179235134559
-1.26661230397905
0.335410914434203
-1.47462230188663
1.98380562798794
1.09440010355856
-0.624360429873943
0.096822572901531
0.790249254977957
0.718952756166662
0.253185494647541
1.23193702362968
0.342905191855855
-0.519217374250792
0.0575165992686586
0.0450073646189752
-0.464277780192223
0.501711015833785
0.835587213997604
0.490540159558291
1.84954960348549
1.2531013507863
0.939589178827775
0.149340882236149
-0.351365357830611
0.752159424874773
-0.221513928062893
0.64211162298027
0.803682138979514
0.734816429015677
1.18455532020839
0.181340962076927
0.27732312022575
1.00242940124531
0.237722657963547
0.102201600976955
0.12345989540199
0.225610087426795
-0.065911346534701
0.112161772140751
1.16716940007196
0.823715900296793
0.305297967575996
1.01135724293091
1.2299177321094
1.71381496284345
2.49263580364806
0.569135971232022
0.916972403537892
0.699131454062423
-0.29001394959991
