2.17314397450157
1.47694563279438
0.094031085550687
1.56485633182468
0.217940679749863
1.23139901786167
1.22192715539837
1.16732802363449
1.68292840925539
0.522027875437297
0.393178401596249
0.936155746847234
1.43115122509255
1.5707784101638
1.1430464919503
0.12009126469172
-0.394805936667798
0.377234293160617
0.672374061771842
0.541425109480918
1.12277374240783
1.17269597135956
1.45870152379198
-0.355436582121577
0.0198743295465178
1.46840533459762
0.272054945713863
0.718151790759068
-0.183189548200781
0.0960834822955574
0.12564853196788
0.809296953258864
0.444324839962259
0.0738786695182702
0.444960856517385
0.806695145104035
0.528151854817945
0.955287327697062
0.107866817388169
1.51567445630107
1.21109398295288
0.332975311784714
0.526260875507698
1.17237205838483
0.61748953589721
1.10143357026468
0.249864574156324
0.117319068899033
0.614567824587191
1.13713785260994
1.43978232023987
-0.497297107745119
1.27331118252039
0.790378671628907
0.342590987475766
0.85801807275209
0.149122142269947
1.41267671146715
0.592717832320251
1.18318755831768
1.21093715006412
0.428789016463181
0.927155818541855
2.19890907072281
0.594639776851429
0.216816009504696
0.616783804901385
0.0155193693544747
0.797773363260769
-0.0518067628292409
1.65740128080459
1.94188358340136
1.06049549261044
0.815124612120707
0.433054806689772
-0.0589701724642446
0.0811717929730874
0.552459801013875
-0.0779925412122846
0.172207185833512
0.306552295670107
-0.0465045826450172
0.315039273562216
0.728169880754833
1.62803268931553
-0.220134987042639
0.906684426427999
0.529523273804293
-0.251367688993094
0.556971950871166
1.05573755370862
0.838866004669208
0.471740864526802
0.369706553850132
1.90642798321362
1.78590875680597
0.342515293918252
0.36290447312726
0.138314109747923
0.548852458562291
2.57855834888087
3.33649705530144
2.82671178792324
3.55374712712034
2.40793098521986
2.52689937073213
2.39934019738766
2.06243763705238
2.60568209960508
2.2901192294346
2.08227683648646
3.10895975387431
2.90666631790789
3.87876172536373
3.87226525226404
2.89196587420682
2.82299712615713
2.7961322576811
2.57566983560723
3.64089082011057
2.78375829983438
2.71667118282502
2.80005353152445
2.72613815368026
2.3722880265265
2.63613389257827
2.67211142091308
2.32451499672059
1.79922008205002
1.98182047092643
3.14298919008805
2.33403746230251
3.15433995347361
3.24398581013035
3.46057163461373
2.9557378263945
3.62776301839844
2.82727722153308
4.39930911559891
1.8731003900635
2.27917939652055
2.58742058679457
2.23153641440433
4.1973449960219
2.75946133571461
2.58611060530708
2.09699059336033
3.12818160108884
2.21725169085958
1.27443753698493
2.47625305062443
2.98426746051192
2.88887333791809
4.35602249740215
3.16520098317889
2.22737519582746
3.07664258760607
3.03592585783801
2.89550725636166
2.17405166643993
2.12110583645825
2.11744509837444
2.67938591826142
1.27397959370537
2.89048130675495
3.09033922156342
2.71756866911343
2.77461829447116
2.05641538359642
2.5083386299188
2.7217906869109
4.08029436177224
2.4439883566557
1.97388740004936
3.24118711223965
3.2546283153777
3.62631160653886
1.9756051050499
3.40556641955283
1.42740362229969
1.60532066086398
3.27288208804466
2.21098530871389
1.59032417217379
3.47490014092069
4.08299599047858
2.81141282538774
2.42266946609458
2.72577459471974
2.25879442336225
2.61182781849381
3.90189097759241
2.79991104159005
2.79000970122568
2.29772874790983
1.97561647302451
3.83678154033352
2.46225288946233
2.23836985085024
3.04672145968311
