-0.711350167955026
-1.26714209475218
-0.913616605917267
0.102179861846272
0.487563799867825
0.159953749940258
-0.446578172533511
-1.40185463549613
0.293027167607794
-1.15397548308826
0.0944568657401006
0.732002148149866
-0.217250324659113
0.442650394340295
-0.0878238399965097
-0.0934008645252592
1.28067540557916
-0.347107030764503
-0.658912077161273
1.02425171817871
-0.442423672503454
0.443609492595627
0.191254723005662
-0.637709093067736
-0.171598727882221
0.947654923449365
0.0215915742912451
0.773171159008801
-0.295826227984147
-0.0402358699112624
-0.488615002170331
-0.279791562182699
-0.54791707392445
-0.870217438255786
-0.748697019502482
0.529110983796569
1.57967831214217
1.93178066711054
0.80401116184176
1.31540381782178
0.476027783308393
-0.415381929918636
0.173444510943807
0.302349961199085
-0.0190314575310656
1.43704066076715
-0.97214048154113
0.464951403815704
-0.845083109174993
-1.13762455618949
0.796699667432773
0.105583104418456
0.254120515575508
-1.3311504147779
1.62485083760852
-0.127623812498096
0.141910242612577
0.699892147028294
0.331953534351859
0.679008303992027
-0.354591082288388
-0.168857170016256
0.547429036831935
0.811613511951726
-1.83322723105366
-0.942481405636604
-0.404897264569287
0.678933700975658
0.215354494042474
-0.678033675750823
0.984919237505342
0.0267930541720264
-0.0104589729403794
0.150007133601472
-1.62578207740536
-0.633746254940578
-0.612695007355518
1.76562259770578
-0.0533515878457178
-1.03068367145257
-1.78682330153352
1.57958416156728
0.661982515233584
2.65998175741531
0.652577384453283
-1.25574430025699
-1.79196612964887
-0.100929204152199
0.0826079636297754
-1.3669616589563
0.352254083216158
-0.867360001095424
-0.0710161496540411
0.235473193748318
0.179614514094951
-0.503474108828584
-0.836144257369612
-0.734804350116351
0.623267639716808
-1.07491776429518
1.14182103804318
1.13225940357545
1.48179516230358
0.579632180593943
0.20402996717832
-1.34612587522434
-0.9431053235346
0.494170325523445
0.576105549000116
-0.9355820162493
1.39604461096199
-0.183554769637534
0.0679099027277687
1.07084795683543
0.618022919932559
0.35278862123414
1.09866102912463
0.665917738285643
-0.00577783410020983
-1.14629168523335
1.32042524317613
0.268347596480087
0.348692672842741
-0.182531597601417
0.4646902868709
1.76592381876477
-0.456146159247283
-1.11843187901475
-1.80470507988917
0.399363062287658
0.0271774756663103
0.177781819766298
-0.0967304370662132
1.08676975996754
-1.30762014072899
0.0455715761938397
-0.409639564815304
-1.34475217171925
0.599985185759763
0.867054740176346
0.578859130541944
-1.11753468693736
-3.17586469091819
-1.04621013114003
-0.569032826275741
-1.4239077992538
0.385668756811735
-0.0630798117653762
-1.04600261349685
0.465265938220278
0.352759141309453
-0.345184470725843
1.16518545872382
2.49073410999857
-1.06417836340101
-1.375264802012
-0.105118061524646
-1.29529910629621
0.927477635169075
-1.55114918785382
0.514992923807279
-0.75548204388965
1.11629570283606
-0.674825790402463
-2.22048317248766
-0.308302430191405
0.455486858699236
-1.84101789220499
-1.59051960239614
-1.01802678906479
1.13639317918778
0.874710129342541
-1.14877888333551
0.205339739455299
-0.894616589024917
-0.707130388513002
-1.44455384878593
-0.371129991835661
0.851639458257075
-1.19504956233582
0.342381159118412
0.907773978282319
-0.367617667763379
-0.570991027154154
-0.414141112546301
0.277184521632297
0.493081798157774
0.7709939177686
0.602402329261972
0.0149074278994648
-1.17478992060057
-1.59805459247423
0.712905651890905
0.305545781320177
0.589907663112645
-1.84733396359963
0.110627983675181
1.33252958195842
-1.26031700338434
1.09257532071054
