0.788179041492159
0.811899218789882
-0.134450367937783
0.187469856178193
-0.263231594624759
0.651225577781859
1.49586984779864
-0.187963267788229
1.46195282795315
1.07281280907822
1.35847169869941
0.787598882517766
0.466687482445121
0.622671723295766
0.565252855048077
-0.54669298613411
0.841979078213061
0.973459616344039
-0.0791597073927408
1.34480940821276
0.867043039861593
-0.0619963103881524
0.184993735687992
-0.123464564626102
0.562966376587714
1.79677211346989
0.462799305471363
0.818487036145909
0.900835351418679
-0.35251845974091
1.15657144218251
0.547156158937376
-0.0521318999117186
1.01649591077389
-0.414343641502118
0.393241894245507
-0.159237770827529
0.316823752583263
1.83178077021831
0.998361179807822
0.927643543084457
0.594596834015636
-0.187472794235013
-0.499296003583046
0.0830596903253867
1.76945179513259
0.998982067032411
0.996189872250964
-0.175672951349243
-0.133052859095932
0.643307577084584
1.05698394706157
-0.282544872932311
0.28848122023982
0.434895123967391
1.15164055564856
0.801913928245702
0.0610384347607531
0.548099408758344
-0.243810094833493
0.624872948613414
1.62552964460791
0.306617752624237
-0.0558066950978212
1.21022365951309
1.71319601887054
1.10650735652631
1.10073911149855
0.977346105291858
1.4741536143258
0.452464098922937
0.69274673314564
2.1217223963217
0.213486094971451
0.860818409050804
-0.0759865824574213
0.592121489849081
2.01914832050203
2.2904776298053
0.778904944697895
0.773953568206396
1.47244371089961
0.380907503218552
0.978976957766036
0.498902550670236
-0.619498182489632
0.382113959164474
1.35808928047487
1.88448455169092
0.494534025804892
-0.186397379131841
0.329019812131311
0.458129325757442
1.57521114518093
1.37145058300218
0.693916130445112
1.32667092346169
-0.52373745637608
-0.251555380553052
1.18704617639638
0.943194511318134
-0.116058940136707
0.380197338780979
-0.129859108324146
-0.21743944952371
0.797119053596591
0.0818480757502999
0.794200327356566
1.38918720048918
0.163706055812088
0.128196551237968
1.9693549933849
0.519987360151068
-0.171823766169039
0.597132996675572
1.34955444603868
1.29181315579155
-0.0755448019886839
2.41111646458747
0.324633164326969
0.83128364632082
0.245359738207932
2.21920464311266
0.346075260601878
-0.288345558077582
-0.0946530435735401
-0.231975848575549
1.39385496969853
0.587897192883847
0.525295118812957
1.09896552896833
1.50326797666121
0.268674587304394
1.09121643790798
0.0771276690350878
1.94546966729013
0.105951799478409
0.448691318701388
1.69839005742594
2.63244761054016
0.593946153007143
-0.0480712619059043
0.0242956036695424
0.0545375888861533
0.943879215936967
0.58439931264362
0.407174831334682
2.57522120256877
-0.314643458470551
1.11063285870348
1.43578054933547
-0.42857325455399
-0.200855672603476
0.344095054518679
-0.168691126273661
0.236193448693612
0.00512928918540631
1.09437961565274
1.06601177937239
1.74408001174202
1.35947285850803
0.701250502682335
0.79648253393149
-0.157666370504249
1.75257384843727
-0.433646038843155
0.0546624788503876
-1.02506890944198
0.261201274911984
-0.0476433312361191
-0.0838206905913111
-0.492237423945823
1.11304311380531
0.0979387798456326
-0.42073098252578
0.511097981856992
1.38019939477602
0.643747402646857
1.09785480534122
0.288576520280957
0.221523007372075
-0.105481276459089
0.486401702013711
0.572405964482982
1.08454001656379
0.471515610882701
0.592110003181768
0.223241577106694
1.91170458922586
1.36082084062934
0.156565287802179
0.621089810137308
1.03712289520237
2.23230207483804
-0.179523601907706
-0.657270777146154
0.242108107210793
1.61168477462211
0.784195668671631
1.63803063155484
