-0.42970307298911
-0.0259740482606895
-1.05347338226551
-0.89134223340578
-1.68369597183189
-0.871917745620934
-0.687544705125687
-0.591796847580333
-0.947350800570121
-1.50603509180076
0.910279002764577
0.856465941245602
1.1370948110361
0.555026734490426
-0.705332725403845
-0.230260966772331
0.493555756079026
0.990659505602797
-0.100371549811199
-1.18384317919005
0.377496077778959
0.640723686919733
0.435944626046467
2.30065542769156
1.30139323083637
0.159727506444942
-0.139540566580062
-0.397248003355711
-1.38051234554087
-0.915378726977645
-1.44937654318699
-0.978169912766764
0.249042457659802
-0.314159669421755
-0.721355960848143
1.16599602556423
0.456356847369695
0.620703233233744
-1.00482787893404
-0.0515711181185722
-0.14252092838119
1.5380744455433
0.178151873934831
-1.71691883896038
1.28376746240689
0.210203195741342
-0.704402520205815
1.94409193848386
-0.0219367265552388
0.0471584996079365
-0.283303191449968
0.406598447284345
0.645551598846067
-1.4639422401176
0.725426516252393
-1.12690351394108
-1.77808511533491
0.983311076861923
1.27486997380877
-0.533397627214206
-0.274295495451566
0.0409790277797272
-1.75191234302911
-0.0402565155287006
-0.185392360007614
0.448568641165896
0.638101451333944
0.290322274733486
-1.96247583366705
-0.924209388804522
-1.62133829676646
-0.099830858348531
1.71195118002997
-0.306119069402005
0.0373776443054634
0.500326588202275
-0.898870859375368
0.0581054440377012
1.22182597832047
-0.669068859864548
-0.180364950748955
0.54549097485478
1.78496389218955
-0.553190048313666
0.624511951814198
-0.899981575150764
-1.31485063644509
1.04866248659596
-0.754865863497197
-0.698727015393683
0.576885076744218
0.399116951288329
-2.28641287087209
-0.875562930380087
-1.24741701096169
-0.259220238282986
1.71680367817273
-0.32681974821543
0.114861621319014
-0.175072514633369
