0.021526297733496
0.298079479522128
-0.0146796840117165
1.01442506550821
1.11540766245688
-0.328954655573271
0.489722057207509
1.03149242390076
1.50308530531214
1.15346893933366
1.12313545491943
1.42627950649144
0.084756070803794
-0.104891804848132
0.911023558443728
0.716647764343136
1.46409383898232
1.90149760728542
1.50748976383343
2.01630465265601
-0.305748658813906
0.270561520924218
-0.220988546665756
-0.554118163408749
1.20471245057972
1.76514264411257
0.716640935983409
-0.175023944422167
-0.360713298676213
0.901402567472493
0.62602228857526
2.28563829949939
2.55143775831648
0.789116938579159
0.77980604065491
1.26767870588572
0.314951313992031
1.92966268431854
1.42720415580115
0.768364209109941
1.14190992932021
0.988879968768291
0.0814798181557725
0.463911724034774
1.19154708162924
1.65457078173424
0.721763456405478
1.42349322946475
-0.247467750808458
0.174128278352617
0.733096056871345
1.61071553268152
1.1870467963781
0.550479674528565
0.496734080175976
0.0655485050099711
1.94339701991454
0.742303840068486
-0.119372010580645
-0.479226957143373
2.05627866987771
1.39859750278723
2.31057838970533
1.68158060797411
-0.322751431124216
0.717145828204974
1.40523136852815
0.445606691607231
1.52017453422853
2.23840453807931
0.0900676742887861
0.105591865134844
0.313191527502999
-0.504731970041234
1.60292639996167
-0.221390245214169
0.159087279771233
1.45829378048812
0.423307498140127
0.154725207471258
0.931322147089783
-0.0624341033673686
0.460969982547329
1.28585285256393
0.635030258656284
0.878066291540232
1.21989838842961
0.291740703015985
-0.312673947750043
-0.492172452767087
1.56436054612321
-0.0473020863697649
0.184709834334783
2.0648487044539
1.16034282583402
1.00084791639271
0.679217469197778
-0.0537072939705002
0.52137176662642
0.57724475996311
