1.27883065728773
2.41164340753817
0.635049784276937
1.62040812255515
-0.198739701600196
0.781123142948525
0.31675320253218
1.30746962491314
0.072024657698098
1.26058603253125
0.763963215468732
-2.23459590496926
0.734694559551152
0.107294702559022
0.531019418369157
-0.364973098464429
-1.57322739737168
0.256394472808473
-0.0905262551520658
0.840033107243304
0.182841728476271
-0.175770705431443
0.361183129517994
-0.193563666955478
-0.71067113853789
0.981072377461349
0.946714357091683
1.54748850815205
-1.77910514230212
-0.545597335589225
-1.46907702006219
0.0874194465784461
-0.790279389595775
-1.58956061717961
-0.762200875846646
0.647147824490586
-2.1443919523901
0.939679259447904
-2.23714825127257
0.608975155828939
1.68564462760097
-1.04572464615628
-0.0372969019100203
0.74550091716494
0.236418329878205
0.904234934390835
0.568648688000935
0.936159310064615
-1.41171743977818
0.479198969054462
-0.0561845076227619
0.00440496754165221
-0.443365975595667
0.123757349894752
-0.446367895744236
-0.125863018835748
-0.0147717841960649
0.530653100004925
-1.10108938767526
-0.550851634325709
0.524384752507192
0.574104042874646
1.94431701105346
-0.931071444917495
-1.8302148551718
1.14275957241044
0.489876267797632
-0.258505410327678
0.532161819148799
1.6407801235675
-2.71154632222765
0.576509443190168
-0.737790023894448
0.119968450935272
-1.16462717736456
-1.67828195858093
-1.99759970854298
1.17097685953396
0.817713819874299
1.13704613884294
-0.807648783432037
-0.098051836670218
0.189987265956529
-0.398453139227757
1.90417925234337
-0.192725085844643
-0.179888730286718
-0.128972360767686
0.553899667529818
0.410396753396481
-0.449750260092631
-0.814126270843303
-1.38543366969892
0.991711309512995
-0.938576508359708
1.84814717590292
0.589728035333627
0.348617347295115
0.0970157632851207
0.128791224390819
1.52150402025014
2.85136039454053
2.48505942428214
3.50986838483277
3.49904066722728
2.13879512335565
-0.341782145794666
1.69383586755846
1.70450043131601
1.98422676779785
1.15111799664843
1.66142303376958
3.03964661533168
3.01791089102268
0.518742600921399
1.68927373362032
2.07368858905735
1.6691966167339
2.77032956420359
2.8588651063512
1.27159386181067
2.82188935498211
1.29823401384447
3.32908465012248
1.13602981665575
3.08139295637048
2.33753677389199
0.616154395412988
1.14255688613638
2.22287344438503
3.09033355087853
1.55434628659302
0.801211965547173
3.2976945658132
2.29822783979147
1.31228891438508
1.65776425319597
1.81135824506193
0.49442585972508
4.21605743429767
1.85296703126834
2.35476680837614
1.3255897593031
2.26278065566375
1.4867840114959
2.51004729687219
2.28505688840154
4.43963104214182
4.70219708450258
3.20254944954209
1.26673987115071
-0.0377570093914437
2.33763323459171
2.39792795317023
1.33846893842252
1.21319567396837
2.26165984719331
2.35554216259858
2.48322043505264
1.27169573606509
3.1662886652287
1.18536196867655
2.14941984669642
1.89230469428999
3.3438783154972
2.39683429846584
2.47795260121639
1.19278540059672
1.84387907283348
2.95345282123757
1.37401267755178
2.65167511971037
2.51096834285764
0.777364328337311
0.937175986857515
1.74984629590304
2.55256975888348
1.74299359334955
2.67941497053973
2.37314023224205
2.3187817036188
1.45838258855241
3.32442123176401
2.45388549303458
1.11693402153677
2.85007281075163
2.05388578870927
1.50866207541918
1.59063283771691
2.13088406692383
2.12630167563055
1.88858698491067
1.97316154153429
1.89647765899925
0.891323309730965
1.39639069893279
2.80979824462261
1.87132827690385
1.99342762458693
3.27952854828279
