0.185283431739232
-1.78507016562951
-0.631754203575945
1.29444220585089
0.596532970982164
0.585322771376868
-0.243039883064126
0.566706888176949
2.40135598201417
-0.259657221659005
0.444281967638994
-0.61750414950338
-1.00043187994765
0.444485555958386
0.112064395216343
0.134171061072701
1.30479639115741
-0.548671303661436
-1.28261106492866
-0.486763135608973
0.548533853424084
0.241749896298928
1.28581330372234
1.79207989435452
0.95892084814096
0.433557518219836
0.535780547357322
-0.349098549948315
0.212392033161602
0.703057510270551
-0.336103209450365
0.898957214627669
0.389138333472896
1.11345453771485
1.35884752805375
-1.4845783109511
-0.16227424173649
1.04775688723704
0.739128018187153
0.403549407537597
0.136239062496882
0.155145710719376
-0.271819944719759
-0.048915393087688
0.074101253654784
-0.713557838075837
0.347352629832102
0.0295606647839904
0.336467877606777
0.992412022583786
0.175727711187644
0.329991801754474
0.21874599121985
0.750851215284049
0.133275873477419
-2.37141868963946
-0.380676705943196
1.19927700806465
1.90680097457773
0.577913931564997
-1.25369541752922
-0.346272400866045
-1.53097801249305
-0.273957416834279
-0.557607936699901
0.176074949334433
-1.7351527792104
0.764495154038393
-0.451633955857291
-0.623845057461753
0.267014140931985
-0.127247941555025
-1.75615238016586
0.475279101270903
0.283324607621648
0.217604150884686
-0.215064579980424
2.71781131477695
2.26644395926995
-0.530499596859379
-1.27720054141653
0.869817083764124
-0.405876274776906
-0.515078872338221
0.78706513314192
0.211241098184948
-0.871860942603978
-0.723275145775311
1.08543009580287
1.24491398943827
0.488953541270775
1.29975377724224
-1.28124961653751
0.899041499579383
2.72657876551496
0.724763212590279
1.62365985825951
-0.876588407429592
0.719893312665205
-0.352096260597241
-1.45726716911682
-0.577230728542412
0.460240257865557
0.0602987634936558
-2.23421982193516
0.581868776634464
1.76419443624446
-0.571705072376853
-0.550755141505195
-1.25230101902363
0.0699152747307367
-1.41583602180647
-0.840432713006261
0.177255213919699
-1.71442588484777
0.704034238824017
-0.182028815774072
-1.5705483768175
0.0554741211107099
-0.432300965085296
-0.230163338289452
-0.633034920485555
0.330201773629324
0.423955781455028
-0.329876334614234
-1.10196575052549
-1.21730629286176
-0.197200089862329
-1.24641424802391
2.85079414997455
-0.343846223144801
1.54580109712702
-0.705403410152524
0.929557604769204
-1.45364557605434
0.0640338774294489
-0.542259504599969
-1.36422143878886
-0.295973235125135
-0.290563724046421
-0.940746389948618
0.211186558826249
0.235243364888066
0.796794121189613
2.24886180344628
-0.219033564313641
-0.57947618186001
-0.879605455538549
0.966165380338953
-0.128628487299445
-0.312309858801334
0.936461776311489
-0.525242407955807
-1.40175624832558
0.150290575565867
1.39253736246575
0.0491595126583744
0.354698221616083
-0.810466747682774
1.39889432376362
-1.77128911622323
-0.33580769253861
-1.33770140776513
-1.382551204425
0.574787134180638
0.650823419797982
-0.995255879042069
-0.685252589110901
-1.52389659743994
-0.0669580771474484
-1.99381841628209
-0.80558651736572
0.148614503927108
-1.34905876569743
-1.52614221278385
-0.123876350115002
-0.589389049160582
0.962472028414128
-0.31118302222292
0.00536199844929547
0.88373480565475
-1.1369653429957
-0.156556937557572
0.975063049507084
0.411281795545916
0.719741728226045
-1.77436462608768
-0.738207648951817
-1.51315998108467
1.91053476692963
-0.68282119726694
-1.20763297868811
0.894921074704837
-0.190317472809088
-0.408889208945937
-0.239591006821534
0.0504330729130156
0.973429846293785
-1.01767944811542
0.309450847883527
