0.830011930114133
1.65357626880874
0.310881961585519
1.30939197289726
1.58789997607068
0.991756428342132
1.0836160546642
0.774437692701526
0.862842967816621
-0.136777702374544
1.05810733554243
0.392178897811041
1.25904701062914
-0.0434419583923256
0.539420185111474
-0.718084486397049
0.834191942711079
0.716713273666429
0.566234410614398
0.96300814491072
-0.0437498884089363
1.73756577765606
0.964143918303646
-0.414002087157543
0.755189753677131
0.00795951000676076
0.282889930520932
0.882357926006272
0.26239172970746
0.067881207599024
0.193867359553514
0.0866964465712767
1.24063159404838
-0.0358351689157375
0.231077065124934
0.890023857545458
2.77483971811906
1.51914463459404
0.270499705510953
1.30951800286468
0.824128324099775
-0.421361296835825
-0.160704674895353
0.599936833292981
0.466380600725541
1.26579967528582
1.45873073193773
-0.298059794310554
0.00980721837883286
0.00629733929240828
-0.644777603019742
0.21782708207365
-0.388093538887581
0.298678483982521
1.80329763284579
0.468140200388411
0.415303442037694
0.648813608564023
-0.351439709699584
0.309338747330052
0.120754789268298
-0.0859098358440874
0.869379228589587
0.546066059130699
0.50013436250111
2.19274028781993
1.75413503381633
1.71991522434448
0.16991724811087
0.650050608746177
0.640590634578457
0.225689825811739
0.946034586545537
0.317018293365799
0.0264747069136153
-0.0999050871322802
-0.132389640843138
1.90150292966005
1.27553308450689
-0.00557480491869167
0.449891700778124
1.29441331863118
0.740679901245992
1.13617833650087
0.544759895478833
-0.264038580312678
0.297065701276406
0.131313991360897
3.12564349250054
1.43469591339764
0.156028109303428
0.383890874358191
-0.31331561652072
2.95920137613609
1.76522890516296
0.579080188205327
0.385974817554272
-0.106869058979877
0.845287535902141
-0.30909654743407
0.89002912024452
0.634464251209422
2.09276851532777
-1.0027608095661
-0.00159833667131881
0.182839273637442
1.22991555256414
0.451801042173127
0.000974247712161036
0.754474208269374
1.03963114026071
0.642148398876136
0.762632636994425
2.32800870610747
1.70157722102607
1.06866087170863
0.818109120050856
0.256474367369303
1.21939419575516
1.45948759692114
-0.0294477789307439
0.387995258822755
0.528913147635674
0.775927589741775
1.42138444820888
0.682433088287394
0.720166063033091
0.105571956038549
0.671324611052212
0.406291100391048
0.681212632798929
-1.16176223519379
0.111647662314846
1.40258185838679
0.355411547281987
0.483956515964931
0.282361213222062
2.22951714512292
0.676799873630102
-0.0310921587517717
-0.423885084071128
0.194247287572459
1.49185756737697
0.902879226787942
0.45414754250083
1.11079688858301
0.648520290468265
0.270379442001661
0.271596342488883
1.22002360178933
-0.332925795433371
0.458181930794803
-0.0402839136140824
2.37244830271203
-0.0837306653349284
0.583870883612437
0.54602084196331
0.3938637786655
-0.112306298742638
-0.154157703296232
0.567607698762184
0.33698852464377
0.918360976117704
0.10009624753773
-0.336370796007231
-0.510156618051027
1.81639720399199
0.22285140756925
-0.269672633273535
0.615383973506546
0.393570159880624
2.0288953959695
0.118961276850152
-0.247300130400305
0.96698910240893
0.78402990878486
0.31099452871872
0.476567722686775
1.88719585727142
1.77080830541282
0.635875799678705
1.00130304762205
0.202836742414195
1.37501939151279
1.05981941746813
0.441003130317349
-0.247373066430986
1.03219004721105
0.80318299337652
0.20122428148408
0.467825130500436
-0.606681037341786
-0.672604756493778
2.13043906154088
0.331798535272782
0.281171654448703
-0.446809333968254
1.99628124208688
1.44305682876216
1.42984861717183
