-0.479518003652645
1.02833583085375
0.428942100556942
1.41051415201169
0.745953024586226
0.953130003509093
0.805084430065809
1.33095323960013
0.441543443360273
1.68214839523627
0.450033047264309
-0.0292042505859523
1.05723002354526
0.541234804260872
1.11131714394895
0.60223482353615
1.43285835456526
0.673512448290967
0.125952420411388
0.317706149181877
-0.542185523307775
0.148225879896405
0.682679235921084
-0.20763839850852
0.691032400025874
2.0841524925754
-0.759758440991746
0.821514363350293
1.40409182297765
0.961627666316214
0.501690586258563
-0.199894412871273
0.309804698333335
0.910262246700972
0.477538275253082
2.55430714662266
1.34525869502741
1.36128126849661
0.960912880616801
2.22835528675236
2.27050222567956
0.658474868443661
0.784251523802269
2.85508396680524
0.00862393278585877
0.902832383463234
0.383043661858292
1.27686953497077
0.0813708793298643
0.87684036432869
1.24257309390674
-0.126036441143265
1.29235469476572
0.828776013677318
1.35893990477202
1.64956628338003
0.759187168695104
1.91640565223401
-0.318112213675951
1.01168945048124
0.953576092755396
0.348564819954229
0.761627371376464
-0.0507976013941759
1.15102037487139
0.674604706818126
1.28718352002615
1.46237629003226
0.0139876902996636
0.690440672003166
-0.146631982744352
0.467432567323989
1.0483210728073
0.116732735084076
0.594302260180163
0.897478430549323
0.614606260201759
1.02391516998308
2.57681258978127
-0.150077318714496
0.786304014726982
1.1428221341757
0.589486820866733
0.0960677990563105
1.93048178467741
1.15355383511362
0.0973477258537234
0.649688633640248
0.28235643588986
0.116855490197586
0.803961345970772
-0.146875373285374
1.54873036963506
0.559131048461501
0.820714202314384
1.36093285269364
0.65564458809159
1.04408443589143
0.902482991775364
0.449605134789815
2.18807636533651
3.05614888299009
3.42082054215486
2.96922646671871
2.92014766201688
2.43043659457552
2.5148263829349
2.33061198731253
2.08503233171061
3.71697341976231
2.39082440066322
3.90644918438978
2.32817743717614
1.76775625133884
3.39602805251511
3.27738958153127
2.09027230093913
3.0809371092609
4.25684691733392
2.31958324695076
3.28645138820019
1.46961378844917
2.90997889284397
2.54664849419457
2.60440587719086
1.528787789502
2.54025726466786
3.8348300247818
3.12094276992889
2.01757798263876
2.09148396885121
2.94231431127493
3.6232588649677
2.65808107115455
3.23473305532689
2.37394007037219
2.04680668486806
2.48555819137812
3.31739566470609
2.80756766792852
2.92176732811114
2.1029197087632
3.7799757913083
3.50499417540416
1.44816993704326
3.25321545812441
2.57450967105599
2.41537603175857
3.13551905455258
3.74030063375674
3.47191308021624
2.21075602467795
2.23666785183519
4.4110213911096
2.64572448174657
3.97153859074194
2.54239135998638
3.75987016263491
2.54061729542909
2.39223084447604
1.75366735146562
2.05939925586611
3.10868582273836
1.17013982663077
3.52185207643495
3.49413529357899
1.41823456209992
4.81566709777341
2.83789830658518
2.78661262304184
2.61738763295119
2.93574269129797
2.31661612791641
2.58219114683086
2.28527759495323
2.58814653126263
1.92847845197831
2.543127985221
2.18993082488536
2.52618962910033
1.75585341301246
0.947312946921166
3.01639511459682
2.9672204480151
2.56183840488602
1.64159738225464
1.87795657973875
3.10458538752574
3.22897951610405
2.56699930545624
3.81301540608841
2.64396406655281
2.37998761650028
2.25864032163168
3.67916611958393
1.20313094091481
2.276771577898
2.12364461765587
3.63907380734272
2.62968292847633
