0.810438059291104
0.816301784267282
0.703666067435883
1.40352837686794
-0.275489198531231
0.649027064500262
0.587613840618322
-0.0313441562160755
1.23438683597527
0.465085374312412
0.186326337381057
0.194150843485028
0.453452968950044
-0.388991210856798
0.695918266816008
-0.0399774334307925
1.34098670577522
-0.0862214899170547
-0.0874509989469155
1.26446835158063
0.384632212786011
0.384242021322976
-0.031985141025079
-0.0246731511892899
0.395662338996258
1.497467443424
0.979319720399255
-0.294855883863048
0.817519472532427
2.35018426280589
1.04056206938079
1.1848557613458
0.282070786122419
-0.174585985106882
0.994662434659841
0.413016368334934
0.547189025627947
0.965936347176607
0.0111398546739412
0.790627919463013
0.458353500954199
1.16342616887352
1.43465624413069
0.463489927700084
1.49181773200278
1.15558014121573
-0.16963904389701
1.49749732958298
0.351187784012688
-0.680404462445676
2.11640107578498
2.11522368219735
2.14353414042615
-0.44742029368371
0.750590941666951
0.979005104331191
2.40024702280695
0.99050768409891
1.53580798135886
0.12400109035522
1.61436726708689
0.830796544498588
0.0036336872175412
0.619612206321168
-0.0936178996738145
1.11228335413255
0.153856298608955
1.12055578645207
1.42722881762969
0.150585190358718
0.725647069034155
0.39468326195844
0.795567909584787
0.203863895942876
1.47741905964468
0.730426936256044
0.844151964091594
0.297849356152422
0.567633652924215
0.30208229709002
0.42073139081872
0.698883090787147
1.28315463254289
0.330651065106965
1.10926967041529
1.77733782721948
0.476277107842324
0.270369853838853
0.427872447638461
-0.107603168345201
-0.0454035477779193
-1.48931805421855
0.581830982129949
1.66325474512384
0.12800708996276
-0.325253426482781
0.646492750754269
1.38050277569327
0.765133246888855
0.19705091125035
0.360103197292343
0.75778162809855
1.16482086418168
0.685066565963584
0.271440608238523
0.172703639296261
2.4045093699424
-0.44516663627008
0.253639331543776
1.56655706346279
0.356999170100299
1.07651898801412
0.589746509352009
1.26047009080364
0.68463522488713
1.47875476219872
-0.593148721418715
-0.427022095461476
0.340608181325253
1.23614556159933
0.992919634271481
1.48334977909702
1.67277617871637
1.50355876056969
2.04829358359082
0.508953418681337
1.30432090289149
1.3515007703099
0.878125858150506
-0.418662505159619
0.463357763938277
-0.224290643842645
0.682557572387383
0.65227520701499
0.64921989819981
0.208028141948494
0.907083509291747
0.0593718612777599
0.0924761566063363
-0.431350438226536
0.104595277821243
1.07374839566387
-0.132300711233198
-0.00624130432486647
0.0435359781332024
-0.803816494535612
1.15952122290515
0.647955408350846
1.0405403989614
1.11782512332645
0.767210783695206
-1.00369091268831
0.786323899367624
0.713095395773236
0.789420445255527
0.273336571668435
0.169246097531723
1.32296186237626
-0.000212112478053639
0.219608910050078
0.0487092878313152
0.948117577676941
-0.398475743617865
1.2887428851302
1.81115048696284
0.328420458086051
0.780714849277521
0.413677676070449
0.589086695786431
-0.0648043583467857
1.26876454355539
1.01739954350863
0.275278395344502
0.540874370674358
0.681371184279723
0.480687589243862
0.892260223821712
1.64241654011379
-0.0014569922704324
2.07310090019186
0.575982862617552
-0.547237480940876
1.02591960566174
0.345196328422753
0.317359583048478
0.564224955524578
-0.568517284354566
0.479949578686831
-0.105207027869265
0.0866432449248175
0.457569887502686
0.772337216172055
1.62228120289551
0.58753535836997
1.69512133794058
0.258807590256755
1.03585885697885
0.0518992160779034
0.461829875984557
0.257532464381774
