1.01608727661161
1.18743936682498
0.240786336765807
0.766692094525608
1.60316185214735
1.80635263499108
1.61846138669443
-0.478957601818239
1.37515423666724
0.628150602686982
-1.37543500752254
1.89746645776812
-0.598690841477791
1.8933928183457
0.719454345622229
1.11469185961505
1.16913443088448
0.805854639392109
0.607054844456914
1.6435916674609
0.809411213597818
0.186799547485978
0.0820990560722502
0.813290695253669
0.256383072525062
0.688367058874069
0.176788565944308
1.55546599632199
1.39788690994036
1.05505251902901
0.33901609791357
0.849786673654978
2.72165011494313
0.546804629183361
2.53570590725855
0.940788616822789
0.0815053463893567
0.887578267029779
-0.46967214704957
1.05982517016691
0.248159746076344
-0.523721521537991
-0.00603451185978965
1.47446635009886
0.828145397647779
1.42156015671928
-0.168610090915777
-0.271106555121914
1.10442855932646
0.207242690070376
0.395719459155093
0.529220816080991
0.333038250955494
0.00814080257931588
-0.0405110542653722
0.816945815698489
0.353222483795972
-0.50836514451117
0.235182001716166
0.258387999960155
2.26209561135364
1.14445982478438
-0.444232784174623
1.0132800353953
0.17735137612974
0.362408037478703
1.52228262883725
0.908537123843788
1.1355125345742
1.95168852556577
0.409039335764571
1.53102840144004
1.52668275983729
0.610847398972851
0.544442522097624
1.08005050530164
-0.38265612594173
3.15634697874292
0.0525522795156319
0.833546853255154
0.483731091223019
1.06954402341461
0.872340637907358
0.487688335066896
1.28940587978685
2.32465696821288
-0.358083387900793
0.754768240845981
0.604609493829666
0.572430054771338
0.825414665858206
0.178325124863209
2.20461978815208
-1.24622388133925
0.334201421359649
0.309221122893415
0.554517130972698
-0.0484222834292282
0.718320392240412
0.148176527686468
-0.218372261374658
-0.347516129694393
0.148688810553283
-0.427353941562323
-0.939539101889598
0.696031031120181
-0.213828744878811
0.559512903403218
0.214455038480017
0.448700799608384
1.47599310886878
0.339351877795367
2.83762413472207
0.572100156069648
0.945157797452551
0.836144727973349
0.437473739601708
-0.367134734082537
0.580677122068758
0.0047895614832858
1.37451227594463
0.990843387480019
1.17242079139489
0.379568711975765
0.426376826414239
-0.575389370425207
0.16890196654569
-0.0215660686977945
0.198493489747225
1.38495694846168
0.889537596561369
-0.023086120982728
2.21760179847713
0.878397906193007
0.94839665702573
0.683690824639438
0.596772145524448
-0.0263548634118243
0.532646479327624
-0.394729691599764
-0.4493470281798
2.27361245391034
-0.203288612830524
0.718791554971255
0.150943458219469
1.20809919343606
2.68157212821762
0.0579973107171584
0.00891482314545034
0.810306193070427
0.784056760099539
0.372527685039995
1.15942830825744
-0.50453885387506
0.170260459094037
0.710632127891226
0.800010860261483
0.706100817037294
-0.0246686239636674
3.13644886031132
-0.361175080964392
0.224982332059633
0.994305085434728
-0.0545565231565205
0.625251903681577
1.40111046084159
0.729822194120216
2.61611246279572
0.929103112602795
1.12648133109384
-0.40131198909939
0.690838544173604
0.574996697710698
1.02385569221217
0.967287357671647
1.83573334741546
0.462014058864605
-1.39771970158667
2.47426582988691
0.0473131040970589
0.0273355177172539
0.76765774625164
1.00610142491323
0.748981913869613
1.92582450438806
1.42831298708016
-0.610176696737462
0.974316980187367
0.0597261802119679
-0.123070861197477
0.853240279271985
1.0317984034295
1.69409358777539
0.023885099503456
-0.348911621870711
0.751803469559224
0.295613246002107
0.399927394082067
0.241470803152097
0.27981202646916
