2.08437292570487
0.0341139921448008
2.28877162418168
0.424890763959951
0.687498736523425
-0.0448327902824592
0.701295446386074
2.24764688184364
1.64413944260966
0.553917154044398
1.61046966661992
0.0229148756592934
1.41472163821645
1.13940359113507
0.416003862145689
0.505760972512323
-0.261410401999036
0.116678525440807
0.138516762062826
1.0585682848818
0.0588529214253001
-0.0607870424484797
1.15170375606579
2.13699832460218
1.08341815361944
1.03180760928043
-0.254348959937883
0.28819588060053
0.707272036700392
0.761072750991731
0.552370184575156
0.878110377121291
2.07940546750169
0.530975177626706
0.0138646887133204
0.489491061774389
1.21314125175546
0.494125375768
0.485799813464336
1.49810998166275
0.546009006341514
0.37021696014173
0.324896268436696
0.526810637310355
0.453940405596387
0.48745324413015
1.04747280745473
0.174117373225213
0.451068061575612
1.57768742580954
0.325500706766768
0.698459364651026
0.856351572622362
0.107666196187432
0.605433290213558
-0.217877632389947
-0.0641462046874088
1.47516030547298
0.0504019473855488
0.333271712057159
-0.300508337092418
0.0568868678016839
0.169604298059329
0.576104904068817
-0.031820778667222
1.13429729929501
1.89235507789104
0.627665537827446
2.60067941903268
0.588671288988673
1.6806891138152
0.712628768725553
0.63846140516309
0.754635360468247
1.05941039084679
2.38063949421165
-0.582195939551127
1.12141648584298
-0.475566908141642
-0.0573184646428751
0.156304895294313
0.406229059571018
1.71594708647023
0.906709987324101
1.47409121612094
0.856535532799119
2.21383109516938
0.470047873283793
0.837937593441328
0.77660098806077
0.688964474425478
0.748880381371973
0.122902493752865
1.03431805363652
-0.16553536085901
0.811304244533838
1.34490540583251
0.891211285005067
1.77506509321556
-0.398886758658777
0.704245938981549
3.07793988130587
0.97532744470593
0.274336682217085
0.633476906311234
0.115325673521574
-0.428664264268767
0.383302360493196
0.449804378409867
0.905530060976308
0.969799142614405
2.04742531017657
0.0278637699907845
0.0846406824403955
0.108051246416417
1.58849474877075
0.116559432247127
0.861273432033548
0.360126985553815
0.993219375081274
0.138226196697951
0.338909095464884
-0.134653090246067
1.75400784820471
0.895136023101116
0.110997994151111
0.831882912961866
0.157894688822994
-0.220204578850119
0.536297038978417
0.678674723911211
0.235068080492012
1.2620793544407
1.15312684693001
1.21150761089081
1.1183471911481
0.863784531775199
0.799430654728343
1.91461345858326
0.825846013925372
-0.294705183988272
2.5513622850331
-0.075450871630425
1.11428106143946
0.632676611398771
0.624494946719396
1.04586131423331
0.961091182391022
1.09096118697435
0.157182659686766
-0.240869176069623
0.748102997409253
1.14546146123573
1.82860188332879
-0.441438349065159
0.754239778073635
-0.0449595248169434
0.363009166519483
-0.324487677821047
-0.137639328925122
0.928853803798924
0.56938721908142
0.00846465943019359
1.22076517793854
2.00157560786133
0.744739481044785
0.0658535082458802
0.0554491425402302
-0.181628236606042
0.230160429856364
0.502998826657301
0.0739181693222434
-0.100731643495365
0.333907415249249
0.838700304350105
0.972601676246992
0.197423343377274
0.91116814062826
-0.114182766139288
0.10853303311403
-0.273946313166027
1.12436404865255
0.713164826189504
1.49089346578182
1.25586453063111
0.504292656023613
0.69667997248801
1.03507775496014
0.970064192530876
0.592880955988347
1.23578399860335
1.18309694415726
1.73389687157587
1.34563314682737
-0.527524597240344
-0.0703043910870334
0.157893266460039
0.608374222803428
0.663532133919361
2.20913156677172
