0.0269119593748
-0.218743804984308
0.320761600178591
1.18120089607856
0.366279669534138
0.795386468328439
0.759660523696579
0.337897998681537
1.81388881216545
0.303075738917135
-0.192374013547208
0.264057393450735
0.903785132460981
0.0373892579275461
0.163350002488459
0.172155247481478
0.858169228416284
2.12282269414552
1.58673082898272
1.45607529767317
0.571094186547931
0.102331901716558
1.29476467221314
-0.254518837298232
0.0755577603188671
0.254014152233271
-0.386164089890103
0.375543126455964
0.446891490973861
1.5744005043808
0.469971099153721
-0.288505705396852
-0.0838789844935052
0.612363462484909
0.303029106104987
-0.02865297520174
2.08149405565453
0.388604229847626
1.04712846934177
-0.198606630505688
-0.257474284998454
1.95165262348963
0.615271518554892
0.0293474229371803
-0.172738498055708
-0.0455306637691284
0.314438071607067
0.373530254617582
2.12505549442756
0.615405745101687
2.28104096122935
1.67826188582412
-0.159143405900184
0.996308535271312
0.289995161831286
1.134898306671
1.82796259814131
0.422591540850349
1.69329539702411
0.0285371957347153
1.33974574911121
1.60531343630856
1.14148305456987
0.503614195122271
0.145429984945115
1.11881971542095
0.617373652014202
-0.786443190954886
0.723912022586152
0.290206474801299
0.346072534682091
1.61862778428549
-0.300896013624181
0.348327119268877
0.781902424033557
0.320927459920689
1.6861258282239
1.49247045397486
0.463729081695804
-0.375622791645946
1.35138389070004
0.254301744599317
-0.161300867283786
0.597415283320584
2.07074313166273
1.13741148734192
0.335766411431729
0.478240004442227
1.32108122761687
0.654609051634644
1.83085721678631
0.308785707525113
1.0942331434331
0.799085591817906
-0.0993493467973242
-1.2032722450251
1.55469678679381
1.214728414332
1.44699637547025
-1.00270552329969
2.62205908983299
2.42995086177798
3.23280521440754
2.45555494888627
2.76326859525743
3.11715372434587
2.86360404246158
2.72494532046734
3.00700285657425
2.13619971123498
2.58364040945638
1.91260663730214
3.7869985437006
3.35833528263796
2.21583196713972
2.81764595403564
3.43300199624359
3.69592148515122
2.05805250455802
2.73502133617425
2.03569578361257
3.05167019701667
3.10142137499919
2.09305668947812
2.75179070948001
3.32755644367341
2.23472853979724
2.70773537747477
2.55993901015306
2.59363198241692
2.2384769098318
3.80478990980384
2.43397893720259
1.48407092302691
2.08969888681393
2.86951475920682
2.63913987623321
2.49368328271918
2.20741422495403
3.03325983797306
2.28854145333642
2.93155052442461
1.59086944979162
4.04363323528481
2.58015049038529
1.45645042208273
2.07041630868288
2.44137125128742
3.57339217969642
1.76157119426873
2.28802739269566
2.21189627962293
2.82017785014731
1.713724345529
2.62999068317165
2.26632460806289
2.28755799798699
1.9355929701847
2.07024244954114
2.45487724741446
1.21181931914608
2.68053378263206
3.95807980569488
4.29581143184769
1.81796201154708
2.69402727980304
2.03972811616674
1.73858877699417
3.74204509383223
2.25892380513897
3.10714343809464
2.34642766902854
1.93587247326739
3.47771177705635
2.849795502998
2.16499326450818
2.62832653020967
3.89238896247047
3.23126893941977
2.4401384028618
3.831269877671
2.20566756234077
3.02305857126902
2.40554644704466
1.68434913849922
3.57222162544063
2.49605727498107
2.77899949541209
2.85803334527566
2.36800447488845
3.28808653132063
2.52309035236179
1.66834530257793
2.26946573246558
2.67575994523778
4.51509257516461
2.45574817036272
3.41948085671141
1.89316711204585
3.18162910297126
