2.40733794327506
1.72950181416275
-0.153730195911716
1.97966262044385
0.714709629422478
0.835492922762072
1.11621277139303
0.71662038108599
0.599461787120108
0.827811226213771
-0.484058523427004
1.25743185001131
1.03598016422482
0.965976418251201
0.547431441922864
0.577389084599405
1.21837340474948
1.08975607345772
-0.337645918285127
1.03937006087379
1.06769451417695
1.21057709252816
0.791427927045478
0.627408340090295
1.01646181392435
0.265041790312713
0.900078104100082
-0.563405317172104
-0.39036982146579
0.983403800190972
1.15298568500002
0.631178769877765
1.23376122324789
0.755510812472132
-0.446306818335902
0.709932729715714
-0.357549893639514
0.0106403622510522
0.684829556214339
0.0753813695467923
0.422746987483162
0.572334090764875
1.14929972296679
1.54260833175855
-0.411177997973712
0.179414251222918
0.722871339672623
1.17566030278926
0.707216818372239
0.136540076472747
0.625721977124158
0.652646113948339
0.579478200786969
1.22288348182966
2.44334823836506
0.760385178421914
1.02533600211044
0.12829245543443
1.17360180730906
1.80748557757772
0.0296176386592382
1.23379050966349
0.880731258004541
1.21906655979331
1.47446487892511
0.696263782970722
1.02850203420793
1.41943005109269
1.42486018757105
0.518808608440079
0.82332174234646
1.61747471116148
0.935671797322188
1.59303475800733
0.923475697580654
0.344580367178199
0.769760925827564
0.771186545930518
2.18648316449224
0.917624888151256
2.31621960152609
1.31387154587548
1.02804443855174
0.951052462874769
1.37406830862423
1.21571915153244
1.52769860536511
0.396514929298646
1.91480078848219
1.22015126325665
1.47127897480276
0.211670821156684
1.37346255722437
0.537440914927444
0.840388256060811
0.262125242831506
2.24634952061745
1.7123810336132
1.13176507357863
2.06093242307655
1.6204885955297
1.18195210529448
2.0501837269656
0.704981798440277
0.989442630328499
0.777427305445393
1.52025445556281
3.11048781125844
0.623982174654299
1.57134438522766
1.19520833892167
0.687910887106016
1.77386614433308
1.04449947621174
0.492327503524643
1.05848978348387
0.778218604018101
1.60276303074306
0.133093203061984
1.28347913413819
1.45171269604379
1.28664230118856
0.281480272948625
0.487340521740389
0.908502738237728
0.194746058824502
1.4364815975372
0.0293002019621463
1.3279314335423
0.737530904905205
1.79928502168196
0.932284104371772
1.585672306319
0.614052393777422
0.906148256869552
0.665274208706158
1.10811590322475
1.48702297784985
0.965582462767703
0.410753172054307
2.40223887069171
1.20756435599669
3.32985905345569
0.531304662922323
1.54852219448794
1.12279844102044
1.13967838197307
1.33635185073713
0.666682414533941
2.1298130020958
