0.567470067532819
0.432633920090614
0.0113792843821997
0.346967158929153
0.663502017463589
0.0834014197971943
0.583925012045995
0.877412260960736
1.4394565720019
0.495606690714428
0.653395408979777
1.65891568453407
0.0266113336634383
0.411652620503552
1.37870904478535
0.685239955091442
0.105915875698021
0.0237913151494718
0.406813876056695
0.324176881147764
1.6876887179343
1.47204129832786
0.735515684780669
1.01285217804208
0.476012502917946
1.35464577854221
0.0199595608598048
1.34469911478539
0.32097071437784
1.99175247382389
1.53369751488262
-0.46496879321495
0.262099015652011
1.23044749963711
0.271801093151828
0.49350867699882
0.553724575132506
1.19167028816195
1.0873778584118
0.064422064223393
0.50241044388019
0.690836489522434
1.02724440770504
0.170521738850437
1.34738459245214
0.903054697093104
1.97950061537847
0.74406724188848
0.373226949973935
1.37515727127917
0.960708567023892
0.908552951193614
1.18756281487827
0.621406203426531
0.787756315269114
0.216857184775288
1.21419798141758
2.20989345765016
0.956624324869504
0.314089699861422
1.07859985209606
2.17876526148031
0.962861360070431
0.258356871873549
0.81440860390207
-0.0858898223771696
1.16864435781356
0.505331299634089
-0.167936236772268
0.703313462743599
1.30228997012044
1.80962974116661
1.91071192152474
1.16506758490071
0.927601112258113
-0.48295480666917
-0.692868996914182
0.482562469988588
1.06158707522939
0.735355696206865
0.872841624908498
1.55223781500577
1.84030953573266
1.66131084229936
0.549817434021805
0.782179233131599
-0.397584946333359
0.256926214660921
0.146826201831964
0.363417609896889
0.845813421695978
1.17648234594711
1.273555509011
1.80321260700029
1.66809808451801
1.53978155878731
1.08398953004407
-0.00370540282778836
0.269299850909778
0.279712859595526
1.61948135495756
1.22590555653352
0.589415799905541
1.25640833877062
0.125269639161262
1.07889897470502
1.44303244483065
0.286908169707803
-0.205969987234024
0.31590434230124
1.73314803485899
0.50740960159727
0.391142585190539
0.437834232219853
0.68637836284617
0.135943458825743
0.641745473582772
0.331079267516942
-0.541674706410973
-0.227575841805501
0.873973439119256
1.34916812504102
2.06196142870071
0.409835128162993
0.812277517651459
-0.0832535867298824
-0.223387771102164
0.749242617507683
1.09206175840673
0.415528746669239
0.516914896270657
-0.512998592301576
0.165278988124797
0.203388629055552
0.72509554256817
1.58405819561389
0.978545017652231
0.677335190588146
0.110897746866437
-0.341079373343712
0.594204764202117
2.37384767272728
1.0550584338286
-0.547560138396064
0.0698962159904196
1.31395866962552
0.588370023700274
1.75791712456916
0.677843680827002
0.157096805731386
1.17391346477149
-0.706858491428164
1.7467976186455
0.445667052229417
1.04861308401693
0.816996740382334
0.28747198151318
1.40297745887535
1.4710736271232
1.49121797341364
0.365264365074951
-0.236518761817021
0.595806612578052
1.65255897963194
1.07107240410261
1.23544589572822
0.45429153674496
0.996821861506845
0.740789184331458
0.705640726152654
0.0551304370533115
1.02132084159196
-0.695061265296083
0.595711100764572
0.457701771490303
1.39628179415995
0.619230299862333
1.86761868491441
-0.381888568453257
0.603546418754623
0.203152023805453
0.675327604183473
0.031350649601696
0.235827641396588
-0.297112286159675
1.16866215731999
0.9002451605749
0.927406474755319
0.0597281659812228
0.853852401933142
0.0224770774399432
-0.052496714722865
0.188801646783244
0.316152782522299
3.40768191405677
0.41386260300302
-0.117468708381287
0.416376179808658
0.441973601989068
-0.951647357385
