-0.492645921151266
1.11175520093715
-0.0513497585142427
0.450367442169494
0.229091932265118
-0.414682865385378
-1.39716101833685
0.0494607914253407
-0.7967751600039
2.09375888409155
-0.107410755614562
0.863933799556544
1.72637757532712
-0.420457577327714
0.73379003580092
1.81873799020167
0.384081373881598
-0.0606581609223808
-0.872996152727769
-1.50837366403244
-0.455399796864855
0.628839301478695
-0.44104682879766
0.641882575743072
0.352057152972925
-0.383507593530172
0.484596834982466
0.839630951482486
-0.550351044003764
-0.0631976417397977
0.873463789208875
-0.857230805394472
0.775090472345238
1.73802897141354
-1.26000142899905
-0.946546435326744
-0.381284484947313
0.180264196530152
0.698440494480892
1.09640642163834
-0.49717824431768
-0.654820905437096
0.395346206862999
-0.51420853288897
-0.566584567966061
-0.969968127437128
-0.478364782372335
-1.65023440428515
0.0297578769373207
0.532789466521198
0.704464249362884
0.575875940489592
1.50723187660998
0.286372222947315
-0.614389448556984
-0.984911623557853
-0.107979504475613
0.790691113326937
-0.335785533408771
-0.637292635984904
-0.993959833964079
-0.710029331647225
0.423796423572788
1.47898970472938
-0.649587713805613
-2.12066359612236
-1.01747797585226
0.844508666462692
-1.34255145543872
-1.30227065096129
-0.792274238477746
-0.476126342235844
-0.168451416162637
0.452411522055138
-1.02232952688824
-1.03027559723745
0.0586836258175891
-0.909695385255738
-0.0445395205317649
-0.845500819543916
0.412828485633669
-0.195010735727922
0.762817820914325
-0.369373312435674
-0.574857569080503
2.0023322019291
0.659337476914899
-0.548216696892339
0.628695697364552
1.2211700250508
1.18190280496226
-0.693837274666557
1.45197447927792
-1.38660931158924
2.79718587153543
0.840796833715763
-0.228615797795729
-0.959322549737134
-1.3983839213434
0.0211668918130955
-0.120020624974627
0.555876209784504
-1.15398186750528
-0.0758576004854977
-1.05621308750707
0.158807606401713
2.77423273417317
1.74699121698476
0.712145497472794
-0.650962843205077
0.39115514917319
1.73762113839116
-0.616095980252682
0.678041576660467
0.0800973174818777
0.435809313712011
-0.220311858692359
2.02546078712558
0.0816744907250809
-0.239109661777527
-0.945170987755634
-0.415681130641886
-0.889847853745584
0.156661343747486
0.299497078751401
0.63138183852771
0.10769432584141
-0.150282522445084
-0.690825802681307
-1.2436889618592
-0.453728616442377
-0.221619745247325
0.660804373603484
-0.831870417929902
0.415550413976356
0.30391032025272
-0.759503113399734
-0.197249547023569
-0.618820922471148
-0.331356997040845
1.13058745006284
1.8262357153502
-1.38093686983606
0.718827319023339
0.343866765177763
0.55612272105439
-1.07079297746446
1.46276318483428
-0.167999426806071
0.203065512603116
-0.234345260097613
-1.09631152516677
0.496037429864842
0.92089725627859
-1.12505499575938
1.07968322846262
1.09599339137114
-0.816460922655869
0.297465722714312
1.12936808047027
0.787680516010598
0.508778842986552
2.7005228893242
2.8255687971126
-0.998921432191774
-1.38107155046033
0.891429542362036
-0.368724955966213
0.652151336713459
0.263136638340413
-0.272371599738064
1.2274649912118
-0.810601022511045
0.325754145525715
-0.156779669329216
-0.882995752130877
0.315458526615387
1.72446999780643
-0.831682480516416
0.931597957981156
-1.44917437037865
-1.0804153944372
1.44758052831286
-1.93724145806146
1.31248510581849
-0.767125836364239
0.253321112317316
1.83084794636533
-1.21897107672896
-0.611417541321457
-2.3439877702453
-2.68742931167309
1.13844340027409
0.0765523246388676
-0.257244223080905
1.05436627399996
-0.158444445224205
-2.13676943878858
-0.574197039488785
-1.14437796453052
