1.14461428165175
-0.945354085146561
0.46680367422327
1.14952506710232
-0.0539800235353084
-1.32897161592802
0.546259568007395
1.33248263484705
1.5396461768126
1.77375185351749
-1.06500575338941
1.11758778360394
-0.117222656474386
0.215137625408999
-0.237374093544136
-0.783017529159709
0.714294114772758
1.22760943362413
0.669226945631672
-0.443509663594438
-1.44107176465278
-1.29831103891217
-0.611522553735673
-0.348324234890104
-0.891301916646535
-0.324741775203326
0.541801429484373
-0.0713165064247072
-0.284924619031591
-1.34545714419485
0.827418165830833
-0.969124911973383
1.34545444188468
0.600814094917158
-0.371728780277713
-0.428438744714558
-0.673655902815368
-0.757283463523595
-0.586540559009732
-0.356931117509821
-0.0487138987811056
-0.328687481042884
-0.75949689873826
-1.08576751367549
-1.69433922411518
1.2937214876215
0.645320506069326
-1.24771175205197
1.70268295948558
0.959491234525219
0.0382184982854592
0.895699937878898
0.82802412092028
-0.826126797446878
-0.607785009083246
0.122547133876838
-0.704480277850429
0.0302622302441103
-0.805934838194274
-1.13197141894875
0.315149715884193
0.596536877746896
-0.0425709086952858
0.169988937030067
-1.65563109985486
-0.417215293342775
-1.09483714572004
1.3664429478139
-0.793218490604477
0.444467959135948
-0.478558069894235
-1.67541765377318
-1.20749695519804
1.72436739922355
1.7920448481666
-0.817701329964912
-0.229120094317816
-0.652226521396342
0.818312991544388
-0.146393110616324
-1.37578229079916
-1.36124378668536
-0.231544139319307
-0.0885452057886535
0.155566972723837
1.84428548274106
-0.0815509712014928
0.297620482259676
0.503727271230517
-0.555436406255294
-0.0824652951316931
-0.55936143700212
-0.200589802074998
0.671084360542094
-1.0924442146881
-0.491784789078709
-1.53880819028238
-0.865202074355299
0.791134046807219
-0.438768538610528
-0.453835888681446
-0.0262793507052005
0.214462321345879
2.15630836479114
-0.898376988884472
-0.288974907703676
0.119073024225089
1.06214011118307
0.2855017304086
0.397853886692324
0.775037674407829
-0.979663537162203
0.894018041677885
0.281040021764346
0.187960672585755
-0.614004452756801
-0.44771889062076
-0.489517531611107
0.496426927705403
2.21586855414535
-1.8168330661883
-0.557262133384895
0.218746424010241
-0.182209900006728
1.01442605346366
-1.04823773855657
0.958567406319269
1.48751307050336
-0.0956713311104272
-0.0681624154943064
0.0512081822971179
1.01714151856123
-2.08393250069708
-0.36936536425128
1.0574291283654
-2.56041569285356
0.364518143610937
0.153802828191872
1.06481260322059
-0.990853357800468
-0.677002076553449
-0.528290098896103
-1.90378240520036
-0.902669994524522
-1.24915232442766
0.43592173419152
-1.19586663487847
-0.0205923025676602
-1.04621785252918
-2.40088548194214
0.275775029519897
0.161348592377445
0.418211278075464
-1.04895777484525
-1.00019986102557
1.40256276191778
-1.71364241261433
-0.240895646214344
-0.905733855223769
0.354139949982426
-0.170034242727661
-0.304439188628036
-0.13174222209344
1.05339259866431
-0.234086793351482
0.0997320477106915
-0.315335829088749
0.335911245911179
0.0973957312681552
-2.08031955291531
-0.724998819174462
0.890969978442261
-1.53988777205768
0.930052932271957
-0.0644492225483968
1.04302226858614
-1.06537682430518
0.795804394710107
-0.99175863457793
0.172703664991053
-0.219491897965427
1.43747364998441
-0.375566803467771
-0.687964154679953
-1.11678185338958
0.864229403720586
1.49823108462384
0.295702186707098
0.482944371986031
-1.78665423878944
1.52449797542349
1.03589359310546
0.149529342005856
-0.555689183591438
-0.160398863474318
0.529702184493178
1.29424522318858
0.537429931945307
-0.147232180582919
1.71494698687877
