0.806479804314365
1.05335357102496
0.0656965921834352
1.59177291859884
0.0838065083910563
0.22863352464806
0.673150662277159
0.83604675858126
2.36481915496655
0.10078270002318
1.0045657495201
0.590760532026883
0.228225862804918
0.123310207562853
0.248617064229222
2.13919152755199
1.31206276017971
-0.105488343788847
0.67922158630865
0.0831544767510962
1.13898319699611
0.310456763835087
0.299446257167218
0.461141580475073
1.78907290011515
1.41039556196933
0.501703170285155
2.23693679975989
0.486906556596419
-0.943586281781275
-0.325089291241646
2.12227910827366
0.485978474611584
0.843861611591648
1.38742946092491
1.18909813535401
2.21126279368854
1.63243298885213
0.834373049186693
0.0569943808525469
0.874986930804585
0.882871568239795
0.720962483018069
1.16684224694994
0.216121068516371
1.63361059236416
-0.205668375245928
0.271124080864804
0.015490553340574
0.660689714840379
1.00627157894359
1.35683806715342
0.854354345406338
0.159874916193902
0.611232168144084
0.403905638067251
1.20523608272395
2.03720191208424
1.16736491183924
0.605633290177653
0.336413621674684
0.316583594857541
0.60961546004689
0.458236005982768
1.32022094848751
1.12159351876362
0.565998725656623
0.1717996751693
0.897831847296325
1.6711159199397
0.989815026445514
-0.0291656885595561
0.363555681220565
-0.233671912033488
-0.054833869558012
0.665603673640689
1.40457524694162
-0.706356762912412
0.932988818375971
1.75447882987931
0.480920294683353
0.112904977966237
1.38539412149471
0.260511141699718
1.35158023223694
1.38967514294721
0.370666254060905
1.4950974808002
0.778352977011612
0.88727052207711
1.34245405355856
-0.0394056954858316
0.411052266792875
0.808126458145071
0.149285216566461
0.0686160377426136
1.10607922331263
0.858014510886747
-0.368131282608162
1.3333783733726
2.3351179977378
3.00327015877558
2.82406809608068
2.6940004582332
1.56124450212106
1.99964413530541
2.36743900812639
2.20288270051315
2.33489659791
3.19322872134566
2.33768051213764
2.64189786018961
1.51268310414665
2.87011301033153
1.8835488203956
1.56933141628674
3.06956414165096
3.88130022588016
3.51248177945909
2.50296857404562
2.41847287019417
2.67866184751668
2.99511309999656
2.33387286700358
2.58298825535353
2.53482578207222
2.97416295279466
2.96737435796429
2.78448593813103
4.08285989737132
1.92011997967814
2.13157432248664
2.61450637596503
3.16262124154561
3.50128841947859
1.98995393118634
2.40224091066405
2.1389204540882
1.5852343621773
2.82176251795196
3.42978533894301
3.03765289745263
2.78695324096647
2.24529855788079
2.5567730600989
2.48975562271884
2.92756148886676
3.90280903759827
2.69167864663668
2.7187342761765
2.9634513062707
3.26248296803598
2.66271208181995
3.14216365231296
2.48152197631643
2.65253149537774
2.00321665213671
3.30850250607978
1.73497757084879
2.12668773579574
3.53090086459388
2.33066446646754
2.10469856956441
4.12680624770741
1.75837792192586
3.18370522185291
1.58566238525337
4.297474143706
2.44533474212587
1.81645135105811
2.10601986449012
3.44860635399831
2.75912801482655
1.80827045050985
2.18818068138515
2.32087604779366
2.25443433478433
3.48222255937104
2.56671959758416
1.49681724042435
2.80829127249597
1.68482648833534
2.55117251272073
1.23009340712478
1.97442432866111
3.63807209612618
3.11092895042598
2.62776976277328
2.47550820588978
1.95066062804105
3.20370625790101
2.24243605194571
3.9731037357627
2.60561126761929
2.45690545559734
3.02508052697951
2.78703095573186
1.8861277367166
3.8799613378354
1.79285585916052
