0.116354396425508
0.807884980887866
0.363045504822003
0.846781653197921
0.204969939035142
0.184361201284842
1.52889105772402
-0.31005257198138
1.88305696336075
0.098062855725544
0.153104530709292
1.05650630990646
0.214245029655153
1.95764616292485
0.764346011908047
1.52440142483454
0.834984929435647
0.899139883083021
-0.280182206145547
0.212067196152626
0.512582709459711
1.37774691400774
1.22968976404441
0.233614264785747
1.45842676512019
0.412776716486674
0.592507365864629
0.477424449806017
0.110408883763805
0.923357725028109
0.509524950232312
0.397626502419025
1.46622211284271
1.36636039012524
1.45212872629324
0.12738830804803
0.972462220256178
1.5216141474644
0.0409906689452772
-0.202299732359224
1.07259812213482
-0.0892359333878891
0.353143326611883
1.45449068290011
-0.695206510837119
1.44714202906908
0.760276668957084
1.37077258189887
1.03500951451359
1.11145261313358
0.729714076422658
0.416225071617532
0.10290804327665
0.660908211660042
0.0567843582618595
2.73794460250855
0.395763967653769
1.53827148923888
-0.157424389205231
-0.413348679488346
0.948069385917295
0.0271338172907256
0.783374608882932
1.12970045191473
0.620370643767221
0.110415464594819
0.391553820885089
1.67663576261518
1.67501082615935
0.39098180658035
-0.446671037508673
0.0776488751313683
1.74856509378685
0.206791897829887
1.30529650526976
1.02900854709933
2.48494020939936
-0.134479694974762
0.683689663349582
1.58542780659041
-0.0581917463224342
0.27780916434848
1.56763214923403
0.121124701575026
0.0751514407541962
-0.429609686631605
0.416791258019521
-0.508755212616473
1.22171105669985
1.38595297925413
2.28333628026982
1.04345060918267
1.5097811188377
0.869982316054646
0.0195998697524726
-0.431308384265945
0.858458764230867
0.615008289732884
0.871282930995088
0.670467162789505
1.74984828748407
2.84611487752688
2.47997928623461
2.45832033980821
2.40303351946027
2.78731456997711
2.15829557750363
2.96462788659802
4.58978218312611
1.96898026600917
2.75013312579778
3.01363277646385
2.4976736407828
3.23383047809536
3.60597284153736
3.86017513641075
3.70677223403467
3.97146179330714
3.3638509660503
2.76234167929159
2.36195105207992
1.55063680316144
3.84034407324238
1.46753014412927
2.83114347269149
2.60777039698106
3.90927244528771
3.06948548650899
4.26858325099973
2.6793715578821
2.35020005116314
1.9561897062038
2.08997602443128
2.95262094031647
2.85865962190571
2.75702982771538
2.31224386192905
2.70786540429959
2.49715388509783
3.26749077433097
2.91171689360174
2.01724347182564
2.89558685147235
2.08684930836351
2.39130352485662
2.55338574980201
2.94002311953778
2.57389559053604
3.6679001529802
1.31952928292902
3.10640392672587
3.31378640700779
1.8714400478364
3.15852337790209
2.57105432947463
4.33879715895832
2.17992488465694
2.24214941859466
3.65053863134605
2.48698004325468
1.81559712115055
3.10312601331773
3.72883235099022
2.66756675575487
3.00353559659734
2.64952061923064
2.06266575893711
1.3225270248929
2.3945419197546
3.41449154375583
2.93152979669259
4.55827643960356
3.70584572664895
1.11750010936155
2.3767682938795
2.59250415961017
2.78907341184282
1.9535400809905
2.12282078454653
2.4253552717593
3.92939605713319
2.64494807906782
2.02095708563979
2.38307453412113
2.59516118984768
1.78492517430508
1.73026029277003
2.85980098074281
4.73521502748567
2.19994527354073
2.69845979326627
1.7391689136814
2.41940615714521
2.13396230782438
4.05798913978793
2.58183726110733
4.51264685350221
2.94467602991877
2.23829646112253
2.44810950275649
