-0.31266145792623
1.11935632902333
-0.151131979008124
0.963654854349904
-0.212517114661092
0.31789942619027
0.895270064916812
0.958472098340459
-0.278015105824159
0.0904748806615037
2.05931432547889
0.586316396344849
2.16088976785252
-0.197950186780143
-0.647489860520289
0.77876320642423
1.47773887697578
1.69656712656822
0.854857920302207
0.210689375125428
0.138220862031752
0.111627263118948
1.26587214383818
0.55689801488993
-0.913111025902568
0.0435862460680958
0.996141369633868
-0.671915049387541
2.17818895656033
0.0813548974252575
1.13529416338921
1.39798170496448
0.567120965457614
0.870313419283894
0.163226425130487
0.0321558147459523
1.97563535927544
0.471856893724357
0.306057591522888
0.5011996621929
2.09762670354313
-0.0706238072315201
0.745163225742289
0.226881938487953
1.18796379255438
-0.407964526313828
-0.177057814326629
0.0701491190587844
0.19707088966659
0.978386342907975
1.2234122535461
1.06544315510072
0.893555169710996
1.37718836391278
0.0977021456456714
1.84772403977838
0.918136884271929
1.40391918960595
1.13978697594941
-0.0548865576060543
0.123687331551856
1.33134312913754
2.10490815643532
0.423588018339019
0.50784759932634
1.89041488590616
-0.0459417127942294
1.84642159073489
0.209790967522379
-0.256708624007107
-0.188412711619382
1.04739564589674
1.55284709712184
0.843634488088126
-0.0616724445353372
1.05675759039062
1.16002576711193
0.470029193288714
1.26128253289249
0.390289675970157
0.612363460261198
0.100932106886575
0.372096638705852
1.99950276780729
1.05299381260996
0.88280643580803
0.320153824338916
-0.784559966881664
1.05268668786813
0.137462095372873
0.68604204096183
1.71942910061285
1.14096528370791
-0.0864579146311963
1.22840826825811
-0.0517396588720682
-0.148520534691048
0.468824418114082
0.45612805390707
0.951198124246947
-0.067431627851079
1.46832794790485
-0.00523761071224746
0.473161688029184
0.864017260718288
-0.169369684100729
0.738781532298387
1.09447888237772
-0.103491368228767
0.799211285773252
1.59346080759041
1.88958582802013
0.550313436997395
0.883977108414072
0.546838839227336
1.38451280536876
1.59317995013053
0.456253424619064
0.257883839000115
1.54438907732645
0.163013139233189
1.38049473005978
-0.207288494451972
-0.051103039532237
0.223191225258475
1.13364377551539
0.972339615816982
0.687511777268254
1.74335169344762
2.06827540032328
0.535331615890631
1.05620326791389
0.0973632846471007
-0.364032189979436
0.0887179745649969
1.12609696617259
1.32341101322179
0.21475246511758
0.965487578121707
-0.406493896911068
1.13359334190328
0.164246187700315
-0.180240965427285
-0.397573341567153
1.38890632634627
-0.760438611485717
0.842642535744377
0.493195569154322
0.450075643495416
1.03063013190367
0.114755895347468
0.623815825670494
0.806877252302166
-0.148690105439229
0.0378739709999764
-0.10964661033564
0.381278732152833
-0.555932713676404
1.17342142643313
0.844110205824246
1.35251514118832
0.272844633577285
2.06111482568675
0.368540816267864
1.39198094449887
2.43053411841035
2.0580316634227
1.40028831344153
-0.887928668900386
0.121897120652784
0.528147485799074
0.614775524783167
0.820786577150308
-0.419858917206694
0.266549616141544
1.56353313236271
0.928126255885494
0.516017794429151
0.917111158760325
0.116414063189499
1.01578303944875
0.144269289563762
0.873594460982234
1.37764493730725
-0.463370293037963
1.15110938212624
0.78120339074532
0.62365626949341
1.05917463534212
1.85383562914836
0.464203272598218
0.819357695825092
0.969822412846599
1.14950063277511
0.751066273964341
1.5088454500605
0.873981028865615
0.563835499254941
0.0107811733306379
0.619851491966909
