-0.177183131391842
0.993273436229832
-2.55110890247407
1.00992519545999
-0.438043138639448
-0.813714430135111
0.466554680280373
0.217020702115477
0.345551137117347
0.169861817757463
-0.350232886344872
1.19444607528327
0.447254940898234
-0.600482995970715
-1.03362966253662
0.0101910358514675
-1.50343292950762
-0.292278614761907
-1.01891145035622
-0.15472367609614
-0.228589528436373
-1.3367559828207
-1.42212373838767
0.942593027578418
1.02502778384872
-0.65048232155462
0.586328966449471
1.75353984218951
1.00517396053905
-0.211838957681887
-2.01251562369198
2.40646964369259
1.18648797832584
-0.410234288863966
0.207511367620249
1.59526145379178
1.20549135886973
0.267908908720652
0.738605583025201
1.3342935411393
2.72018559605611
-0.363859459736612
-0.625502878238671
0.522676115286988
-0.396215303410971
2.31320717537005
-1.42013683346555
1.95018238195927
-0.89131260897845
-1.35666036970001
1.78948537145548
-0.350803898172213
-0.664694356813418
1.54700091673999
-0.86860446674527
-0.0925074903888879
0.417186754309341
-0.206179810436759
0.564438171412494
-1.41165544381596
0.195874859262681
0.0452656015698455
0.680231011409114
0.0951556992399628
0.180569110457222
-0.728558950839664
-0.172624715125072
0.342503843755302
0.842348334592307
-0.542927892527008
0.54582518652361
0.36685621844589
1.37802035045292
-1.00283212168639
-1.18005630553365
0.103498372927076
0.509792300735911
1.26237503245174
-2.19207731398786
0.745238162223403
-1.49490563584151
-0.440533443827672
0.0885795389303222
-0.532660150264184
-1.18779265558755
0.674503264668818
2.1825985662416
-0.942056253665142
-0.330375575706534
0.0696138468140495
0.857279884024346
0.0397264701811603
0.610770636975714
0.554587829745256
1.5685994102712
-0.00609323323813049
0.255885590635889
0.442028365690264
-1.37117415617962
-1.02705651693411
3.11281311339716
2.80175265524122
2.0998462204628
0.700620515934812
3.17049955181142
1.20239489591411
1.68659339169796
1.37593312483494
2.00347307005698
2.98136800049226
0.589025297434729
0.581823931619105
3.91037100225389
2.99801318204219
1.00184640330969
1.04334852388799
1.67783350086626
3.08032074923573
3.1953981210209
2.68720451889098
2.90830931059745
2.5365085858274
2.75518085452671
1.20999236577815
0.329366081865551
3.77530984031116
1.59465450682233
1.73047292843367
2.7399059253393
1.31401639634852
1.71330954360742
1.61558885707596
1.17448474909213
1.66456632355271
2.80485262364282
1.19437514397826
3.06070974698994
2.6841542841739
0.908521104314512
1.88101739697013
2.36600409893964
2.29355262980716
2.68283931595157
0.712899430787124
1.01399121804646
0.413368173833389
1.52319292880146
2.18882380418557
3.40925382184279
1.20006109761108
1.18922565272179
1.78857184980599
0.225473325418444
-0.107144117760231
1.9478621308454
2.79211988573981
0.853812196886174
0.87442297920061
2.52542804360737
2.46005095772581
2.19577744724118
1.45690618609252
2.13992363291749
0.373449753942627
2.01027680099865
3.41186549377722
2.67499568307989
1.90212599327863
1.8149008015371
3.34753285135069
3.47737500215609
2.41477608821856
2.92234924989904
2.268630589
2.48553871567776
0.179504355314424
0.68294688261561
-0.338040384716634
1.53621331286641
0.359143507043825
1.52952853987573
0.30932584056272
1.75081456200527
1.44091447098102
2.09364812191852
1.70037803299329
1.86280715640312
1.36204253482743
1.98947422649013
1.23327542476383
3.36879560418188
2.00508571187951
0.784134267629969
1.72558704468354
0.0636543229694608
1.65642474133064
2.09589490649535
1.98937914990707
1.36259239282249
1.89703420291048
