0.425754177346736
0.37143873323669
2.10642592599755
0.836439465828612
-0.559017955928868
1.37768369843179
-0.0899866386845767
1.83340933555497
2.14679135739624
0.658643523461214
0.403290837112901
-0.212136048144424
1.76955672921252
-0.577302754403284
1.50816875776317
0.949332487322336
0.0976152526357538
1.07122464594876
0.379241482148373
0.239124830771259
1.16967071375053
1.26233604306054
1.43193462826576
1.13315016557895
0.488963060248604
0.341456692524798
0.543710597441718
1.00198353351544
0.660256196533895
0.420427729186892
1.34862596825429
2.08848040435238
0.235238663844724
1.82196275104541
-0.253610030664114
0.985151939988443
0.67767572886362
2.58560930708777
1.70583667601123
-0.0799014384818828
0.664584823865937
1.7183551422419
0.487304665896833
1.03150287224271
1.10256881876353
0.95012514495855
1.13089054109323
1.16050097135867
-0.815592992823205
0.619034126983
0.573047655030857
0.940772915542713
1.7335370688782
0.526250671342339
0.111032690062341
0.652821722623605
0.650722444340964
0.704872621053305
1.12256215740995
0.16568006988282
0.706850556486292
1.37485013723898
-0.464650471758883
0.269863480483756
1.11628435800618
2.24461656543839
0.364589472059266
0.0790217961545178
0.652223241159647
1.69641358440488
2.06636929878148
1.33043572715173
0.540187385215831
0.779568363664992
-0.28141399575565
-0.0191546628276447
0.752193015061599
0.123059051217985
1.4530675763999
-0.244856494616996
1.73277247300531
0.924765591115679
0.842530563892953
0.44173842901718
0.869196764506749
1.58354938387836
1.30453391286688
2.89764869952891
0.516330735387484
0.245175368798822
1.37579116430261
0.7581891062443
-0.128778793280585
0.896787084033565
1.08632795386079
2.32046951811375
1.44987711008344
-0.406941870455983
0.535333823907309
0.833539721463654
0.89974081415411
0.0239811307436345
-0.474513713200176
1.84287147630506
-0.0546403858137864
0.892737326039772
1.03835604154414
0.927179644955509
1.08162856504561
1.24008567165796
0.480543692086353
1.81962977704864
0.646215778036061
2.49209522021416
0.315789222634086
0.8229391700796
0.765975399448206
1.04581334795611
0.396670536043311
1.21177771653236
0.810601957767773
0.77650681251933
0.252005926602046
0.494178433781375
1.02206920700306
0.340031811235397
0.22473353958708
0.934498085717585
0.668400992989513
0.100728840998932
0.169297791650749
0.479750231535235
1.06264540185799
0.864127383099647
0.631123853509354
0.591392893657812
0.401112114348359
2.33040623914331
1.22097127486684
1.14289360288341
0.952071732404059
0.198548262929946
0.813186752938455
0.575643105848764
0.253392296151146
0.344808394599628
0.474142104929268
0.770407756071848
0.884698422879439
-0.13234681334336
0.80897890572787
2.79202686825989
0.803723821957572
0.148511621998821
0.893318989906425
0.203789867730024
0.269608177690441
0.9716288646315
0.73673690452302
1.48488329482464
1.45802129831872
0.306677290420117
0.683406706328639
0.155155473754172
0.794108973815216
0.281158785474202
0.366528453944021
-0.112656090634698
1.27688292417616
2.16983746062156
2.26067586639161
1.38303832152773
-0.188386252749368
1.14593348641438
0.198846562964325
1.75597553522574
1.23536500877861
1.4424089958007
-0.0510869137149119
0.0899221161368095
0.623974740070566
-0.5352533381608
-0.59003952751117
-1.24722413930294
2.04319240242363
0.771485975994977
1.09730112314718
0.760571465193655
1.20872185601998
-0.721552743671256
1.2923378713067
-0.659370819681033
2.14564808526161
0.415133283918607
1.8102176135709
1.92565970393525
-0.635761317700458
0.665421442080665
0.343812352379507
0.748097110177696
