0.470531209158923
0.43473707559754
0.914527249924764
1.92656907912534
1.63884284199272
0.212796733006883
1.64125692273042
0.933192748873964
-0.0620966830826793
1.16919627521041
1.46765852157315
0.576770297874378
-0.410769358913158
0.854464200106022
1.06853628036186
2.00764752827418
0.579288574100442
2.18495512326866
0.834447184799182
1.55349181282705
3.04181289346674
0.606788783016284
2.88044010361272
1.01744032288566
-0.262002508451458
1.85490725463279
1.91163070161452
-0.304602127178487
0.289892213557411
1.13745512210237
0.780264802906215
0.0258461829338549
0.487775686437013
0.706454119317054
1.00951458165323
0.943204601703659
1.06665406551712
1.01297406643926
1.19407675119808
-0.301799612114353
-0.194679063423361
0.316651585777404
0.329268349571447
0.425560851253348
1.27503940852492
0.881888591548294
1.19096146467198
0.688466482317364
1.97553970956862
1.15222086922491
0.404056912778021
1.81844708136654
0.772891671333833
-0.779866628662667
0.299657713668714
1.71114948874508
1.27079791422403
1.45682504598359
0.69243405801064
0.662996930728786
-0.162131808898173
1.92115960825572
0.316595772755901
1.24454742244211
0.709003685639009
0.54879999805202
0.631665088587027
1.49053933386429
-0.350396428205017
0.524560288034499
1.36609956755273
0.0111938858222493
0.183227912430641
0.819234613295852
1.52425003941448
0.32525107187837
1.12654968251676
-0.267093321600319
1.3756286100654
1.23154346508808
0.174417222310887
0.797211452165876
1.30386189312823
0.427216099409344
0.353265461356417
0.924078087056433
0.775032418451658
-0.180770437995762
0.297875938920084
-0.542077292045825
1.19594278668993
0.473120858354351
0.875759879956382
-0.17013239139063
1.63375195901335
1.12886960837629
1.19866718646243
0.239052702608407
1.00090743103716
0.58430267792825
2.79624967644281
2.20017657488082
2.79488627433045
2.18047084696906
2.61597332919724
3.57342087259899
2.84863737142114
3.48285452043769
1.71401004506758
4.06242539361984
2.21396510423256
3.28857107538434
2.24693671208516
2.7837430299106
3.48722856717741
2.7985399309142
2.81362743127281
3.94907344468135
2.02753898997199
3.1570499851289
1.81056532586527
2.51946339959039
3.64876195069207
3.92055177888224
3.19461442296974
2.46404270780636
2.85519222754529
1.95402278340476
2.04030078892011
2.27603256035483
4.13813499488063
2.70492730869069
3.22701854515628
3.16631454193833
1.19013824095647
2.89279532721414
3.02451701511103
2.61281328145677
1.79744117527955
1.91945359502066
3.00401776452351
3.19627155418016
1.7727162182978
3.03542219153627
2.61402771423383
3.09837031443102
2.42423744742637
1.64131577939794
2.6537618953395
3.66258767492228
1.96266719730447
3.6756818516742
2.05929685926764
4.29287003765312
2.10204165396155
3.41141356576859
2.95256642354432
3.74537107706037
2.9775774100545
4.05028358664206
3.47676416467477
3.15987142864277
2.21616609322075
3.24223974441997
3.2936490862522
3.29181760471884
2.78093759039587
3.44803363793806
2.41010429488378
3.52746390215449
2.69487458376196
3.12405533468487
3.35285691344039
1.9810370637105
1.92070232467973
2.74049867215392
2.17069411193097
3.25927337351984
1.84295276584509
2.53965469565453
1.3805540181695
1.43893906936786
2.72452195330416
4.6066829648333
4.64207142282248
3.32803591365362
3.61201536843983
2.9999819390307
1.98847479829655
3.67491348543903
2.98643174614498
3.36429009507846
3.77914145731044
3.06799460045403
3.99635979963173
2.50026305481244
2.98478782712615
2.73993545184884
3.9437073131692
2.41907862491411
