-0.692603184312364
-0.67234811413006
-0.987939765133754
-2.41344922657109
-1.52589566391692
1.67694006295297
1.84203931465909
0.604153726712253
0.413258552315902
0.729945411609014
-0.0973159084029196
-0.6726479733844
-0.20948058547914
2.10508576312444
1.47930474731767
1.04798723841202
-0.303882294401824
-0.0625385703466126
-2.12886861302822
0.184503938302959
1.79451688897237
-1.25976107572867
0.680955696612821
1.07381262105701
0.370809636300513
0.129482381339205
-0.120072735318642
-0.427885445755619
0.859989773574529
-1.59637397844977
-0.142340483483871
-0.303265607795763
0.240474576135705
0.529112982853478
0.193144953535078
-0.678624462768329
0.975930194582713
1.25012347393374
-1.03751379708708
0.0159450558726865
-1.14592582270701
-0.907236155862369
0.124441609754021
1.22003587868791
-0.284114155745189
0.299761688133269
-0.955503771782378
0.160534065597286
0.33978440117555
-0.124910500861056
0.170128980994659
-1.00292710900372
-0.536677543016059
-0.870520162680782
0.348383339298519
-0.82143921779426
0.229490649256702
-0.630493206532963
0.270794646200849
-1.4639622318444
-0.968665186787024
0.353710260819958
-0.0129244730012674
0.278325127895114
1.64389484765594
1.64435328881479
0.132211150965882
0.222187723086272
0.0171538219599457
-0.109315474511191
-0.368229184185725
-0.0299133246379492
-0.00484576238893566
0.279098789916818
-0.78802804052485
1.79470298639834
-0.213208192861249
-0.89905594144643
0.802465296094324
1.46398631619897
-0.372950482158138
0.391560165514831
0.96729440995319
-1.13131250558424
-0.331003912911889
0.851548591384057
-0.983043379492676
-1.02667815524155
1.22468801581311
0.365462402804482
0.160820044154586
-0.207242495961293
-0.108570030140155
0.811615348703441
1.33939736025892
0.830196100575848
0.242496109502431
1.78184963878561
1.03192094616693
1.18476163013973
2.15801003130318
3.42528734591926
2.0008983211077
0.137348525834829
3.1881423185206
2.75209274468835
4.73875673237567
2.53341463713989
0.875655714485669
2.15489262482037
2.68651884566508
1.47549236000313
4.53239572354992
2.12860828468727
1.03403446666106
1.61292739562547
1.17764807816994
0.602010834881532
1.69577514398229
3.67916415994057
2.09198046231417
1.33678597859268
2.06581065439514
2.683428569865
2.27582473190625
2.61557826177582
2.90110963813515
1.27105638144712
-0.727567269891527
1.93734084517178
1.06547603346254
1.91537946052984
3.21954614268574
3.41185208882224
0.555703752010779
0.189321784521137
2.73065777719867
2.82187319114492
0.225310031027935
2.06418823684369
0.895363607244619
1.60219514323925
2.28902051879043
1.1666576595115
2.07757646053517
1.79086252517193
1.2133209300505
4.04209922246459
2.97568965171677
0.244344115326411
3.14799745112174
2.00900027079164
3.05110445135497
2.45896597148562
1.84909912362258
2.40842913926021
1.52534902913893
1.86340852321402
0.605972037757405
2.58133784892879
1.64376587187376
2.91089902890264
2.51410448428
2.33924646051016
1.83409931143809
2.60660734527636
2.00021888220598
3.43380109983018
2.94364164466489
2.09688318359937
0.522294662224065
-0.459775679023454
2.42664940329126
3.16461882778646
2.43003542487306
3.36846143890038
2.14412792828831
2.68401687369501
3.55363243964356
1.05160903088913
3.06128173198462
2.95235186378042
0.693039538361424
1.34946598295517
3.10432353582619
0.959543454507612
2.86067471996961
2.99703661465693
0.8021316027097
2.39142912725205
1.79242567697892
2.26495369437178
2.78189401699923
0.569151261565747
-0.345291742070629
1.75049929016304
0.0720218249744928
2.66845795173334
2.8459636380539
1.99732163172642
