1.03600543138397
0.509495644135371
2.15373103709194
0.305695898127602
0.298323443577764
-0.0946916353133631
1.06328402686711
0.523855929549994
-0.528845303597159
1.6465440531658
0.422197940842131
0.221258003877758
0.834559223249679
0.489442863538767
0.354972482093493
0.803998187147037
1.81499298253331
1.84903084186396
0.480620600565581
-0.835163582067091
0.541379563135032
0.807428792930108
0.429969064531114
0.299093310472626
0.541337963599984
1.07868936290278
1.05986952448767
1.03066916840117
0.014833840835194
-0.3212033021439
0.168903366443823
0.508288747642384
0.0246239714481704
1.22526562106531
0.493331382983456
0.903479377402425
1.20388048520545
0.480550577813781
1.20042050634371
0.188268604307262
-0.150577705183853
2.12731230999941
-0.106370864139973
0.826978310982819
0.190096661108618
1.23574854973806
1.18523954599212
-0.234313658462714
2.41443784826432
-0.114277409171501
0.689984439329229
1.7390608295724
1.19772691614765
0.74218042482479
2.0095747940375
1.47196483819137
0.206503179243039
0.751191683570258
1.5157487921742
0.569793978141395
-0.577540815175557
1.73451432263108
1.57153333125152
0.526165255634693
1.45452895873814
0.745912933456835
0.336331728451828
-0.189072761850989
0.400045457664143
0.882513517945088
0.0941950288233797
2.21433510077779
0.869472342466632
0.378551255363405
0.41892482728057
1.16622919620116
-0.22180670565161
1.07626192881157
1.1586885823164
1.94461269484743
0.611679945169575
1.11263196242234
1.19176532918761
0.677432521637029
-0.161795055175097
-0.1168550798266
-0.869866970800735
0.305427385665674
1.42840663342182
0.668442597509796
0.969820570459185
0.5597097988086
0.563612996300131
0.865533366153678
0.83050671164342
0.422964299422985
0.687469159938205
-0.342501207771721
0.815694683341956
0.909931502939727
0.635042903758239
0.296949128745448
0.128473381787061
1.69889129519273
0.745081994650962
0.311884853773152
2.06812597334111
0.0182768790488641
1.04560602977596
0.3149034103793
0.289837129730863
0.605487032079835
-0.00956857497499169
0.506540773376606
0.493399004955342
1.24221475168404
2.72814001652522
-0.258846033281302
0.484418884449623
-0.261914564214277
0.85194400862372
1.15397021043289
0.536529453182396
1.89036732129308
0.650526395712061
0.489534421277704
1.43328964553033
-0.237502266280484
0.068163151124789
0.387862861308387
0.526048639881384
0.541192698706084
1.49621888668501
0.917095777061469
-0.00785407879122801
0.59373083795549
-0.0546921093791817
0.411926000098458
1.13464609786849
1.18231401511923
-0.414494162827113
0.762009943989603
1.12537181184122
0.386118504529814
0.748830833700193
0.289692486455328
0.148987354293186
0.374293271212807
0.327906417112099
-0.208414025879258
0.398993021852731
0.44694020645333
0.545364463703756
0.251486299782371
1.49135304687345
1.26598143262962
1.07827322441666
0.969240939048903
0.274485675387359
1.30830353452423
1.90163707103836
1.79078588635146
0.533942003346761
2.03912781440408
0.433812503986606
0.267121945097254
0.384135693953223
1.64751387569991
1.14972052609585
-0.21254654176464
0.971615920750593
1.33565143691678
-0.211236051728971
1.73138896223651
-0.389563208294151
-0.389487322069589
0.564832998422942
0.254415964726652
-0.367514452394465
0.871590269699798
-0.0228791478626416
1.0041424071263
0.988576631430646
0.461083205603818
0.782159118585761
0.361943129234337
1.80331460932817
0.149201810720419
0.698551212812932
0.399814427854095
-0.135096289637866
1.60594687335754
1.87132771948397
0.716603054159267
0.648390334422254
0.97992948235421
0.544325906272959
1.60169335503521
0.640693098232726
1.82671526871516
