1.25152812546939
-0.821294827019439
-0.707799913626072
-1.29656268183397
-2.34765093428473
0.929713552305823
-0.53550841477995
0.392162246373562
-0.568064111269815
0.380392165266825
1.82141361159568
-0.885818544858934
2.38010546883636
-0.530398733217298
-1.35631644593394
-0.159241264504067
1.44483524171923
-0.887748160408813
-0.341193306208059
-0.367431060291602
-0.206825814166116
1.06668202251905
0.642650850463041
-0.180705785485157
1.38646001773634
0.508183126361942
-0.744660943738457
-0.601106440088376
0.915699924238883
-0.0600378104435588
0.277446751785907
-1.48841310102845
1.369535316213
0.37543428276855
0.407475968381798
-0.64805838349478
-1.11137056409185
0.420596188119634
-0.0924028263934827
-0.910419084695086
-0.692503304307548
0.0576304144627153
-0.627669924927164
-0.154340198716249
0.164738274650714
0.389153815428644
-0.1223771978097
0.528963641211432
0.611719270070264
-0.445094372651367
0.916370279534463
1.27596141621813
-1.37816456125045
-2.02402805567205
-0.848008868063418
1.33500557831409
0.100141944890292
0.175982515705098
-0.00999906309171145
-0.0385691540659976
-0.368741957062919
0.558007967017853
-1.74420088994824
0.568772949046607
-0.910255498052451
0.244901492993009
1.756064019526
0.28801991347278
0.688390091905618
-0.710467190477816
1.61240260760036
-1.76586453371017
0.336742720688182
-0.628634367226969
-0.0461812748777954
-0.458212879468888
-1.82966239351167
0.715660365816308
-0.370985943558296
-1.45405500622998
1.08768211784075
-0.0524292646100289
-0.696076155176222
0.320882809345724
0.244672958475694
-0.915955914866678
-1.70644178992703
0.649571007409952
2.26706157276109
-1.40304110643027
0.316926539086289
0.721075239950165
-1.5553664862313
0.750614751352825
1.96146444798946
1.09694465230275
-0.145485354677542
-0.17405750595804
-0.574957925679019
-0.0878081980784438
2.31622596232668
0.609976674441314
2.56143867880234
2.24185638223103
1.73507446929571
1.18095897358606
0.903978961623789
1.44217765740918
2.40095126159008
2.23569378268672
1.93500785268579
2.59063696952283
3.12405367058434
2.45334970105117
1.18229764707977
3.85191632355884
1.61218372164237
3.27844360059786
2.96605043282381
2.8908516495007
2.58476332807279
4.3351993978541
2.09271149345424
2.72577904363446
0.776931141625066
1.86628288556662
1.58069413623936
0.671840824831953
-0.687138868114185
1.53745183531601
2.79095128209324
2.07911585392605
2.3974537717107
3.41905775072852
4.34942341190049
3.09417540199426
2.16640037599009
2.95673546084001
1.49749588866389
3.68932338262745
0.659044401744332
1.2633030127827
2.14219214822613
1.44364720167983
2.09163848595104
0.454922091759222
2.83402363453987
1.63007502480214
2.28314023559949
1.00230614971939
0.220848546985473
1.4687451867119
2.47657939296749
1.21097855391614
1.27481559246013
2.03455934323685
2.17939423469146
1.70110616058763
1.65593100392414
1.90625572735631
0.941924045747491
0.193932275454821
3.59778517938721
2.08715881073705
3.50364271971054
1.58026662576057
0.850805825617257
3.29149946108303
0.895822997272037
1.5457769232186
4.65610232005529
2.47122639798229
-0.535450797870287
1.60622216708653
1.36902546448159
1.53942329740671
2.21656582064768
1.81182815510327
0.0776640444718311
1.4163695383248
1.42147290942948
1.32576309741393
2.21666027371427
0.821004181740657
2.2173372121418
2.74290679150571
2.10086792495547
1.77668832574919
1.57722018243567
1.15946805935893
2.11850520204364
2.10796638665462
1.21330661862579
-0.0569242836162665
2.30047206774324
2.36854550815598
1.69441467709756
2.68869257647504
3.52564865847605
2.61270246864409
