0.774542083970846
1.02691631403774
0.72429219824363
1.5484557491777
0.364055890737492
0.19486229675484
0.528546705647394
1.46806947636443
0.207770918657737
-0.0429628941672502
2.61121592014907
-0.215137839100779
-0.0406202589911286
2.15635448319002
1.10107233619241
0.394371683103622
0.224059632143855
0.032862212682152
0.378632293680525
-0.0586622560733659
-0.117586890687654
3.22168174799994
1.74380031470706
0.747536440065468
0.453935506242361
-0.0814645074001503
2.20218332500139
0.0629035226977832
0.104758893571672
0.33427296135079
1.78328832897754
1.44006051113942
-0.352530499075701
-0.161699624148688
1.22477514682344
0.80664640393142
0.397404182717185
1.02058979200568
0.607548573496808
-0.422355905779549
0.146988465683889
1.34860902749046
0.159448059464927
-0.0932833712344146
0.702169537288531
1.11915588469651
1.15299134151242
-0.247882719500973
0.86959746795308
0.842936152232178
-1.12897010005682
0.147953553217275
-0.135280941794037
0.514814370287113
0.491525732764952
0.941132202647486
0.859782825487445
-0.908409280500095
0.138614850083305
-0.507965362720651
1.2304264318031
0.619105784965007
-0.0242391389003842
1.46202822861076
1.40066270656651
0.977932084314366
0.223832880768254
0.441273471342847
1.08777270019423
-0.653694250873973
1.02131815772981
0.664746163666848
0.161606002837048
0.198400938523689
0.209491780073998
0.831015578614185
-0.409451042003192
0.859158782280942
0.985581133627296
1.1190774409832
-0.0441041666064144
0.509948417867829
1.02860792067555
1.2616663911383
0.0720079136515569
0.935401591414561
2.02334275657903
1.51446128266491
0.820201563421579
0.525409269527978
0.806596081512937
1.97970537837954
1.9233266704296
1.91055409944067
2.32622823293534
0.989113858932659
-0.327934054203647
-0.0908099248258437
1.32634541530734
0.16796088665594
3.05487424134502
2.53238699786315
2.76350296123834
2.37551479784037
2.21885463464897
2.56334893399666
1.94606698109456
3.25531168902958
2.81119191505408
2.60417102176602
3.02144492023344
2.79753787942048
4.37483895624115
2.33193674622726
1.97943625820948
3.60203823243643
2.12381054893239
2.37238448606833
2.95898159944236
4.08338467272545
2.38865650622395
2.44728903032989
3.32985516441426
3.23040081254833
3.1666170195012
2.53266806034568
2.20929234329004
3.04302936249078
2.50984163164591
3.39742878326837
2.53171922590345
3.28803499653954
2.0049059005181
2.59269343218355
3.37274227975788
4.0108420890519
2.46701967086201
4.60023113651145
4.27289636230271
2.0196112047493
4.30794088585875
2.92013275756254
1.87789100007637
2.31277083705309
1.91048414651132
3.18675708463552
2.54391287595058
3.21955911591073
2.16122305880548
2.89806584670251
3.95475869038131
3.72648518289912
2.14081677873814
4.09364764179859
2.58509006696661
3.77982918593395
1.76008895943474
2.51190253252682
4.2701279688898
3.24214572199244
4.7892687147874
1.93031077316552
1.69308587619708
3.28255245314246
2.63267581085945
2.89426403994169
3.67670100543471
3.26803699176366
2.95961648348906
3.03775096629597
3.99951792180329
2.0020750929923
2.00163977314798
2.01012943061954
2.28317176186904
2.06102758954291
3.49391309482043
2.48062633577896
2.47819736890012
4.27986082429944
2.56679852740815
2.6396261965668
2.66382571943055
1.73404067286478
2.75366717293187
3.369460552774
3.28088684242884
2.26326162786748
3.25717195263929
2.37780272113055
2.47540687728297
2.89528885309494
2.6246372046575
2.78089007175514
2.73432906253742
2.19926195799872
3.13482844812234
1.05112474149067
2.65698228009383
2.8082456671374
