0.278563258302144
0.756484297258759
1.52744697072219
0.648036284313994
0.247255415021925
0.210765794906557
0.497537516027844
-0.155180645492836
0.446425969268569
-0.322847700271048
0.2258311249409
1.15767870970078
-0.645881217123966
0.938815296858601
0.627365509498965
0.930786618594071
2.2887456555248
0.995263985412234
0.953597062075453
0.502609758787329
0.704657612261576
2.06522901054393
0.132776892096216
2.50538601284425
0.328957988856383
-0.145516085477935
-0.291457147294609
-0.607190707192958
1.27621156221961
0.557184922059644
0.57189520102822
0.726740748948649
1.76821440245658
0.00709084589856446
0.228309332166872
1.11968472078994
0.373162876141439
0.45480421149192
0.420908163247795
1.63443698249012
0.92671822994544
0.828633292375933
0.327726739483835
-0.270028415841435
0.54999556508386
1.03179424819804
0.418329591982278
0.423533090487409
1.75548653520163
1.18455151929429
3.06770294850385
-0.508937361460006
0.653940409163029
-0.0739000780360322
1.00506313446119
0.00491700972216738
0.0320125980219148
0.676014461021182
0.410910763286255
0.211921410064778
1.48268704166237
0.332682410270758
0.66841600451359
0.110205338633628
-0.396294892418697
1.05525968399314
-0.665258724636393
0.151233084040066
0.582124136620885
0.480234167994642
0.469468683471762
1.61268011876989
0.623547573235806
0.246543169578133
0.0776110406838275
0.370268638591592
-0.28841404659592
1.11731729629622
1.61448131910043
0.46740343329285
-0.0179248195090881
0.926469849922133
-0.0900347633815384
-0.329058256153574
0.245704205083731
-0.00916533254319996
0.899217805469089
0.632035300952251
0.0295576567790292
1.60523195859462
0.229024116071768
-0.0548639418013911
1.32254385055545
0.559229669712189
2.98799022538263
0.951645350637961
-0.457843007875647
-0.377241788912844
0.798918398892385
0.983900107895235
2.15127260248051
-0.568339951995464
0.73637046762188
1.12079907196107
1.27652406812258
-0.837963281116348
1.02315969479759
0.0849467615642256
1.23381677607199
-0.0702418526262477
1.0541996753762
0.831997865061968
-0.756525759750945
0.446729404181038
0.808238743681963
1.42989164777709
0.783318848876186
0.976304454791154
0.587833834442174
-0.0040405561982898
0.372722415039868
0.136772582971828
0.359746321825557
-0.203053762766693
0.611299531449108
0.472849264212702
0.376997798322091
0.0363571367850134
0.700871040670174
1.92430747236184
0.184926296060193
0.358476669297206
-0.221341964276414
0.283840982849594
0.344055625038114
0.628227398277044
1.2865144711233
1.39873804077838
0.758773311920997
0.333795546002814
0.120607710604909
0.262692445387877
0.803677416885391
0.209055382507269
-0.163620961601069
1.06817469192797
1.16769929287623
0.587549504461463
0.263911300549599
0.71513886780508
-0.169568767669993
0.775489736886339
0.762445099906017
1.14348104249769
1.10846689733235
-0.150161311295636
-0.0800364156664946
1.37529727199069
1.35069084433285
-0.465214268835613
0.799232600835562
0.702598477079015
-0.138401150711451
0.281424006601802
0.2808798770654
1.41448083176941
0.0683443933677656
1.13310944307673
0.600040077892108
-0.135389322018814
1.16786530907587
1.40540635895234
1.1718028502324
0.360266359635971
-0.118888833664829
1.49329607513227
1.29806413901155
0.114035013532904
1.72092135441399
0.917727481802325
0.874852914316304
1.34152255153224
1.452817479756
2.58995765080934
-0.185806591420378
0.44651662479772
0.847748876474193
1.13961696349096
-0.0989098218571783
-0.284424325232275
2.47707993866702
0.746161496002268
1.35704244270018
0.252531704892036
1.78711055285987
0.506935952890145
0.0827197777078842
0.782032998674243
0.798924671796807
-0.214982306388101
