-0.598417643306493
0.189466367686183
0.441874406736081
-0.903576990973141
0.154403951739489
-2.1706109365432
0.276314964157715
0.327460652789442
-0.0219151451804818
-0.753272356664861
-0.00513908543905292
0.494674413203424
-1.28489793299833
0.140663873392484
1.08561741626451
-1.86964875485745
1.13105449047685
-0.255223843665565
-0.110014050294983
1.4002449169
-0.686742789885115
0.527994683768132
0.138148918670875
0.0225370638301487
1.080366309617
-0.394469485378197
1.87489852495177
-0.808602767278924
0.917315335756591
-0.319371426359053
0.557105788716302
-0.183990488559075
-0.482270415072283
-1.00990901420898
0.632597243255315
0.164122867665517
0.483504861331142
-0.506576249212045
-1.30163815768968
-0.562938603968823
2.07635679781483
-0.240552537091677
-0.0143892342143062
-1.38210322408905
-2.23685627079277
-1.50488857927837
0.742126449261886
-1.02595622197256
-0.0951804044159731
1.65486335817466
0.677445511944928
0.751737012897939
-1.20155920528872
-0.102020540930165
0.582349656150318
-0.856000715998586
0.73289144203163
-0.187541361158974
-0.853775706687627
-1.09296343274418
0.0496640234321755
-0.751127386834172
-0.777372120474769
-0.723183872179398
1.15056319611567
-0.496733643697046
0.0256706472648328
0.00790964082577802
-0.109865960854458
-0.211804203904391
1.51872539410428
0.181913817536835
0.472976511607388
-0.317110134678157
-0.780213085898982
2.87626257685833
-1.85311343411182
0.15404737332443
-0.492011379360153
0.98973745380258
-0.307372293665157
0.110397084817099
-0.969698465414465
-0.156649996278474
-1.13989876088862
1.14516051851243
1.72439593942326
-1.12845052652608
-0.713771276019724
-0.0663466905151797
-0.402142051481454
-0.219233992170564
0.431908757464597
-1.22845560126427
-1.18533041645973
0.262276039144599
-1.06629825310929
-0.103013713519214
-0.635562862359078
0.720272822793918
3.46672740559505
1.78762932757383
2.11832625149986
0.650860537412226
0.995206404220985
2.98397156045826
0.423563987123166
1.88126740284356
1.88716771155344
1.91072621581241
2.45458071200955
1.30560352897305
0.20165928438659
1.17736982622377
1.97576573381375
0.277659813569046
0.0262539284403709
1.52979637956492
1.23238050669333
1.33968487223119
-0.0203257005716382
4.09427766832079
3.88671987715268
2.1841154112407
1.59132016531846
1.10789969798011
2.92448947190817
3.04723025545803
1.54667350682031
3.34078079979202
1.54090812092334
1.80495599893971
1.45720451581235
0.975649883295852
2.14918395147734
1.98220860775958
-0.609483720923318
3.45778170065756
2.11222493744577
2.28558593357921
3.54165187885361
2.09896713332617
3.79880703291519
1.33496504184052
2.80765659566644
1.06623983492679
1.38759031276908
2.29077685194709
2.22285824445027
3.41482107179116
2.98923820139629
3.10453237832135
2.4265295052182
0.54467050668905
2.51798155029589
3.10314037421771
2.11364867814579
2.3442559493719
4.53652676835208
1.34777727049716
2.50925069263051
2.63751542075371
1.5918881818092
1.61566897624099
1.69904122918855
1.68318881950745
2.0927860731263
1.84561962173902
1.95943051919114
1.88806360871511
1.14964691304234
1.03548463605236
2.38539668933795
3.80672487054795
1.46856024723207
0.243181830219686
1.29896429247898
1.0481574581667
4.30044057384307
0.0571623308021942
1.65079626015164
3.37071694633636
1.0679108170733
2.42170753058574
2.60930111736973
2.30937315470453
4.09357606115601
1.84432655374526
1.42124177199135
0.595293083629222
0.700770116358427
4.02322753794658
1.0827997687663
2.38070198239823
0.915073942295757
1.2602206520572
2.5810728201936
0.821342380657704
1.79796122329985
3.30624855827024
