-1.64768464024689
-1.09001873711713
-2.75369069677893
0.507699637768568
0.951315853902613
-1.25178537454463
-0.147545115942481
-1.77004514707643
1.33994764509041
0.42281715695413
1.32734449421617
0.617062579334491
-0.634844752484406
0.217561128451551
-1.08883376679224
-0.689584778053426
0.658203475902898
-0.399359962725557
-1.777151943761
0.441351100536741
1.26755588621037
-0.565564647615398
0.827838894750956
-0.0596700261800418
0.576485968118393
-1.08916871758614
0.649005831510719
-0.636809843378802
1.04622968037163
-1.37439126499825
0.495778159445708
-0.89839629027088
-1.16659374991098
-0.307681183708752
0.665361309053046
1.48193606775506
0.996880378371221
-0.920753966373541
1.83104975503022
0.0101101789078314
-1.28605998474912
-1.44918474539564
-0.297059727178909
-0.0833271397943968
0.28834799522257
0.752172830164219
0.215404285884496
0.376695854107264
-0.850309024118592
0.441969883268742
-0.262304828238177
-0.599389384296013
1.25509731295312
-0.913558213955085
0.181951443457216
0.611275763742288
0.623066916642181
-0.0626474560733823
-0.807480986374104
2.5358145127721
2.98263570615613
0.482262678139967
-1.2543071654102
-1.45096884594558
0.190046416576548
0.601245730095492
1.26532424103356
0.611596244671785
1.2368747830421
-2.04152739805124
-1.23779951945409
0.149851734214348
-0.474354080357435
1.12776762103124
0.276597740445053
-1.08569635274766
0.227451177938246
-0.598929451289531
0.214463689168053
0.673283683980657
0.237351531128377
-0.487405466520806
-0.926836546671303
0.743121580407564
-0.213623283839266
1.55306453220697
0.0960980585246753
0.256082027680626
-0.36130579349273
-0.92514075596746
-1.61361753473557
-1.99234676634746
0.68763277817329
-1.54031341790434
0.141514274137635
1.23819228154835
0.450028277694855
-1.67392682281677
-0.400611113889982
0.779215747742589
2.31566416329105
3.67899425849368
1.15530379742902
2.35037370384467
0.461431464754571
3.21161449378683
3.09173123631527
1.76460036013268
3.8377041799607
2.06364247889163
2.28314491949185
1.57886230327958
2.08293908367272
1.86216683487478
1.2102068070535
2.51644243252621
2.6520137731464
1.42982146576275
2.93100388345584
1.60227656837364
2.08058445190457
3.26349423495147
1.46592852330873
2.4847661347869
2.00186365435632
3.26020914920958
1.984172772112
3.54727844305044
2.08388877517798
1.87572162972372
0.953302925599822
1.88289469892759
3.36556420694975
2.3886795605853
3.33062706903034
1.63994367813529
4.36352230965417
2.51662680416415
1.41879089068422
2.41884983580247
0.999912946500869
3.06420457745166
0.583212005502604
-0.0303341257693064
1.96906942869792
2.51522795387888
2.73616118017953
-0.522141677040981
2.37192148666587
2.01611724958261
3.00017538894873
1.63802471491315
2.18194438576893
4.3714926463572
2.14157884499405
3.07406861804739
3.6098757985321
-0.920266405674279
4.0702928645485
1.68455700111166
1.71358686640877
1.97750481963482
3.97438786361492
3.43072786953694
0.972229296791566
4.39788223372343
3.57064557536342
0.530212527359674
2.90697397014405
1.16769739790064
3.3028126415907
1.70747520787586
0.989830765764823
1.70976422591167
1.83862331274227
2.47405709859582
1.35172203196037
3.08472552526587
4.78348048254676
1.66026167195239
2.13853647276837
1.13975097926608
3.47268796862057
1.34979819134833
2.90711668928344
2.16287388373806
2.36502062723944
1.70043439240819
3.63420281603443
2.34547682652007
2.23312528786215
1.28214233489716
2.23452842822209
3.68330024539818
1.28583688703624
1.74259674915198
3.49080470507238
2.15331248859178
2.62131661028513
1.32611476706873
