0.276943015481831
1.48762513708088
1.40420196251049
1.65987512314262
1.22942932889914
0.174241970314965
0.851118479368548
0.717319876447952
0.938571105732531
-0.00139344239003308
-0.412691470752159
0.564725542286627
0.279645003534719
-0.594277321252248
0.308637043554602
0.687945553851768
-0.117815273164115
-0.118661688097406
1.01258919883749
-0.367224080664612
0.751768110296226
0.548100051747367
-0.0748597760072002
1.34647446795164
0.0728051672852134
0.120174875325005
2.35641291539338
0.62399398517375
0.454514997730912
0.77502529512226
0.40419802675853
0.608144001981097
0.63617074949143
1.35944875232548
1.16402331317852
0.814469327163641
1.39681826880357
0.697291376750613
0.585062820329313
0.137200878203642
-0.22363130695921
0.769803997911287
1.24416513128903
-0.00669027223844276
-0.424712592329508
2.63757722658041
-0.647128614095743
-0.194821455205494
-0.215381519932626
0.292386969349272
0.959765239020117
-0.203069287881255
1.29608013886368
1.42167129128802
2.84063827967549
0.690955777989884
0.96172821991269
0.637813015410166
0.765052868606515
-0.019877800350906
1.16211836399473
0.255433593084293
0.858869120954591
0.431980662107902
1.53734412396434
1.09411611208588
2.18926647642268
0.105207201191007
2.65615403794396
0.872106809003467
1.27144348827434
1.26292410494691
2.56998537490085
1.89795936838644
1.26579398988918
-0.22402080236176
0.584135003549361
0.160808061906025
1.46650188754924
1.51013221066063
0.866231213137511
1.39097546534047
0.886600533526714
1.08942868851207
1.16808182654968
0.654232679078742
0.374103480913695
1.29209216796666
2.5054979722729
0.607650784556888
2.11510911523319
2.77850360145716
0.538866718358689
1.24709575377185
2.25465428753484
1.0681907618576
1.88884807312071
0.359121097299912
1.07188738490737
0.0949287075839302
-0.0867803242886367
1.02850043924744
0.0961782291394514
2.01258470481839
1.56828817327353
0.861350388667141
2.41078473861777
0.851185937908109
0.893684359808105
1.59535394485437
1.33798802083719
0.851459396806045
0.594512562805369
0.270495538542382
0.707620191738244
2.01685512647451
1.20566761924525
1.4103668696062
1.91179908196152
0.899395326607941
0.939554875352959
1.00506524317924
1.30686073883871
1.03546000111217
-0.0154324256188984
0.190269675827848
0.933823639935967
1.02139966697449
2.50648727230304
1.73864997219108
0.837355750732808
1.94127175666811
2.27957251602887
1.58914514018894
1.95379676962271
0.859881798704684
2.50151162970386
-0.0305581287280474
1.44244059950645
1.30748652285629
1.79481915187052
-0.112592102566857
0.744703176407926
0.944581280789195
1.63833193248628
1.51469966894354
0.92201627307909
1.7719046790727
0.565324706397102
2.08028210144841
