1.38140521773401
1.45179336230271
1.42755219506525
1.84455572281751
-0.167830487920146
0.315047340132586
1.05922431409654
1.03492793203367
-0.598371912662504
0.289898193422551
-0.596848488869783
0.692935510310471
0.964766395755469
0.508491931497869
0.318779132985672
0.489658484726284
0.243928725305103
1.10809545349533
0.328747999546425
-0.186665791674224
0.183845417291419
0.221951546458511
1.34225720726188
0.935582922563974
0.762869712515612
1.00917249950927
1.33422288891769
1.05996346521875
1.9503822439787
0.730450749877878
0.429768931390087
0.444528480870368
-0.205344495819876
0.29841740185431
2.05988932814409
0.707683989442533
0.642438489055767
0.603851857798557
0.74768116657768
-0.382091029143439
1.08410750246308
1.47313847567511
0.415136918505259
1.66457083905155
1.64062205002208
0.188383282337132
0.340136502172397
0.0179249542992368
1.63051020728273
1.35124063512519
1.01620197993062
-1.1679520659946
-0.290907836109678
1.53686030178483
0.135369024366183
1.83967384371357
2.00877523087886
-0.0267622959350489
0.604115126735875
0.491461074939275
2.07952925366541
0.463646636198689
0.204263266268137
0.809277299564635
-0.0275193442243328
0.862053916605966
0.573116264311449
0.986551039717465
-0.716287716518567
-0.674981289753534
1.40589484003883
0.209380529498348
1.01270876092179
1.24603506911602
0.586217065724259
-0.0848571320698204
0.493335880333435
0.942584968095497
1.19076707733307
0.392264820327477
0.619486700909531
0.523799063831321
-0.455414573674255
0.818199426610057
-0.23455737873558
0.135626990700729
-0.636936024835856
1.45654216829185
0.187823983580765
1.14502536504767
-0.18557621717037
-0.0505743216396001
0.416713586212475
2.27274262260545
1.22106181773073
0.267915722257011
0.830455566057863
1.70684097766213
1.02144198636395
2.47488563562012
