0.177496870505047
0.814759168344314
0.911187127477151
1.94563820914725
0.280710606992345
1.2772429235911
0.0599321108492848
0.1380480089881
0.138984538312594
1.19541491702282
0.344929165885054
0.662627761319004
1.2386469827553
0.793981788845105
1.41086300721776
2.11807734642559
1.36993453746299
0.557714611103008
0.622822748380708
0.892031657827964
0.840758805522567
1.02164547324945
1.64670135960767
0.520379625196545
1.74579620845471
1.17683826708649
0.399143354718447
0.301655465166785
1.7098936393638
1.5362103789866
0.456985890250723
-0.0351369994048159
0.418408951883315
0.322792324727897
0.535801221457945
1.0390716034188
0.962313270941572
-0.0565423905239751
0.887633991678241
-0.970258599665256
-0.299528716694356
0.186407024157374
0.668857167492614
0.245989706263259
1.00805086425968
0.000147339350147449
1.70596897624505
1.77903425992893
0.0965494258482485
0.212569380414583
0.569890909008207
0.558439193597063
2.6725128626932
1.57909183190895
-0.647758809696533
0.598436277782083
0.613785001912605
0.559212837057075
-0.406804326479338
0.405647975787944
2.04025517014478
0.728311403219602
0.671945566096497
1.14724608218569
-0.000187646982212158
-0.0186508723224188
2.43618763156938
1.33641688324758
0.108659652230633
0.293090663155096
1.17010289529657
0.440965220218666
0.752889836480767
1.50857595608295
-0.230357153649268
0.305503781385181
0.815965995911495
-0.10312810036769
2.1419873040428
0.372050274473321
-0.127484790189522
0.566598286670121
0.448783340496429
0.619360863270931
0.624390840011269
1.51498170524843
0.210182375987348
0.83362277620488
1.39868131886365
0.184888995875389
-0.320672856107117
1.44523905500953
0.815056536675433
0.831870020932713
0.706985758750475
0.759961833652585
0.818590120228968
0.257448577862035
1.70750277249299
0.066260274358302
2.00110619190388
2.38853836375295
2.7970806113748
3.05262575808227
2.75694886258292
2.88150393463198
3.72723815350497
1.87627568478184
3.19557417398752
2.96178278781432
2.34027739750353
2.72722283649131
4.00180373192007
2.08989303252381
2.56060777480954
2.68452692958775
3.53914911306427
3.29105987685176
2.4231184068138
3.14270019712125
3.35109578220515
3.50654769357436
3.91398299333725
2.29460838846651
2.09733349069908
3.18901794126059
2.32287299662825
1.77866521964752
1.43211542742382
2.08263880055812
2.00379095098467
2.41550570669845
2.99708405308405
2.90154096605361
1.86060540677615
1.97244912864289
3.59136713114349
3.24459791821477
2.17784417627022
1.96785299058109
2.06440516413195
4.25038402307306
2.67844648976391
2.56133405511581
3.76343452363184
2.32947389515195
3.35520652733073
1.89264971225414
2.68121132543293
2.31098368125954
3.22224269880732
2.96315224064545
2.48930617978543
3.8443654448088
2.68714855609917
3.7766853904875
3.31347045217621
3.92840329536128
3.6718441385073
2.72877903079973
2.13042477170853
2.36155868470978
2.72853022521599
2.58397120857871
3.57393856633604
1.91157870321051
2.55375451330961
3.25568080462
1.78904904012116
2.40545918361497
1.4917397359768
3.6495741878825
2.36864776438469
3.06378433232446
1.50608419912177
2.78715740720993
2.31965067923816
2.07165599680285
1.46530717715857
1.54629410492207
2.32665734984318
2.296038144662
2.96369957012505
4.1584352222308
2.39926901739483
3.13014233102741
3.49038841809747
4.89280878361997
1.87613028597179
2.52709212859959
2.50300735054125
1.37546379660671
3.50304329453103
2.05442598258005
2.32299438391191
3.12050147151664
1.95060005859283
3.09691081025199
3.26033539855997
2.9514517689472
