-0.500458260425936
0.084294418189222
-0.72198734190099
-0.524249123286729
0.528315634518407
0.21743848371664
0.0562787905088272
-0.333211065575307
0.791929019642033
-2.50992884022831
-0.801591127434653
1.36549646749179
0.68335171641874
-2.09123008800136
-0.471804032311134
-1.4444171969239
-1.25565985707091
0.86122212664439
0.350302821874598
1.89027784077048
0.0708137028931931
2.11867297246637
-0.636341800324613
1.24963983137351
1.04735747998108
0.981078762983494
0.128701457634201
-0.270507969529509
-1.94104005791985
-0.354364313841269
-0.374155171309778
-1.76461158386069
-1.96463062968725
-1.1797371900583
0.857300320056062
0.820711952795841
-0.780211749500466
0.580272047947612
1.43835159254641
2.64927524409218
-0.308150897042495
0.521084667728149
-0.451000890282286
-0.223916134974595
-0.598112377023537
-0.956897603202034
0.526666778796306
0.550338879151824
-0.363023498927999
1.46159906142818
0.888451035338641
0.479010371121834
0.177016831258907
0.646520591014251
-1.61265493074231
0.195432118624312
1.13682032325809
-0.539060840497444
-1.94129631349481
-1.3180700948648
-0.739702815729054
0.252760554306547
1.54656772632712
0.379870250246964
0.303813659327865
0.46979531112519
-1.0356642054232
-0.98623097956805
0.895827377751895
-0.473434988407825
2.55392523959757
1.27950772998593
-0.754987762203146
-2.31169164914465
0.604432541189398
0.52364563327263
1.40791765308612
0.591906984988109
0.97538919020361
-0.0647991168171539
-0.226673573264611
1.39574176095227
1.65603253804346
-0.59430760942906
-0.88956393072314
0.586722214954718
-0.374359507623117
-0.167738904076763
1.57193235843178
-1.48119108228555
0.0125447899278068
-2.13820400400162
0.396905494311098
0.631069484742597
-0.817856988844512
1.40710146535936
0.655253942837021
-0.0059685598543903
-1.9328981969387
-0.847295320325224
