1.24254885008443
-1.4517192554695
0.470455192947022
0.437440467693578
-2.28091509153848
-0.469779668029835
0.194555208430939
-1.4904573096056
-0.403251578280782
1.22092371647452
1.56858775877294
-1.05320664211647
0.164240431543953
-2.1487529812554
0.217601698965322
0.461706440582645
0.439680784104696
-0.841315089518801
-1.31601595657048
0.0894292969182381
0.553665206881624
0.715324296290526
-2.28832423914314
0.660851214170124
1.11973080380159
0.169614227402463
0.869863349223454
0.478040209590807
-0.255296600404842
0.116499444331447
0.273013391594761
-1.1363925365672
-0.526276790394756
-0.997012727336551
-0.941283033257621
-0.844367138967032
-0.901053264585421
-0.521990248712644
-0.480304920545425
-0.26488078876079
-0.911841907589503
-0.914642451822841
-0.959398829421231
-1.13151024548145
1.31382578479501
-1.39784911233012
-0.452095543170984
0.00851077447356627
-0.767417148133358
0.18057992237791
-1.23868069759418
-0.21882998847702
-0.720404079704591
-0.5244102290619
-0.630478447065089
0.681143207860777
0.889442312539795
2.36471541324281
-0.591770125631504
0.947115301252002
0.221988149391233
-1.67283989154217
-0.614724842629356
0.855251760991252
0.196439419056766
1.96300657393906
-0.794324357533156
1.48677834415922
0.650601819718749
-0.61640676655218
0.0200597966237811
-2.02197828392102
-0.528699710008805
0.405912760086693
1.71959327653328
0.126189511705492
-0.795533476774888
-2.37250996447767
-1.48361990647726
0.39338099830093
-0.342553334882206
-0.803937007619253
-0.531917113143296
-0.510018450096123
-0.370797022705856
0.0248393736585839
-0.634510225445927
0.267006184332096
-1.46506500539274
0.40654319471287
-0.0396606167039492
0.466993484643507
1.54070282101913
-1.04349243850902
0.785981127713773
-1.38343873690483
-1.95012210741354
-0.68856030188471
0.844770297001891
0.0181811552434586
2.38600811823676
1.03950348654246
1.50164447836676
0.564249459815887
3.11250160135549
2.34429998840862
2.19548342032288
0.822404119773925
2.42190958898286
1.68601750605598
3.13701012115537
1.27577583290029
2.92910643434315
1.93810088061906
1.16562765571714
3.36792019978887
1.25617992069676
2.22789089615461
2.56024652700953
2.72734740956192
2.88508058988442
2.60255913002209
3.10849044189719
1.37513187394697
1.20673502838521
1.31555158388609
2.08896825105665
1.40941196590686
0.94095048203994
1.43492052129817
1.64933390979379
2.73910044772872
0.055777178638418
1.02849671505611
2.33141026137272
1.77920425212064
1.24967100912217
2.87819352995992
1.12236667734962
1.86218795266688
3.4835210137267
1.39708094218413
2.6994228951803
2.68363621645944
0.763921941919556
2.50817734601335
2.94281355383503
1.7102904627082
0.460803536309707
2.44358457250774
1.99373414689285
3.27729053689047
0.120001628964672
2.38318445515574
1.69994622025491
1.93142324509349
0.399371560092151
3.59477615210948
1.16787545908025
1.41255616556568
1.94269509470062
0.691735993821287
4.10807929663514
1.87192614644794
3.2803125184042
2.18647698482154
2.33722258421318
2.72818731503202
3.68586837564699
5.37271757790092
3.40461642166498
0.700143677867443
2.89780108212708
1.35906732913004
1.2651750700342
2.71152483605957
1.54309181710767
2.806335918876
-0.127342378929187
3.69275706824236
3.45732895015643
1.92312184494022
2.82672344776555
2.96749803638643
0.540517288115398
1.83692165467511
0.254088720432634
2.06642550134421
2.28099875525751
2.13979956446895
1.08217208445639
0.848124635627233
-1.24302570456152
3.05639257212353
3.20619847674191
0.329792404252766
1.16901012896844
2.66855184565724
1.68115432038153
2.05559967824627
