0.484468148379982
0.192664469299458
2.01572852834087
1.27691462280092
0.373625481949692
0.503802708763163
0.74782622609504
0.179157906043701
0.754837584616879
0.822483585499928
0.546032806883815
1.28363103260688
0.501893736407517
0.0183435208117425
0.952738348166103
2.3585364966229
0.297265699901824
0.284727867994027
-0.446752143234431
0.525965740199755
1.06704718144496
2.33804327073472
1.20530501543611
0.363232067381466
0.286839665386195
-0.066400457249121
1.23255372260022
0.861830961524523
1.51138602525384
1.17734821745063
0.159826132280992
1.01933749027483
0.332357599107176
0.249568863077111
0.26134843612223
-0.21574309821455
1.71262725364721
0.624156820153978
0.637956977924917
0.724765031471195
1.64779909629414
0.959198608657197
1.99072149676152
2.07711021399357
0.584638953746587
1.60939068580824
0.255310646137147
1.31441134295397
1.29253484043991
1.33302241363277
-0.366745865498223
0.434445159506758
2.41709235714989
0.558531141172858
0.569584521877
1.21425829897884
0.98061956940555
0.268700803177805
0.900585503432067
0.595458538508781
1.46831348540731
1.50360787713527
-0.253793731183851
-0.260072371265455
1.25758365149053
0.366271994869226
0.868671668850766
0.831527869656611
1.47863879563784
0.974706602343776
0.480785612695619
0.644638647215145
0.273383052894932
3.29309442158657
1.78885844167773
1.51141128523813
1.99013228467161
1.60700200031246
0.293132278188021
0.071053985326513
0.347817566296193
3.82627501795303
0.227328702039672
0.844073797489511
0.73374452283538
0.212295250215587
2.52184238152976
0.253039973112515
0.256764882387717
0.767347406189793
-0.287862836260651
-0.114026777773512
0.381596018997529
2.80517327754549
0.757214112198001
0.294250410015844
-0.0439922134968409
-0.222645528789173
2.55482038943406
0.951500472579143
1.38074192328045
2.07519849318565
0.708197469734747
-0.0813010524149698
1.72336140364212
-0.763289880198021
1.5178197624783
1.28004084854857
-0.570577023228433
0.0714316451555622
-0.25973756669006
0.838672256815966
0.602118262137675
0.792407524226681
0.74932905756813
0.442062550370884
0.338807131605142
0.818631901137782
0.491001906355723
0.896706458070061
0.844162766920916
0.837477339915577
0.591554154801476
2.25753052840701
1.88516792673475
0.716317448282765
0.94599406594906
-0.395870958813037
1.31105325409115
1.40983264182408
0.0712652258689599
0.669022533831347
1.02792286372896
-0.0240514021083208
-0.133833561043371
-0.813514542566993
1.11308209508284
1.11489055584642
1.49176021142547
0.968350836070351
1.43099741436665
0.144498489872901
1.15642339896137
0.261267660669827
0.379148219832368
1.01994326631253
0.319878314449091
0.387112775873515
0.862763324962348
0.63033259599232
2.93348319663286
1.45891986168393
0.205116400709422
1.83756300660859
-0.459719243097413
1.67681995623233
0.638941179563506
1.08515615253167
0.20662259844131
0.366010244650338
0.509631452185556
0.97384959764997
1.09470546309381
1.37481960266699
0.500516175322329
0.166885495247002
-0.282484210928115
1.09526500057418
1.65118695854591
-0.466458882462928
0.532660400436164
2.13728390011133
0.122149421154724
-0.100100025920971
0.91936306602234
0.809724832387116
0.274862532467578
-0.241869997709326
0.049092958857605
0.336221922103867
0.93775915996814
0.0181039132715781
0.285929139271877
-0.51174439646035
-0.268470474448827
0.795690782232372
1.82264682525062
0.912300263018217
1.02975648454392
0.940428855889069
0.530010020190506
0.343676394208944
3.31560327564907
0.0826712910035108
2.23869964158361
0.573487196177253
1.89710369037894
2.41594935908371
0.931675865051684
0.932795069713067
