0.93997720180628
-0.146241865306027
-0.854713240366572
-0.252329365472367
-0.959577533313949
-1.36097912281632
-0.373790774566232
-0.455486946671785
-0.642786484586118
0.67341427017368
-0.804712186367417
-0.647339914645186
1.3066835719889
-0.967848148868242
-0.969410081436454
-0.212417639822446
-1.36951133236148
0.44629118557327
0.736010206500304
0.506471366659799
-0.343118951863595
-1.61419673187431
-1.28866464619875
-1.20773009130772
1.57656245217409
0.278009841381652
-1.09399114440001
0.184905185608795
0.673955355321881
0.752808459124172
-0.477147256766906
-1.11193673622682
0.524848616629486
0.918584941237668
0.228444690784372
-1.98418070160336
1.1717718767238
0.505030200501512
0.125154180116078
-0.344543852011244
0.153093592761594
0.676701475158103
-1.39697732042623
-0.516653111569159
0.756129454261141
-0.288119648471984
1.45686661196602
0.0948050541119294
-0.00985284908105466
-0.527241427317299
-1.00951217404105
-0.474464556590198
0.822344321221398
-0.395741764305384
-0.0109414571035817
-0.843233258100567
0.835710166910029
1.00242251352333
-0.167957162920272
1.1194873441151
2.66933585986001
3.51536251313965
1.26391650352202
-0.439447167032698
0.112658285634026
0.726849694374532
0.583811403655387
0.68719501109434
-0.711731934668028
-0.280375924467734
0.0842849038170953
0.336527944853476
-1.11548801535274
-0.570657278679431
0.232419258829171
0.243209295578373
0.803302717531297
-0.990203395033609
0.981719974919278
1.50584292073345
-1.21769403707946
1.66248450979264
0.33246761899304
1.34384249429682
-0.89837459594948
-0.928922281900605
0.251088733178659
0.429054132651658
0.402006578339052
-1.50910504630421
-0.888926638623514
-0.0893570846301255
-1.36813419914405
-0.269239905837841
0.160158412783909
-0.497054872401152
0.763653235681876
-0.285676953797736
-0.536761749549339
-0.819768632040982
1.96062563530339
0.664719372709585
2.80391309306457
2.3759462306773
2.33460417884045
2.13290686506508
2.09977863736937
2.00635672781676
1.89076538376611
2.34755065744386
2.45610529595334
2.27998339810003
1.80810564153855
0.813279881947232
2.01192310300445
2.84398437038613
3.33151329548908
0.953206091088724
3.18992982727232
1.0446284008981
0.702612585980426
1.87525337347923
1.91202749543794
1.94474665412625
1.52940132988365
1.53901469926867
1.6232823915716
0.38609217024142
2.5967108376524
2.34132814078805
2.91026301413971
2.01086701774891
0.759760005773568
1.08645302619649
1.65392569710654
1.73094204717501
3.85776485041497
1.83625371793201
0.79805832396027
2.32096331310195
1.40968048386268
1.90827612432045
0.828234154536644
1.90068340176456
1.65834357053826
2.62303414724312
1.00269766311156
-2.15046031319908
1.64140481329568
4.40572772580971
2.7310404783925
4.03273369028858
3.85523153397825
2.32477243089238
2.53648409517766
1.50691322080148
2.00129152967635
1.62958310608208
2.6711020023665
1.10686725132132
1.56199432284593
3.76294143282454
1.88683971358508
3.0828151944774
1.85868285000592
3.18132481833948
2.0134698276429
1.08857510694423
1.72760417253647
2.12192862794822
2.45660760631918
2.97134358895823
0.721907393108996
1.22795647984844
3.68232097495184
2.32557514560622
2.92794355505249
1.8033956289995
1.60528290141395
2.48747075580818
3.60779978761459
2.02281360320255
1.05657515245675
1.32292520280558
1.70599828484184
1.96259760625579
2.31427944730893
2.48454759890745
1.85886228143954
2.39740298930979
2.36322644540884
1.95445145793897
3.3309075476413
0.827774294863351
1.80244411310815
2.39926849859766
3.08532217701978
1.98887249871093
1.64324399383955
0.233408494621213
