-0.150936477470789
0.104025068403634
-0.328662628701241
0.47086786970016
2.93227099281706
2.36951529719907
0.73658747435502
0.170530722062921
1.23627867999719
0.652389979762384
-0.544466020263361
-0.250987246068754
1.55457582983039
0.554082529049374
0.42881931735656
1.46284190337734
0.449898552171638
2.48513238272665
0.394856988261633
0.726054007587587
-0.0447314146978151
0.625483522916898
2.61986682970225
1.22960707800805
0.595390584663757
0.65470669892508
0.848244294504798
-0.47984204190939
0.516914390062461
1.12322176973244
0.917289298874073
-0.214752316159672
1.38107675878393
1.26597839713783
-0.36486945039765
1.69782913056084
0.703111098205543
1.36944040278625
0.505978245858427
1.16600461675898
-0.247463252860161
1.04641376997604
-0.780967355016399
0.923526580146854
0.137686673358235
0.530536463323299
0.798491402184004
0.442831431259903
0.0848980758752806
0.234451166668612
1.26032259608001
2.37203895745362
0.309253215819751
1.39296616683334
1.14584084486071
0.671548342450158
2.09590458262384
0.917494204170777
0.632197733672502
0.930187934590364
0.306534519225708
0.95558861202806
0.206995636846831
-0.673819987774539
-0.0100404328711383
0.688550029768239
-0.50806530668131
1.59326631453335
-0.054286243434289
0.378393406602302
0.555904688004363
0.530359546257107
0.402949428494462
0.0716181554298684
1.03520287055238
1.43420189420522
0.197434347998298
0.751378097173587
1.59154814683036
0.421166331206632
0.844952886809868
1.35340664321542
-0.246245963471471
0.536492628575322
0.352907447630449
-0.603235151570891
0.340306929086579
2.16298635677901
1.18460362622118
0.12565875600416
1.62465363904176
0.506829849617361
1.19304792073235
0.240945884751041
0.422778518306362
-0.258370167447324
2.27084266982216
1.27600661523723
0.92452391971819
0.633345452807769
2.48854959209935
2.23374529103747
3.0213110012539
3.09656010194747
3.48993499556193
3.00726817668769
2.76193414285439
1.26865505378846
3.02671631878501
3.80781365973546
3.58609990393034
2.25246127192497
1.8020285333117
3.14294257197918
2.30856718679162
3.80883540827971
2.97180195807017
1.78260756926444
3.21653375162403
2.70586189999104
3.03018047410206
2.94238758556186
2.3553230196887
2.58019192344055
1.92305927368602
2.73929050832466
2.54946150282318
1.86057519307319
2.70274415239265
2.33838662981489
1.63684343402601
4.23392079732477
2.39108348198417
3.25369899457146
2.73966738226251
4.28103485936486
1.77490723770056
2.15825269983865
4.26829276333611
1.84517438183234
2.97643565751046
1.6652403525552
2.66862396858523
2.90464835890186
1.80745021632788
2.39512694548222
2.85487543468932
2.10568456382076
2.76632745589273
2.7478546027529
2.91000863053629
2.52623007651012
2.52549174934047
2.5255206169808
2.2051846089745
2.4035456103513
3.12190514040213
2.83751589965484
2.51430710136885
3.40393817747331
1.64573686857875
2.3741381301323
3.40593079065407
2.8640473971839
2.38829696214036
2.60664947287771
2.77720184168898
2.34589316682335
4.18063743378463
3.77145476460589
2.46087160819775
3.957020699835
2.25582481092737
2.33003402492353
3.24543478836888
2.86156720803244
1.82014013949156
2.13083090464914
2.71110176067726
3.03053297189082
2.6392999936504
3.43235586005949
2.26735604427645
2.18768883816792
3.3731056880448
2.39051837265535
3.18151392737413
2.2461362115713
0.84240045420722
2.19648762572627
2.67708093541972
2.35158447340181
1.92773813830524
3.03315899248275
1.60469563284429
2.95643121308317
2.92420687821437
3.03745826160721
4.01504022809992
2.95141218545278
