0.391873167372264
1.90739983591587
2.44708026099541
0.972456411431899
-0.138776481601177
0.522020742600667
0.744763743098471
1.26858983402552
-0.773468960305251
0.592136224867053
-0.0217030688249439
-0.132181811627242
-0.163245365423851
0.48336903820157
1.70163767056394
-0.0710446535826243
0.825731740676176
0.949997485951253
-0.212072086613426
2.31674097319283
1.28844034778358
-0.334297562142459
1.10894487826
0.0575358338543283
-0.171584076657995
1.76315001125366
0.609476180427857
0.156754934111387
1.17548395781596
1.63533782362204
0.0841557439048307
0.784164597969108
1.46179338496984
2.22401695384442
0.725605452848638
0.563083083048342
0.479627998727238
0.411528242980805
0.882405273405526
0.566535597621827
0.524744663638923
2.0001147087118
-0.168917675734618
1.21361683827391
1.00027898628205
0.111475380059496
-0.263617837947666
-0.081718388135879
0.864955433106851
0.883581721675385
1.45173718904273
1.71310158974925
0.897530823792395
0.605150917795206
0.436733679915976
1.11771798431659
1.52161835963675
0.881245228913113
1.01030458353569
1.7790264914063
0.99899059402728
-0.579287642677444
1.92101073461859
1.00503909848101
1.631385094088
0.547170317490424
-0.0536770926431194
0.42670487014762
0.100893446700616
0.212572251200542
1.11495428705739
0.311992880277257
0.861148380815058
0.647681396539269
0.508349864377313
2.47632962701572
-0.0797017284632284
0.715879668494623
0.419435898435637
0.613296686656434
0.561217497845718
0.850606201549693
0.137344383746104
0.901822537835524
0.856408997144634
0.528758436944435
1.30339157234151
0.254211632329344
0.886506749433344
1.26933864614218
0.563401849879218
0.709460879934467
1.58485644230796
0.181462910270737
1.94364920691776
0.46568740118499
1.59759400240696
0.234105301565413
0.362527205709647
-0.230087349367047
3.25026268021599
3.95051118870299
3.06314433212768
2.15544798241262
1.80008046250121
2.27613924723854
3.24843994345812
3.32968267637031
2.8729210653913
4.25232610475372
2.16480303302178
2.41854144651911
2.27635046268911
2.64627184168775
2.62198677565179
2.75257849785835
3.09124458289532
1.96890876925566
1.92977339221263
2.09476477689754
1.66136581550931
1.76157929133899
2.69389367944426
2.17776472244831
3.9571594192836
2.86846217769729
3.28177463079296
1.9101868567432
2.02111014387124
1.86563884360662
2.74692512009573
4.39222667690765
2.84189032676735
3.12981425520152
2.60993146155718
2.04251773694508
2.2762163684842
1.39312793769733
2.6239677467527
2.83626614287425
1.96847110649039
2.5543482312227
1.48897574775478
2.17030712046526
3.12669191463632
2.16718846152263
2.72872299731137
3.81624420324739
2.86077433259152
3.9157183329751
2.64515423215686
2.33490808152085
3.0357969784332
2.49692986964828
2.32961551135834
2.81850968863706
2.38928038079275
1.25132663028964
2.60484399170369
2.57576980301505
2.35010932644496
3.1072922081422
2.94563908462678
3.19120218067457
2.51244954592748
2.81313619419985
4.19602388277595
2.04504124352731
2.0296307564471
1.72865318197028
2.75609112581976
2.46063397359723
1.15916290610475
3.27094935987245
2.64631101074755
2.31838588492897
1.99720651809409
3.56322315072978
3.08345385737728
3.00784087379021
3.20366359155106
2.28826625752545
4.38328177133528
1.72981068086527
3.12571175547109
2.70132636335944
2.37434545780425
2.5266728289639
2.31371354753843
1.83670523885553
3.04350423046234
3.07042041768364
0.968082794013491
1.79622214184827
3.24397943036177
2.70574489993412
2.06854884373838
2.07109066457958
2.58713399007549
1.69487463214694
