0.278282798208046
1.09529644632652
-0.69823937863612
0.553514987786452
-0.779869566113825
0.208684832636574
-0.9454823206565
0.972493629440167
-0.58207269234318
0.765258724772722
-0.361527042981294
0.314769742789939
0.0841987891152753
-0.669946441364572
-0.128226847146087
0.772063800495796
1.07756535347871
0.0850107078651841
0.672268466157559
-1.70392284848997
-1.1731108863012
-0.24969032495558
-0.580411531035461
-1.28274543751672
0.964945192757612
0.751734148519135
0.774951331573517
-0.411367183317706
-0.812405473320115
-2.01034389102886
-0.0105819604161036
0.97635719440344
-0.459191080345906
-1.00614389588324
1.05047421054054
1.42257878220276
0.389634110916084
1.27023946256216
-0.673653992895352
-0.856065685325522
0.511780587317349
0.345727194578728
-0.681531719858405
-0.39531955589886
0.609837577129524
0.51409239442455
0.42172784064169
-0.492529914907572
1.45469197701731
0.508098513807024
-1.08523231860954
0.789927887633932
0.465199655665543
-1.16424679866958
1.31049326717634
-1.80568087682377
0.519275074725377
0.335034033902168
1.41397490469751
0.0192071091915653
-0.497833767895122
-0.115412117061122
0.43645330170478
0.872267724808972
1.0772152185863
0.777570620612309
-0.677128645971442
-1.0340436367338
-0.530783611230397
-0.196668036047746
-1.2346248416206
1.16681164417448
-0.768761042162772
-0.605548832731703
1.30179204435174
-0.47530949880976
-0.520881974863248
0.176435904510504
0.219004837617166
0.771867417472141
1.08204006314922
-0.173001730430022
1.25837247526533
0.518294261232854
-1.46860302889562
-1.42195165158981
-0.386376440150218
1.0391246916173
-0.550957228449977
1.45534927690154
-0.928518630710797
0.162717042359402
0.197208856322969
0.150665330298996
-2.57038750359047
-1.50063577076983
0.725362953371253
-0.476082159381334
0.854421311067758
1.15038073534903
1.46504186303108
0.647925228796696
1.05210165912314
1.55297792300996
2.76257906011714
1.92558892364657
0.174117674147272
2.98069545042585
0.191626435489325
1.5799130194195
2.05462040087742
0.95120791450556
0.760118155034432
0.366664219788058
0.216484788880841
1.41970314476141
1.05329858113792
1.26807728340855
1.84082191996396
1.39009142850924
2.69928622952404
0.309983800349634
2.06123681506596
1.22978144473448
2.04080002271548
1.86411244158635
3.66498122286956
2.79315079727208
2.23915895801606
0.843679627033732
1.18217793212291
2.55837542019172
3.20409384917868
2.52471002922453
0.512348734980401
1.44522298340984
2.31395680324844
1.89359426844815
0.927194179967556
2.82549771408543
1.73562657715454
0.534368487891702
2.53388995675708
1.29274178223003
2.32522138476738
2.82008754135275
0.326152140020257
3.5581888916923
2.43131504660354
0.0781796152915719
2.61357263581588
2.05443388032033
1.57620374268283
2.88690850196115
0.946808821224355
2.63836617991697
1.71882732310384
0.496112755550742
2.81012807452032
2.45193858577329
2.91014321461467
1.28131636109329
-0.581538459612152
2.23401873270518
0.821122022977241
2.23418712403808
1.64305482494404
1.85445302256767
3.16238707065885
1.96715057491336
2.06985028037828
2.69985250141603
2.09771884380743
2.80644105822337
0.386242044411016
1.11678527444889
3.60102702385019
2.51819977387346
1.60333296857512
2.22622806634279
2.34076633387366
1.63955657620111
1.91112719254314
2.45718409653858
2.74577145343986
1.79454745265345
1.97003943424659
2.42786070770325
2.50850844334078
2.62376819054753
3.50145564984603
1.21079285440784
1.83676117950034
0.938026737998455
1.54430082140147
0.811464151787285
1.89275636954398
2.47736362666923
3.19267968014587
3.30664860054526
