1.01295190779563
-0.445058058445168
1.2287730792242
0.143286680197343
-0.609516827781949
-0.896012011222432
-0.128380997973561
1.68594417067653
-0.751547019456986
0.151712313530235
0.579912584817367
-0.876194508252611
0.586633874570022
2.58086805119658
0.0540625318533832
-1.83404661370051
-0.334971740392784
0.748161621087555
0.00398633186722406
-0.251605853972658
0.0533515118939115
-0.844918079457152
-0.421945931825694
-0.791870073902629
1.65040264513226
-0.206590564079229
0.592369962794641
0.716323731816988
-0.682229082127406
0.56891542183141
-0.979520156432966
-1.38371647676211
-0.473485936439581
-1.64741389614145
2.27262511619719
-0.112824481136232
-1.05436755817198
0.664717642263928
-1.07633113052749
-1.5182046249925
-1.35721046461054
-0.490332067118305
-0.296486956717722
0.410220047335241
0.107541404287781
-1.12761293610123
0.660638865113868
0.851264250283948
1.334256018462
0.173122246718117
0.413425107534253
0.0623050450577539
1.03853544511676
-0.101902248108382
1.205201336252
0.777939500056956
-1.99217671604141
-0.553047429585787
1.16781071020369
-1.08820917796956
-0.813315364756859
0.92958934655048
-1.42507967068959
-1.79504797800277
0.583308050358782
-0.145675245789153
-0.623180351594943
0.0211516616733149
1.27884524965353
0.54827737833426
-0.417177309802874
1.83327104584624
-1.09234959174539
-0.229960436674158
-1.30607692651993
-0.627031033677267
1.11878420064804
1.06119202771424
1.96671915377121
-1.94257469867498
-0.842562196461504
0.964499424912661
-1.82658273352315
0.383630805506609
0.202524346456447
0.0835304678983938
-0.0464235054077213
-0.150018401927079
0.607466652977254
1.84910970343817
-0.215069885105715
0.271916539767323
-0.446135070979993
0.237019840078838
2.85049481685319
0.491054505161829
-0.0282799496925808
1.07413976134876
-0.963824058581316
-0.26061046503923
1.81684481588172
0.689792270533531
1.94711797122883
0.54135725652577
2.07228449555075
0.399628248726347
2.14781194114336
3.0603734578657
1.82312581978308
-0.0948182877291122
1.44980834761814
1.73802553771935
-0.138866669461308
2.63104703040916
2.66152367785565
3.08530876032826
1.94288752631847
0.00424700354943774
2.03075676869064
0.819717766650872
2.2138060432557
3.34579579471144
0.752890953562211
2.39481515325415
2.37179590604866
1.97089252996608
1.09994814642915
1.57500329687261
1.19014560566578
3.48888646584779
1.91099167158789
2.8660042519659
4.79929869213329
1.86174728919236
3.00860089243926
-1.41055677908434
1.63452428850303
1.58557997456435
2.70354768106095
2.26860183072712
3.09734270592718
2.70959172657251
1.03243714197388
2.01135542844218
2.92820266420273
1.02678489875101
0.287982326326635
3.38453532353667
1.6364759069066
1.0041187995001
1.2755368297371
1.97580325305007
1.80962911255785
1.53485673727784
2.87096001726728
2.79245312722524
2.11403240949261
2.06796520984009
1.81093498296755
3.05869329608741
2.4256389127912
0.0731834395828417
1.9546678747655
2.22916901710138
0.841224918389498
1.69065738346175
2.80915783579807
2.67203124189053
1.52215188077816
1.23536657840273
0.994874567581911
1.83868260014085
2.35105599484786
2.91323600619264
1.94425498898168
1.0877239004979
2.49244002902915
1.6480368403229
-0.183915336326547
0.0627674692684002
3.25860564282654
1.12395602688016
1.96943796625065
0.120064329513757
1.84219517168857
2.55991960690859
1.2408099540754
2.04914370994478
3.35574166662216
1.72476114474707
1.57108336366223
0.633843153062399
3.79590516245565
1.96191657966346
1.65621998115585
2.50110545765612
1.80348155833912
1.716577376549
1.25889776368153
1.63210954467859
