0.55402094400247
0.591343576299745
1.35949544839397
1.89936508652436
1.19543729318613
1.460467904127
-0.116925729886426
0.174566594031385
1.08359501978991
1.01648332104966
0.68493103066717
1.15205156376949
0.67293355774239
1.32276238319426
0.333323268632665
0.555408365901945
1.70348042868136
0.290840265850977
0.882546489978175
-0.213227832130055
0.914338954009247
1.27886181619508
1.44040940012276
0.196583051157225
-0.673290758683408
0.654678370786462
1.51236248585114
1.16995874145739
0.399682561034197
1.05932396816472
2.06112978979562
0.0921013498445275
1.15767852017184
1.81377934927122
0.547599816569056
0.0986095842859415
1.21916253014304
-0.276533009467781
0.429849693527046
1.78702885440859
0.360660835008791
1.48868831159608
1.17297626054225
2.05960641162294
0.226636483896404
0.468528694130945
0.477786136259886
-0.0678007736083757
1.11310206046169
2.23061426616659
0.315470208219872
0.335574551924544
2.08906621069168
1.91608773902334
1.42718757485809
0.609387396225579
0.454846294648895
-0.253402295741849
-0.0699570353464925
0.594946502741413
1.32779181730932
0.190322667981611
1.0326627661462
1.96638395154406
0.873360641910435
1.24116883191881
0.375569641592434
0.762179856282729
2.07780512875774
0.312850823191879
1.50231558059699
0.676956603798038
2.01615794622566
1.10549898355789
1.63457473491165
1.20344660396369
2.08906036260053
0.270231765015478
2.00949075063053
2.11040720576525
1.73226602250533
2.53454065623361
0.886764931436718
0.541457380621879
0.99070032528828
2.25281918683127
0.0478792917580762
1.58714740298743
1.26300680837775
1.51470431312338
0.314820807117528
2.91999380580782
2.23465100522021
0.0738695999415714
0.702231487408653
1.18155493389966
1.29177047154677
0.6844585129875
0.0433414281377462
1.51614563429227
0.907113559469859
1.12797941485466
1.42591302192598
-0.14147377572401
2.1338873986006
2.16099098589427
0.557912197744752
-0.214930433446599
1.73978258946275
1.08919142449298
1.89247413037168
1.08832332162749
1.12442015358217
0.917389581930475
1.35092881477311
1.07290147243998
0.973555452065221
1.83077522345243
1.57926757994659
0.83991985685508
1.2154287611623
0.583572609854409
1.82140696233616
1.85019416156483
1.98322628690334
1.59719173155543
0.801493634478811
1.63022608367726
0.818600056345287
1.09774518407786
1.14322650092156
-0.183614948774352
1.13811927421016
1.13060900831421
0.410639587406152
0.587446654673231
2.54552031373469
0.748261207913696
1.95061998851302
1.37059021168605
1.3609301477702
0.801817856413658
0.859915484004237
0.654606895141359
1.03430970675052
1.37852557348733
2.07093157524516
1.41222020350336
1.98190098819919
1.10134064451249
