1.14350295187294
0.315603423553297
1.10250810682868
1.5757065836805
0.64586917261291
0.0905370812533479
1.87421873576834
-0.977124888611927
0.457147743149543
0.632854387800907
1.36730833176378
0.0682992933278346
-0.201489722881186
2.56385001256599
0.470555727717078
0.512740750930626
0.824435919488277
1.5054281598023
0.585158030340866
1.06940013367932
0.169102064387497
0.350091686354695
2.36946943750857
0.701480557011717
0.635744034180163
0.703965277042083
2.13412500591458
0.585702313356139
0.0749517636717696
0.516378027244258
1.28031139662683
1.87905276894394
1.2559952653145
0.289428140524338
-0.22357509468562
1.21746861052286
0.261518201533589
1.38752229340424
0.202814102609195
-0.354174511719963
1.08980944851735
-0.488349375392719
1.97238894957975
-0.17584768227252
2.41178058165353
1.7734490187447
1.56783682509365
1.65460074923933
-0.0263341883793314
-0.0680945310827604
2.39404966668759
0.675836727181002
0.658728718656193
1.83575756157546
0.61602990689812
0.0233418669402914
0.820658239045187
0.207715467921244
1.27123468945305
0.867429534800959
1.31140415572902
1.53810219232296
0.76776255737343
0.959993414508916
0.660549634971175
1.14089870202478
0.732217283534799
1.1672768564928
1.79191558755618
1.61083469714022
1.33740008975004
0.904319049077729
0.821420665138958
1.36308730774425
1.43630310697106
2.07677600708917
2.27287140098771
2.40825027318097
0.870638853058861
1.32404909909094
0.845935964422536
0.467268973884281
0.722442298449562
1.35191483882073
1.89716049600365
2.28703708290579
0.738342840212315
0.660939971355152
1.03253284576054
0.625184587410355
0.944455194569068
0.311983205918276
1.23689670580256
0.440379547249949
0.874615463026488
0.219325818038124
0.792919812716545
1.38675278240458
0.746442231250401
0.0107822077366859
1.12349588359277
0.321760569205015
0.619021543014689
0.453417488654879
1.67137093406455
2.11520862114704
1.40594595856627
1.32909130710299
0.96367808559959
1.0497868747945
0.529117371840238
1.87319217658159
1.19357350628165
2.79497800520176
1.59082275174311
1.41626435024359
2.14483101688413
0.788591877099467
1.23466746060779
0.538690488201342
1.02864031865701
1.37379035210055
0.347847668757069
1.79939546545391
0.773103859030439
0.817902659865369
1.39375659201552
1.87306939677139
0.880001080377885
1.1515211594085
0.889021147449699
1.45265849464957
0.887774991520339
2.06186017717668
2.419331174641
0.907430241923128
0.138075629977474
1.71126431220906
0.939141577749409
0.339774234860067
0.984162287181336
0.286687200312965
1.35762049594648
1.29630427911443
2.77708621953997
1.12444646112906
1.50290485555197
1.22972839402274
0.554952461957399
0.87784752152951
