0.0587774230176887
0.691472423978156
-0.170191304733142
1.81232553599341
-0.239224321119524
-0.440235604757289
0.557732719118826
0.471003903317286
0.0342501735744331
1.63990602295669
-0.167987785712036
1.37889815937186
0.320387654700032
1.27869489427821
1.49720409096763
0.760272027449275
0.999005747398044
0.0332617755249691
0.321745599999849
0.0944425337787638
-0.191374841859812
0.414429288678387
1.36294607538036
0.156736390730305
0.918710426654561
1.36091508597208
0.776061103833317
0.644778511826799
1.38255199368407
1.16214484690737
0.446384316352823
1.93645513910114
0.722762449519011
-0.363397223156636
0.609823780980863
0.581361079949648
1.58431778933487
0.51106934293506
0.466000298695945
0.519005542700356
0.279591815124834
0.699189635181559
1.47015008399317
0.0557514735220223
0.513546824742526
-0.10801668031243
0.413247779545829
0.156939127727185
-1.02063905758412
-0.136329037265209
-0.517857207277407
0.847479615222122
-0.529645788509986
1.67374164747706
-0.639935436702941
1.48533076829346
0.444864163143388
-0.140614284830171
-0.231946750385425
0.360077453719955
0.550785156450947
0.389616587067767
-0.00344399183551447
2.09417909982046
1.85640262525965
1.27435154457823
0.126196603863981
0.819686427771565
-0.649406675250452
0.648626887123174
0.483585177459636
1.44982896059992
0.876552526313383
-0.561900208592623
0.793333536708498
1.36008728486602
0.59050822756075
-0.0963332372370199
0.0838927013405159
1.69820306479747
0.0731794036029403
0.0282829973565575
1.19395688958641
0.676680115711926
-0.0217028543323831
0.46278482350603
0.987523658523335
2.02626500417241
1.13777189625605
0.272611220198644
0.864244203746672
0.884050807963772
1.18155535701744
0.422839647490088
-0.0255674350938059
0.0390450934489035
-0.348953579822138
0.63035406548085
-0.0699097271209953
0.00207873171107478
1.54809084950968
1.27858593056094
0.689909017342536
-0.668209225793252
3.36306332243013
1.86166217860656
0.85592262788556
1.116423505902
-0.265364137974643
0.874698246454173
1.12917373159164
0.769917455045488
0.741198592628412
-0.0413229069554645
0.694724164946242
0.122880742316719
1.15579427896061
1.46464224248901
-1.25991301527139
-0.116040285441009
1.61623638194724
0.177940685883241
1.2726828961388
0.589598430260349
-0.113726713702589
0.985293348192047
0.546902559131398
1.00427683361945
0.183190700833067
-0.030853342686069
0.856583100789116
0.234721179837422
0.412678149901356
1.04339328261461
-0.221246081601417
2.06344519100174
1.71648712528037
0.0113056805135058
0.511909848679741
0.218800829098884
0.983143221373718
1.28530576135511
-0.120000241138181
-0.105709060332666
0.480189081339083
-0.176535653909802
1.34891367555153
0.679349626990561
1.16361204411245
2.28598669913472
1.96169462145955
0.848798763475884
0.495145455169696
0.00714566189325852
1.04883827522676
0.267107149180421
-0.833138459888911
0.619305530313506
0.126485011184581
0.584019951054024
0.677523551025072
0.7338811776675
0.925130455298928
0.707939032569425
-0.11235530790136
1.18045514826062
0.384813466555522
0.85137019912733
1.19048468655365
0.957776192981067
0.695988819398868
0.579459758043148
0.872593962107452
1.56980382291553
1.77491285714896
0.197582373483397
-0.200735738450708
0.721363073130456
0.197577112313666
-0.0845533118419257
1.10348039405762
0.417622223146512
1.39764331981386
0.375895577531166
1.08541999317819
0.643963199253398
0.928838617554052
1.34014152860075
1.16390226753982
-0.0287886810991544
1.80085434821678
1.45948044571554
0.314352666966805
1.89115499025669
0.499333329740795
-0.0462549368166682
0.203361207682193
0.403177110013451
0.501015471950411
0.890729696105185
