1.0487108540824
0.811210541498062
0.916204835742664
0.306202337532839
1.29888876440653
0.407840920792559
0.680481027708098
0.734090176608482
-0.444988531371505
1.9345572833102
0.241185619138303
0.997356747717063
-0.411738526034887
0.740425969419422
0.143807932564381
-0.450987312939857
0.34882496555152
0.468391082187484
0.553390502505358
0.682009482932681
1.98944120449045
0.57491983027839
0.397208589354126
0.539205100412089
0.955933447904979
-0.919945718748936
1.56771457664353
1.23363944540779
0.27529717584912
0.890842055925396
-0.364560477137551
-0.269857874432459
0.512170763035697
0.0464708257066487
1.51162575012863
0.119429461844433
0.690506407088967
1.06947894783803
0.989198857531248
-0.232473718662155
0.240801580938899
-0.25960676267551
2.52164358000989
-0.579004749401338
0.563980509013171
0.776638444357332
0.966942385934997
1.70173810509731
-0.416663827532689
0.999458014263335
1.111072205759
0.787807381708436
0.228076192819804
0.89948691787002
1.1755656096928
-0.133322846494196
-0.653126512416573
1.47025728430815
1.46716861559422
1.43435382897804
0.345727043931967
1.14538205375654
1.45007829412114
0.325391414026264
-0.594587575042851
-0.341166536508734
0.572215660461426
1.1594035435163
0.302489113278997
1.7468692589148
1.01688176374014
1.18470009910238
0.509583299730537
0.360691920804773
0.649598617601483
0.62193855321492
0.183047079282
-0.267254074736743
1.62467307679179
0.120112577514761
1.4656633784561
0.304267924990216
1.31894687507815
0.499513212295636
1.50030030796832
-0.371607338677653
0.314190828662914
-0.33740581364095
1.41935547666206
-0.0764324584080606
1.82601943275723
0.0436588645052026
0.983624376075425
0.175588381039816
0.316459935632107
0.430764938833908
1.46745863131087
1.02499346801376
0.324015654046865
1.24873621751712
0.124505667243786
0.335626518388001
-0.727139688977966
-0.242199726101944
0.626863333932249
0.109477219789262
1.16199307967717
1.01046667140563
1.38678456709583
2.02383666040006
1.9775912996734
0.475745406360866
1.52532751262593
0.808230733736557
1.1950990197461
1.06760778306848
1.12382415676368
0.652240608137008
0.551706792037656
-0.035040644387058
2.26461106635374
-0.540849605329924
0.198701282764527
0.542750562200159
0.19954098995928
1.76988778951658
0.552214130465559
0.0690499809277285
3.292043678159
0.506786613052993
1.2260498313523
0.253804269877458
0.626907721985625
1.19726676014785
0.725467686848248
0.888621845633734
-0.515284115383052
-0.0330822822085976
0.269311232067758
0.464143783512472
0.709552722674541
0.965249060776441
0.591630156434559
1.1018871752075
-0.0153849649246389
0.728530495510418
0.782178486369353
0.850648504457133
0.708240942542654
0.506855265835648
0.780137097863945
-0.0629570700324803
0.0625428861736871
1.15726081128027
0.363439846704761
0.724974825845485
0.194570652357353
0.651352522435759
0.710053165183489
0.986212194838709
1.32669684468652
0.918661382370708
-0.251148947120062
1.10157599674459
1.17753617526322
0.917123877638742
0.570052449382941
2.28381871850379
0.642518717698089
0.0757152733016081
0.394838221981677
0.122101485246682
1.99283574184578
0.732627357571717
0.393121071802472
0.273203546764163
1.25529610702149
0.257371859034994
1.19614815838769
1.16433668928563
1.25782133845309
0.974141025591701
1.04890590576808
-0.117924450034426
0.577293317268882
-0.113498741030098
-0.0149212792259467
1.91124015774408
0.0209651264947345
0.448719912262057
1.32029355880546
0.601759975579287
-0.169819735079534
1.47924759622011
0.226201676031626
-0.139183628749687
2.36432753247188
2.16862109791435
0.521329590323206
0.776434398814058
