-0.238139916545232
-0.31358968298712
0.234649469854902
0.0475378872522365
-0.646046278622432
-0.515782266540461
-0.13490860692656
0.594864213659781
0.209001095218896
-0.955753071233724
1.07131590294121
1.19334517376444
-2.14403563415861
0.884192603390817
0.152292116827479
0.744427916655581
0.371120732351244
0.115318408517099
-0.828016950691836
0.418711311462657
1.51025247657707
-0.648964661552081
0.771195931753677
-1.89186566900133
0.579648794871258
-1.47315678538396
-1.06901241715463
0.840523469199341
0.795639638297922
2.2037076732959
-0.221472873560378
-1.13945513738665
0.562970073619667
0.528906189415023
1.04512914452471
0.253159797596877
0.0620868304936259
-0.677592087171251
-0.0787653917576841
-0.795345581239543
-0.305864658231707
-1.06274129580895
1.55773467905239
-0.497660075533363
-0.43001463113151
0.234398894483908
0.653575804809427
-0.265905287162092
0.159318812247012
-1.05617647889892
-1.1963133078272
0.0488986341772252
0.533377785489877
-1.82289799568653
-1.85807599184195
-0.700243618446972
0.00418350166027735
0.0865996375767468
-1.56591588973536
-0.200873102634175
-1.30080404219798
1.36708205741209
-0.530820660904584
0.863586403384421
-1.66943857051891
1.12136152286852
-0.113382723801391
-0.298509888181902
1.03069146268538
-0.758891916804723
1.12034743129495
-0.531337782014834
-1.12751354034386
0.165333748199517
0.299308036131729
1.62803570348805
-0.00535465334163221
0.81932703518809
-0.741537694359363
0.108898912614304
0.733930469880973
-0.283649913697412
0.639170936084076
0.156620633926435
0.208675384360108
-0.876599768788653
-0.789297935793204
0.12808530683765
-1.05561196630189
-1.34422724736374
0.700571874586296
-0.924385284188908
-0.749314828380785
0.739894177650715
-1.03946197688572
-1.04151048243115
0.0983202829224851
1.31557530326694
-0.62502151368461
-1.5639864091457
-1.03309892628028
-0.640210884078384
0.289562009713329
0.0325533517401593
0.226766417196534
-0.457553566705991
0.0916513028024551
0.805646095869964
1.0774107421937
0.705206491179876
2.1503807349296
0.778317687483423
0.122356941509439
-2.52923270537678
0.886832547279245
0.61977625019716
-0.301327116803239
0.281157978087248
-0.935043184274723
0.109858973526634
1.57087424441715
0.0980256039955912
-0.182650642728489
-0.476631639899063
-1.6804664542707
-2.47543515357351
-0.0119037811584304
0.63221151891228
0.654130801941012
-1.32684837715095
1.59536212072617
-0.472413762654505
0.0441096829513089
0.731408201286891
-0.627978805421218
-2.02343022313097
-0.309655376285467
0.993724079091812
0.375527036263923
0.674888700558834
0.831725186805602
1.49746491798726
-0.553446675379156
-2.36608411156446
-0.986345125179924
-0.934774975393513
-0.424526331367585
0.685911099056789
-0.744453040642267
-0.00265340482849874
-0.0713612995324037
-1.12666933745242
0.33340009640847
-0.820018303005615
0.519089475359688
-0.131431909709822
-2.14076030570307
0.524686664483637
-0.628238317210676
-1.27527723601233
1.18921285497669
-1.38080390558199
-0.916216877298567
0.182690406891527
-0.372548163118749
0.27646349414563
0.335309609148762
1.63796320497717
0.00216060767985407
-2.32049662772222
-0.81950928018014
1.18746185141044
-0.876151253689787
-0.387966637407903
0.0139070207852899
0.663364513764125
-0.314157386031796
-0.158006030978652
-1.15618379685424
0.00745011986596463
0.200726589474795
-0.842331346028242
1.82831435129431
0.0746638372517617
-0.359915685879205
1.4276502232036
-1.39600599135965
-1.65603008964165
-0.0781407622138767
0.330072300286182
0.186688645942068
0.226708804079714
1.08591352201526
0.0382058454781529
-1.72687184944807
0.550520434282239
0.136996196974406
-0.130551922180782
-0.378612679221146
-2.42604449022668
