0.253259789296885
1.16551184357741
0.561102316299236
1.66709973400231
-0.453600838598394
0.140624418840824
-0.124662909843281
0.149675509527133
-0.568115247327996
-0.134222858460249
0.813099207605314
0.546333106634302
1.07742135275804
0.0408630385393624
0.459640878090394
1.13552242967592
-0.145489350409383
0.936455893851926
1.16948756780037
0.548333145267521
0.405235536638662
0.984242111024239
1.07993179953173
0.941551024406953
-0.251907668416376
1.04479844567108
0.64452296832438
1.25875757452761
-0.932178572368902
0.77861093638976
1.28116045076976
0.256208630151194
0.340174697510804
0.274854695747797
1.99008648087513
1.10010120672509
0.151486031324521
-0.187194990676263
0.315938095181065
1.28837396578765
1.22219219713016
0.631711813305301
0.696900998277879
1.09552042808562
0.432982704127291
0.353146227273284
1.9457017062067
0.633384537889668
1.03918959008036
0.00111156315820082
0.69837530262067
0.908043134117943
0.299666357783404
0.0400339178652338
1.64965058570125
1.2632972084549
1.63541728237897
0.49048307335098
-0.106503991733275
1.384994717906
0.745890127990291
0.582686698372632
1.97656280751294
1.49781941852983
0.716004260165601
1.46693757251277
0.134468517408891
-0.0700586900285089
0.102753773369952
0.273507215191275
1.61978003943305
0.743812516749795
0.893237380945594
1.46372018200897
0.957739169442165
0.767052399844211
0.0930271624681059
0.309072572674592
0.159897354786198
1.85499023965785
0.343640155036529
0.00260850241850344
-0.0853558292869572
-0.437589110887514
1.61543478739247
1.07094490859916
0.569828129026823
1.27048648418264
1.39000850400558
0.555920040982351
-0.383269307061322
0.691808166884158
0.350440523273248
0.891211196744795
0.107949263914317
1.52002134861001
0.0190961757887748
0.633988645803142
0.353174082724342
2.42844100039304
0.819591211788629
-0.0146249562509581
-0.199483275808664
0.106762659635304
-0.0231483081421738
0.790451538305965
0.326742276863161
0.719321509098059
0.440652307011531
1.02825219619782
-0.0845144794167742
0.035886308158638
1.40960101058479
2.98175839330372
1.36077311538644
1.16990081726562
-0.0146065077297108
-0.431835797534237
0.918484813583621
0.648540400174597
0.713125864472633
-0.118306370143649
0.171389849186543
0.907035675926056
1.50443367522288
0.378744600393393
1.87247699944641
0.313823661773976
-0.414226239119781
0.624045327981137
0.756486867670966
0.0410649979994536
0.206570089199942
0.152165264095315
1.34549421194439
0.634474007463664
0.809260853874117
0.457400937538682
0.589896383694642
0.764238311335341
0.492046659268984
0.583441044660985
0.834304309023577
1.15870360296916
1.91340154830299
1.13679186569811
0.268951905910313
0.245608367217956
1.08261798669027
0.382210837945021
-0.519385846568746
-0.234870711701409
0.482431198337392
1.39745767654943
1.34020536634274
0.967118247903527
1.85149710605459
0.935197709170289
0.811895620346713
0.477325679486726
0.0898983907214588
1.71382987522063
2.38783085292762
0.735898083855673
1.86916718318312
0.392234063689681
1.17530274286491
-0.337625594777387
2.10326137419472
1.32603372764928
-0.663253130402318
0.672379838106001
1.3052524775048
0.951875734281522
0.743618800967883
2.14805388757275
1.19315884504484
1.64047109354151
1.58233773735159
-0.205544214496117
0.213119372546217
0.197998692167947
1.32777313382159
-0.141694297135514
1.04366003839844
0.644542448277595
0.824096722459702
1.44375051367472
0.413423116664957
0.577095005571383
0.357383391114291
-0.0497685486456098
1.56772234567788
0.22815253743217
-0.32370851195872
-0.0666240089728795
0.738344678388641
0.288182413696716
0.485652490782898
0.300001469664426
