0.677180433109143
1.04780495275228
0.405413970207353
0.281142139876698
1.27014403114781
1.56871887380831
1.67395821498863
0.196085065360642
-0.472362281449095
0.57398263702933
-0.0809789438253267
0.833621708337814
0.483045498086805
0.672021565776785
0.625854156510548
0.973592417919083
0.869501889418522
0.0454676721886466
0.907765283122499
0.807350866333671
1.4246267367793
0.95008171734354
1.10933565287946
0.735406262682449
-0.747240193382196
-0.237329460580866
0.405323485197433
0.970011524405252
0.227669777181519
1.6748799091164
-0.0561855368240573
0.522970823536227
0.89814481700233
0.377572695167524
1.12721033335033
0.541723542161879
0.837261121687233
1.61170088309304
-0.642795341298199
0.482788281052253
0.37887289783585
1.42803799866502
1.00674245537076
1.32309968856083
0.365718431514668
0.855258155903416
0.334806148398088
1.21050537750215
0.831219693206835
0.763860840338762
0.891775492886912
0.653024592650319
1.74044178399356
1.45898860052653
1.14341619271463
0.304515870888833
0.872238509673855
0.241937603164056
1.0803226985199
1.09646536292292
0.37904546830368
1.4088763043532
0.143023787976056
0.0226427198869651
1.1965217169981
0.700568051748362
2.39397075778932
0.0955101828805136
0.180213912960779
-0.25094680808381
0.122368182208431
0.791801905935027
0.46356953856878
1.28953261031768
1.23283443746557
0.70084513652978
2.14324320408583
0.119088118328565
0.315303027954492
2.15554962046769
0.487365669936922
-0.163105381617671
0.85194543924323
1.60409513727545
-0.00932749533876179
1.61137915701989
1.13806773010444
0.447652776733899
0.468967936232304
0.9393114189794
0.0799262627240679
1.50083903358545
-0.142325513737509
-0.125482836091118
1.5542460267709
0.548621173112399
2.14129159235414
-0.0570369648558893
0.0180480249376984
0.227135593999321
3.60679264837975
1.37219539034056
3.20641894036908
2.102199376523
3.21124748424447
3.00004543494802
2.52635989655895
2.86313535713114
2.86883954221547
2.91038858623778
2.76274128954114
2.67439918824323
4.83490968197783
1.84361399890067
2.56510410678836
2.89033520906964
3.06724593109205
2.68701804756538
2.41645125685429
2.07339030087226
2.12369067626205
3.54354500161727
1.70764076292644
2.31953596018212
2.39598159985149
3.30608685456233
2.49089050668781
3.64689358488432
3.73791250997994
1.81918037155576
2.85633911988647
2.12876953233491
1.91007878151208
3.70091553414665
3.44636879348895
2.54859911388846
2.22167329143519
3.65358915401162
2.80676359350225
2.69669326776942
2.88850357130031
2.16983031998157
3.3513925913846
3.55921830593704
2.89347190525767
2.73049011700957
1.64671514499815
2.77549201140328
3.23334723423782
2.88030008983412
4.140613770845
3.11302677250013
2.31619552078067
2.6316895072418
2.1184325474203
1.75408977575595
2.30863040909478
1.7246213050334
3.57567851878368
4.12277895117592
2.89138644837021
3.85717495236585
1.89392404028738
2.41524406529315
4.30687715271291
2.98280297029299
2.65595964485722
2.91392973811522
3.04195241426013
3.98761515800082
3.78489151544399
3.0076336999957
2.16528764352574
2.31314405973595
2.52550798555449
3.31456976601357
3.18544414877674
2.19054850571649
2.27384473119512
2.81277775523345
3.28459102647574
2.94181233333551
4.73709733529165
2.50935088308863
3.57688967720436
2.83062065731624
2.59981570046361
1.75099875368307
2.54985330621932
2.1321621952212
1.74355691091728
2.28753740803747
3.10576522256969
4.12551767589534
3.03600716267505
3.46801691377567
3.4643926450538
2.55438931372184
2.48425362084325
2.34294948805483
