0.411397401697471
1.2656395516499
0.0920893848740681
0.195234094810379
1.48670484651419
-0.374884924613335
0.534055257054039
1.18980150450891
-0.601963083170083
0.677332040655763
-0.366118406283927
0.087954524694668
-0.64963788275892
-0.179505189899774
-0.040544722046009
-1.62241743028152
1.01123564317
-0.608967810302487
0.392992489930829
0.167406117020197
1.38779752433399
-0.412404607634182
-1.2146640807484
0.151261646882887
-0.610149443586059
0.628745284014021
-1.28558960958331
-0.356255173197299
0.312434478941286
-0.123458198191962
0.801926101453178
0.541862878834593
0.625647596466414
-0.88422899452428
0.119800724530378
2.08432426186421
-0.122154334355871
-1.08561350772753
0.303423961945305
1.41957628601548
-0.100525373886706
0.499873638269426
-0.30166795126087
-0.966683834409352
0.681990950108552
1.7876785062013
-0.10319942237924
-0.756858400921982
-0.539559807713505
0.00261503320388089
0.328260313235387
-1.21736226652141
0.760011419980989
-0.0868600492700236
0.212555677686047
0.283866509253167
-0.0944103045004916
1.22554439572028
1.80227750941239
0.282680468303118
-0.679668489908195
-0.59449047363127
-1.40272956175614
1.51924404601394
0.23194789327445
-0.841590045906615
-0.400870395707006
0.802979502531556
-0.83044552482772
-1.29692723338344
-1.06566715367847
-1.65762844689353
0.979970350863496
-1.38998888087914
0.57279405134876
0.635455519866706
-0.0468835460729312
-1.1918111445311
-0.409569470426918
-0.146429873298785
0.334222396802213
-0.369687940768149
1.11195902456288
1.84088024027254
-0.127321172884126
-0.504525099464559
0.0523332881418162
-0.167979838677739
-2.15603069225958
-0.173391344975683
0.206732608414981
0.608246238941269
2.02114758660948
0.797976057935989
-0.249210851158552
1.00613598734113
1.00649948671902
1.24897941753352
0.640432443215498
-0.186818818649477
-2.04093319460925
1.18943718966131
1.38233917785223
-1.45261095407545
0.0786001934631572
0.0346838555702348
-1.02986462370763
1.04099705509108
-0.854954659672798
-1.50844782634386
1.10888457063818
0.847377224964425
0.15525902543085
-0.0557437660507477
0.090221972473021
0.908289017999646
0.481693242551943
1.05641371212687
2.00000640928577
-1.04083320756258
0.705137446221447
1.18726749702242
1.20746517155583
-1.99105584276149
-1.25688612853186
1.25249502948354
-0.0879464325375742
2.12510555191827
-0.401007170260587
1.26907605526324
-1.15434289822881
-0.744776408147753
0.145013126648457
-0.612113230504978
-1.42824308842745
0.31564500432864
2.67410357350258
-0.00319946304612792
0.895154637950422
0.0633100332057863
-1.26580578617204
2.02664886075182
1.06635056022251
-0.144773911949987
1.43771531436296
0.910784512925679
2.11281113448148
1.04758433081383
-1.30421030930856
0.482339650054805
-0.0645090513053657
-0.501642811850443
-0.497325474853985
0.235652134589009
-0.714830665558682
0.712251131835789
1.8475574655331
0.303862875548435
-0.228123897596935
-0.0619867377343052
-2.01450130793246
-0.172557783493969
-0.954353361208674
1.40351011519156
0.512370748204688
0.48597351488354
0.2370776238364
-0.253861482964754
0.591711213700609
-0.0946575409055459
0.207578300031975
0.40719866728683
-0.3286122313265
1.74072036249794
0.943034329399462
-0.0705044830102695
0.0463096363504797
0.558583727949268
0.720451012583461
-1.0912141440051
0.949253406037097
-0.43711364954475
0.432085941691621
0.390212571200412
-1.35985862983474
0.539458871509869
0.648213776610438
-0.0887908859953859
-0.0873112318440868
-0.820009591609427
2.21016442289695
0.898292565550979
1.4594518474901
-1.86332440039907
0.412864213465133
0.471994206859996
-1.06349405953218
-0.323983186473309
1.47639379471292
-0.861504189060825
