-0.732394889087967
-0.511365728143479
1.14512376483786
-0.473027192273257
-0.874159368979697
-1.23947706110339
-1.32070611619749
0.535410333986376
-0.883230538149877
-0.417873122949938
1.30839203887039
-0.321779303183575
-1.27641692925081
1.00191505763443
0.547662147085219
0.813796792544143
-0.0285190418598974
-0.469599689259022
0.0451148622982565
-1.12695656557443
1.29929371954826
-1.08999958660131
-0.312566524001778
0.603074737385893
-2.91451748436696
-2.77259739210668
0.64698797290512
-0.328773348668973
0.684472937316726
0.704667965047015
0.242835128942011
-0.765645803295505
-0.992783664746741
-0.996339896050747
-0.578308956382756
2.14633241092174
0.0193735318143304
-0.924238157336909
-0.832502023620182
0.932103997662317
0.843973040710223
-0.628209159506965
1.20772003339013
0.0730504390226324
0.0026129088708632
0.3254326705194
-1.78516847016591
0.989059608501259
0.402285002810587
1.33241044854591
-0.397780491627263
-0.627223380460778
0.151909184434456
-0.242682716048518
-1.99842228188345
1.22745271539506
1.82192052356399
-2.41668202419807
0.673876846690595
-0.515224735980289
-0.850710648162104
1.02674429968839
1.18393689960575
0.0496976273037165
1.35517236076201
0.168448443899338
0.185311779263813
0.441286597273087
0.176625961763232
-0.247536184567934
0.692338198923448
-2.11732047307864
1.75202215668308
-1.06496312752378
0.948279080536064
-0.328904662033893
-1.02799776358379
0.89785252925108
0.160116406522961
-0.5571572063867
0.702202728598833
-0.0802974762555684
0.00497066997429335
-0.640426257152314
-0.505720954232176
-0.763746564214312
1.34620082434899
-0.0973589801806718
-0.988646802193102
0.673011121696695
0.39618761131817
1.03162775110433
-0.0483750687984066
-2.17104596736018
-0.211540869311146
-0.073251898572834
0.254310646876392
2.93301084259169
0.3318933813944
0.226860421638224
-0.167000526946267
-0.424205215503317
-0.209963303361647
0.772871344211201
1.17387761735261
-0.667668627501032
-0.763673899490742
0.0940287547046518
1.06828611773096
-1.63121811004001
0.559233064876219
-0.686600177878603
-0.778694515781645
-0.341247078760131
-0.16037614920274
-0.426279489835962
-0.738474236610024
-0.103038224603199
1.93568530485344
0.729085974967128
0.373657304985093
0.919427043004297
-0.305150223849905
-1.89164936944006
-1.90762589090832
-0.822776296844129
0.199035244373579
0.894271077814485
-0.578617496516166
-0.0490667755476758
-0.68842512565474
-0.028876012267525
0.735914819017792
-0.297132675127035
1.59063266876923
-0.798039609450525
0.251263597949816
1.56338049804614
0.958031125395206
-1.17775448009405
-0.125316479073874
-0.876107170448797
-1.42847343730761
1.4680872746424
-0.245159568002262
1.37876935878517
-1.39193111843037
0.821090644081201
-1.70098244418642
0.075664261739227
0.246069307302721
-0.318988234344146
0.335835878363279
0.829069127162964
1.95446999877905
1.07345896378426
1.02225230907451
-0.20689486292344
-1.70785823015465
-0.262713707868332
0.471908600867715
1.55104654075723
0.150006799233527
0.692241699395181
0.955286359193064
0.624807931279187
-0.463834434438108
0.426618765933123
-0.154747410148174
-0.900025413455503
-0.948598569444711
-0.338920598618201
0.521221645320622
-0.696115328968288
1.90358382532805
0.599842490506545
-0.665443201863705
-0.0404239368320392
-0.845006188305337
0.197274892599317
-1.83264895692232
0.119742283019232
1.29075140682771
-2.08052876289915
-0.403218002900762
1.99664769174198
-0.464192070730052
2.09575558220351
0.780531196173005
0.422448586129196
-0.624539670255173
0.439726981094971
1.15588084923285
-0.401407095900552
2.71579063826658
-0.847570972067166
1.41293896259372
0.596884032082454
1.02785318164219
0.710607006631924
