2.04453943212504
1.25354565455493
0.520961135302811
1.40354413435327
1.19979947545274
1.33746441027502
-0.65244395513476
0.843723085350943
1.02363598701412
1.97947131156028
-0.13121432377948
-0.422158009848159
-0.717595692026812
0.153695709520236
-0.257874219111462
0.137117390915723
0.797836759642888
-0.189319175961974
0.171088510896457
1.37681703593503
-0.306054801483024
1.50288968390683
0.508497220605271
0.352593540826404
1.63085361724727
0.910095577939826
0.279731005476145
-0.337371353252266
-0.519312413868668
0.487591206228547
0.902768115260235
0.12167962239324
-0.076603476138106
-0.443759484309036
1.03234291432108
1.31905063757995
0.173128736931736
1.07102876124386
0.423535577734618
0.570966274652055
-0.229139242100526
0.643950116365805
1.99916393914777
0.901033135763324
0.243265235291884
-0.0630119050529034
0.685257322120451
-0.264955316814859
1.08031189520375
1.02306954234
0.376616648786435
1.97425284599574
0.927490270257488
1.33694704224851
1.84105433476552
1.31853795647445
0.272601199188907
1.4376752765441
0.642745939247563
1.01605854096052
0.655275783059699
-0.0786105198587423
0.0538837482781773
0.664180155568702
0.823585618879563
-0.654230346437634
1.80649870961988
2.21364756124078
0.838728261080001
0.0506859463186324
-0.183628280581165
0.166172395783035
1.74055673300556
1.36907631714857
0.868793927625938
0.305324113534686
0.328165918253853
2.12058541512646
0.383640059812881
2.00784173893075
1.6209131094669
1.15840450137094
0.922726649111802
0.990074549768066
0.109797938771961
2.15628110105731
1.51485141315674
0.651967564266392
0.1424524342521
0.338524037240215
0.762979041002925
1.19847290822335
0.740796198831789
-0.240130679595331
1.56721205599284
1.14111234497533
1.43609933210318
0.959645495231261
0.665277893087537
2.44640000729522
2.60220650741113
2.53582215656619
2.17780341547229
3.13403789444355
3.71114915952713
1.98115526410028
2.72159626432305
2.87179921989755
3.25071627547719
2.8842639632806
1.55570305350866
3.40421277863753
2.86288779647085
2.28260527859502
3.16433087782457
2.1345735795777
3.21424011325326
2.92434664966884
2.84955651294913
3.26339093350048
3.54807627484978
4.0563891290064
3.62008765756834
2.99126354062461
4.02740495721001
1.91134831169303
3.24177308276069
3.99271526677801
2.95597446695645
2.21189655241163
3.29513221420851
4.00962124701877
2.77926255994677
2.14242412479003
3.34027540386648
2.59145882171786
2.76067261315243
4.24064258774759
2.50856438942626
2.2879332799922
4.67256439402004
2.33075146286649
3.45982349662112
3.40170425830427
2.0332138521801
1.74870255117701
1.95927964316139
3.28974442646091
1.99825984372377
2.44240203932985
2.40441368074284
1.94655451658348
2.90400833458825
1.82888747414338
2.69815763153107
1.54145993765649
1.12505454529418
1.89252311107347
3.78766039872871
3.47260317640146
2.3884907106295
2.66351790754014
3.05462531918077
2.96669660271994
3.14338395299586
2.11171431624633
2.35253532975134
2.24688338793468
3.96649623452222
2.0978123366155
3.77925665158679
3.1615170052256
2.87915990587879
4.69581725631055
3.11980499203844
2.2559781959321
2.84659764540225
3.13463641484285
2.568461148788
1.88819452889053
1.91537172986692
3.02015710975379
3.21283665476307
2.39781092687254
1.89950218516035
2.23163443443259
2.5339987885488
4.35370533244068
3.34200598538572
2.97471381672694
3.78118227609785
1.83643211564578
2.98461813195309
2.08712419022048
4.39421683686881
3.32529941465505
2.92680580491105
2.73639606465581
1.96676701913426
2.23348998999174
