1.39666269984653
-0.706932020206555
1.33118600100363
-0.874625222004266
-0.284433515736667
-0.615424063655682
-0.560050418562501
0.148787952236444
1.18376616865304
0.675198265346814
-1.45224959266861
1.38091944817216
1.00754128385877
0.0683524625132477
-0.155462412663625
-0.625070538198649
-0.144303619307737
0.0305461659331976
1.07501701780724
0.357344877948779
0.975408207721905
-0.552247899089278
-1.73055590948327
-1.62187941136323
0.379731820248946
0.346310362065737
-0.586715250031905
-0.154054842633589
-0.788008596750048
0.0694244920924642
1.52076293787062
0.607768293712421
0.448005464929457
-0.167547359153796
-0.355333064598473
0.369227825328602
0.71265886081368
0.160757649284346
0.518379107642347
-0.113728169272291
0.701459647739162
0.603683025759345
-0.0538158541862514
1.24760473489467
0.955698352941309
1.8578545349026
0.845524453090454
0.557741085523278
-1.87229526927564
1.35421610829035
-0.062750994502732
-0.422561270008948
1.93562051235863
1.57071906771669
0.787529553009973
-0.875305597047705
1.07340326216619
0.353764769665232
-0.987904893824068
1.17700155384703
0.959725513698431
0.151503629309125
0.82073416863627
0.920560561994722
1.44407196002481
0.885600659412584
0.610773895461949
-0.844422335849848
-1.25856778807315
-1.61545685352969
0.241221520924828
-0.0336720369823015
-1.17175736293301
1.25893614668651
0.8921395231446
0.194780964699103
-1.85693741337749
-0.813446297101441
0.303561402308975
0.575061292337692
-0.121791569391762
1.90812111028044
0.603075471801975
0.917056069054683
0.393625823475727
-0.37366152029732
-1.24000723869949
-2.89616492691268
0.526400888097663
0.157354792071452
-0.761740648062933
0.379927303132839
-0.133713959582588
-0.376053410279757
0.600518305613035
0.0805180492668075
-0.487511153094754
0.00505257898017952
-0.535864349829152
-2.29381429119379
1.00628481503487
-0.036835831322055
0.856701884918424
0.00264603596537745
-0.0608640194863137
-0.343082955569598
-0.49778219570848
-0.580457853387149
-1.67855432486652
0.163052247498032
-0.310176676634541
0.329020792965068
0.227431861125789
-0.886626670912997
-1.19876811527643
0.714148016652837
-0.3784670534162
0.0237452107710953
1.89977929503981
0.696342814284228
0.720496159982658
1.36777086639615
1.63227608951002
-2.4621682539884
-0.630206893750476
0.304616966485155
-0.18192823598038
-0.311319018302033
0.256547998014006
-1.4671346246508
1.78137951839916
-0.709834725282043
-1.17462545651635
-0.832661780095071
-0.306649830016123
0.114661263793737
-0.954194296052234
0.615163363237781
0.260629110080061
0.354441136401669
-1.38602952406917
-1.01574821890188
-0.946135267213197
0.574291300410854
-0.75768939007321
-1.00911749998591
0.0655794556193477
-0.250199427975282
1.07243287319653
0.0499703321391364
-0.0135291471509386
1.61519673506446
-0.369650009627723
-0.771142125892136
0.406152486301521
0.852183698959351
-0.46221900899691
0.198247087890757
1.1887548391043
-2.02602516401416
0.778398657172729
0.689241306118143
0.331736774624436
-1.51897927713752
-0.0636297475278964
0.594275155672333
1.47687284072175
0.528841463523443
1.18814763005826
0.754565549711338
-1.64077371825159
-0.18121147527494
1.01179496647408
0.930885081525101
-0.154794333179988
2.47919421929497
-0.0299502847921351
0.079264769662768
0.302193399731743
0.485603474903576
0.330542163950724
-0.350153077186563
0.395498398476485
-1.37663979080312
0.532929707226277
0.106451888950377
-0.676403016034167
-0.204574777254453
-1.32383067270756
0.0993366615368949
-0.0819149803086211
1.05419179723654
-1.02905267249071
-2.48175683807964
0.581057637194374
-1.23165869118071
-1.6627806599933
-0.61637832804622
-0.319198621771583
0.669518282894651
