-1.57397449830963
0.454929901035227
-0.0070099889294735
-0.388642955103926
0.90223329505813
0.0349800332315426
-0.343134845280155
0.418215214150978
0.0728868487341352
1.38210611821435
1.28967089930868
-1.68455421548247
0.458627656527226
0.220000089162965
0.83308197910067
-1.28794201929836
-1.26952669453702
-0.755650651525152
0.914631010044814
3.35612618011706
-0.787891187634127
-0.072773125050333
-0.295603305887241
0.53177147616617
-0.166123889585084
-0.396864339195944
0.745468893727082
0.000233220901589188
-1.05668597307274
0.237580022057941
0.2593345647194
-0.704856751039217
-0.734758053256634
-2.0365238600773
-0.534707362034547
0.662394340811093
0.862852309440511
-0.805891834262942
-0.755767004249278
-0.482154587314707
-0.767625412612732
-1.15587124568818
0.292295623780835
-0.270450142879391
0.20428150128599
-0.282896597035099
0.0850733892626601
0.823760095579788
0.68629094371055
0.0893503943671986
1.57703920311869
-0.888631517573687
-0.469618404820251
-0.30472754350678
0.250131347634661
2.00748722835501
1.42373770494439
-0.482239173811238
-3.21231749627235
-0.0305264003178329
-0.786167620971232
-0.309765930745381
-0.698722770351028
0.77641197286967
-0.151253409165553
0.315495704109477
-0.976961147504111
-0.0672559236646866
0.276930177382988
-0.441501471444934
0.584146742395714
-0.672656537775655
0.824576596849737
1.11982854000154
0.119921566275758
0.382868225513492
-0.33495037992728
0.0740087781612146
-1.43559859537783
-0.939655434430471
1.54151089474344
-0.0314373362203787
1.77031701039046
0.963889490176525
-1.42708990380692
-0.667798645270798
-0.068354066381707
0.0392523872180532
1.03725739129975
1.09900064612196
-0.0433345312903003
-1.31897552004136
0.873530382129631
-0.922163828531587
-0.324235919427606
-1.04561256077357
-0.26088857695709
0.56269390343745
-0.228077157374497
1.231789201167
3.04229698372432
2.49142161162239
2.12604476880487
3.60184651635592
2.23107466541144
1.44836039083947
1.66633126244423
2.12937109024054
1.84161269837138
2.04092011247543
1.51380267724555
4.6089104202482
2.15791865101123
2.56551367505566
2.03141856576007
2.28414710971369
1.36061551223063
2.22254194581101
1.69755456566447
1.86881323315204
2.11584586371691
1.65556015768449
0.818184298091788
2.4949028811407
2.69302907681416
1.7733397583324
1.59868894324561
3.30279451778166
2.95476983900648
1.35619789569427
3.41113847387598
1.21334821102295
1.5949084271209
1.62950673172653
1.20394889167088
2.26753203118951
2.1769705702917
2.54599714898892
2.09462273040055
-1.17510020512523
3.37770992248023
2.25301698352406
2.00162864122004
3.06516160423126
3.10824443786396
4.32001656300948
2.2572851779503
2.38842612980798
0.785378363399775
1.07468217221436
2.30548192221679
0.183556213252106
3.3449571802596
2.82214739339919
2.14971660999145
2.39696021230075
0.907836176355744
2.47324587415251
2.43602777938587
3.25731025285476
-0.370588479283245
1.80060261312094
1.68189165634094
2.84023600674049
1.91973860389871
0.209156723895414
0.848660910098886
3.43158244097146
2.39312701871973
2.29870136937099
2.90218700895659
0.3646599924935
3.95047173193085
2.56655530914592
2.750214095237
2.82899406168886
1.04552109246737
3.18229090251687
1.54255286690015
1.36632131716953
2.16886689223648
3.04856340972354
2.28402902835108
2.17899485115003
2.99182714036692
2.79388754038475
1.44827795018337
1.37968366953102
1.48766813664939
1.14998469526319
1.52362800210602
2.96789352713987
2.04506067695183
1.14049867328975
2.0403002121679
2.05477681170373
0.599821824892608
1.16385765769416
1.84612687859744
2.00209556387838
