0.121595204131944
-1.17327773532292
-1.17318813985406
1.69448827909231
0.380631737477747
-0.506306082114775
-0.829640928607589
1.10550113412034
-0.614511710456667
-0.524384657159096
1.62005237788315
0.160667235246051
-0.405374226188606
-0.522844397914402
-0.89775804374165
-1.02751068421277
0.566527722589949
-1.41981287873864
-0.835810294041112
-0.683117063131746
-0.77035960272035
-0.31965688899674
0.234048400399112
-1.06676390840186
0.594166072024373
-0.176617996419037
0.629351759838356
1.6504604746666
-0.116678269256046
0.124184291350249
-1.47060513032794
0.00505057204006717
1.50214895906711
-0.950866320702274
-0.878059041331128
0.425989496086706
1.73568632661712
0.271781031631189
-0.072655697358078
0.462206184086001
-2.23831088437891
0.233773779736622
-0.304320982365517
-0.3444370679411
0.877036064512543
0.725632381948436
0.958691084203464
-0.012445668499089
-0.74740706619535
-1.18496438142786
1.54280486248347
1.7535067553404
0.365587166926797
0.681513610332691
-0.398676098792272
0.208548158289408
-0.9603204380047
-1.748603734626
-1.48109813467038
0.687993149069684
0.0919407454125202
-0.373463383040859
-0.965952983046138
-0.66185099565791
1.92065727772098
-0.858334859850693
-0.862304582751248
-0.179448679961164
-0.621021499229764
-0.1716971424003
0.208467192856617
-0.410188894770829
-0.795174914078399
-2.05701568987144
-0.619330595673886
1.24274208162302
1.32816971207033
-1.48092769267968
1.02502321354448
0.613975195242656
0.819937896464126
-0.489401698142107
-0.894816139256282
0.709388623977594
-1.25776691872548
-0.365996747706642
0.520489350622159
0.806858463345059
-0.913409933170026
0.123466378567297
-0.496800110763102
0.654073980200701
0.816885199037795
-1.25099635012321
-0.144292710999639
-0.166308147979946
0.320878599124427
-1.16360768749514
-0.697753656045958
-1.45499651548593
3.15899953750433
2.2018742367856
2.73799704886629
1.52066289403829
2.23554318985995
2.26748649293274
3.57494272091621
0.649499387876886
0.505627909003763
1.97843031659542
2.56317738124932
3.53271945807515
-0.440936779397731
3.42832725095842
2.52012494382688
1.98700299956343
1.99128143105085
1.14652395293938
2.3410213557465
3.27652846008943
3.03865434155574
2.59130868005243
2.04860475344867
2.09649571595938
1.49534768053237
2.85896129644547
1.31324988296541
0.326546385976602
0.402122476108872
0.249098003641446
4.00976083963135
2.68995609415365
2.07794706410514
3.08860284556396
0.599958508812241
1.21351803769442
1.83777035462431
0.0707437158738766
2.66091671748735
2.67296270925136
2.35081445802964
2.36013759190085
3.09742545447744
2.59126326019942
2.99485539156569
1.67902574744276
-0.0156613043413665
2.49986922437606
2.05225309489433
-0.161469538469631
2.67135832313995
3.92856635976012
2.48431289347855
1.77397348166963
1.00484795701485
3.20934344779425
1.62029218236576
0.123361456814561
2.61428201353774
1.5061719724064
2.60086829669713
3.57036313455284
2.74027794710092
2.63361817771733
3.72493064196078
1.6516270945089
0.784588312684892
2.0574150526108
2.63105750946074
1.86819062588439
2.35573664008916
1.66376909913886
3.50190184266519
3.07746770740839
1.13793364816923
1.83452724816944
3.09624203304338
2.87714452214312
2.40313878304649
1.64732673513274
0.966210783668507
1.28945683092736
1.75165797932626
0.0877098792163156
1.0283835039327
3.84733844630468
2.16810273216096
2.15861381012092
0.747039546543639
1.14355780647363
1.96224973362015
1.77114199481867
2.34454691236909
0.986520575196894
1.74727533356569
1.98841583875713
0.533196546418714
2.34881331644175
1.6956543700499
1.47836627655454
