-1.25484564005993
1.64731105019195
1.49043527568813
-0.715829656990808
0.760150680900775
0.990099084353342
1.14841423504418
1.31139389995348
0.682074737943938
1.34851545382958
-0.1634618364715
0.791239834444879
0.522086987007841
-0.569510393453204
-0.862581883202457
-0.83802045555361
0.100101141482379
0.67995367001332
-1.04639370710587
0.147972785251012
-0.189687966348146
-1.06605153112734
-0.121044623890991
-0.163327922136108
0.782161377293084
0.913362150270669
-0.090749113582302
-0.901623014497931
-1.28202874222874
-0.11519272118177
0.364885250141307
-1.76332667097656
-0.519887667976312
-0.701651629318895
-0.170122928570913
0.118606548046533
0.148734576958057
0.946767440986765
-0.577210893036513
1.46820907481347
-0.0865315495938597
1.03338132431485
0.654194534652918
0.198648680732668
0.206005957188402
0.949188359754199
0.324652238960081
-0.0209519662334942
-0.394263462927369
-0.75118239249961
0.867863028959391
-0.773323846032319
0.364564631611926
-0.498033707886263
-0.190490565408635
0.929610829547872
1.47101281290417
-0.455863114219689
1.06625354768667
1.01751059656452
1.51534911616799
0.739019717954762
0.591668610211778
-1.3127551029851
-0.123284810739714
0.596879354353493
0.446586611537392
-0.678445455692959
0.815928529018636
0.934013931373642
0.73205295818653
0.456956921799443
-1.25333532705571
0.24596473894345
0.726052390414143
-2.31260705927994
-0.71845831935631
-0.861318939311698
-0.584710928899451
-0.0436108961343814
-1.88976378991646
-0.118442839031321
1.22131611992404
1.06655375899915
0.5137291020858
-1.13596120961926
-0.775956543586494
0.852182517137819
0.827131762229009
-1.168287054132
0.655614610008176
-0.554443912539274
2.04093272553899
1.80101882961402
-0.262221733200731
0.199774056153435
0.472082640489261
0.954857398070664
0.334396113476122
-0.189589656901121
0.645384554018295
0.667862245707211
-0.0611614761552073
0.00692148556168916
0.476516577670945
-0.219181296524681
-0.350201598089866
-0.167363453574995
0.455407428719199
-0.830643071623253
-1.32620183102336
0.286204351964475
-0.653667577693384
-0.880234517474277
1.0280695423738
-1.27139383587276
1.69903521426133
-1.24904147250564
0.180837909170996
-0.204966047775295
0.414976903920091
2.1748518407242
-1.62825836606126
1.81214635315315
-0.0738255589642702
1.23914831697273
-0.408575368428598
0.166659654904085
-1.65147949612076
-2.55728981403221
1.28988756578624
0.402785998551045
0.661385999677313
-0.51476789960788
-2.29969355608769
-0.0559797805201788
0.189384678544734
0.327093621324891
0.981830431710684
0.132640042432178
-1.222457845288
-2.09166387319488
-0.216082174509808
-1.03954413845672
-0.425144326785631
0.821937588173166
0.00921765356752281
0.0512973435868965
-0.421452161093491
-1.40062853265149
-0.989752758160362
1.03866042828451
0.504096977685816
-0.925592739369152
1.44484690325597
-0.105354204219213
0.8516280515038
0.253158853968146
0.605098023816303
0.661450594493688
-1.21389659219499
0.303688913063703
-0.42244500831228
-1.24105329225409
-0.367309485480485
-1.30979253243161
-1.00009303361611
0.460310725466158
-0.428397275229882
0.109153324873374
1.12251274513051
0.293651015140064
-0.687804112025246
0.682558206543618
-1.12299445330706
-0.162007717642369
1.18360768929039
-0.4305806118783
1.28213259844822
0.603735294398791
0.53802545339363
-0.197201411540961
-0.427689086546427
-0.406489174342622
0.570869118448226
0.344767055198132
0.353848848016859
0.960878096831085
-0.151817188462856
-1.49953750265117
0.598906909611354
0.400933540691653
0.788048705241566
0.0358189156406054
-0.431425476116533
0.817411198081391
1.11455208493465
-0.79403519110451
-0.425283183650002
-0.813575558274922
