0.159129037795428
1.27392409424185
1.38480450916476
0.857693033045424
0.633508300976914
1.25557058108158
0.404911293868965
-0.40956445401955
0.470121801482549
1.93090214416742
1.96577392934163
1.51589975261663
1.18580777177505
0.966219959942919
0.476971248873179
0.136242536925985
0.744681986507335
-0.0429359399416462
0.490337059736361
1.83960771037134
1.4231204828044
-0.477690193159217
1.27623834133177
-0.320291722056746
2.0978757962381
0.0485436327283538
2.2669940709276
0.938826150601955
0.127718719665647
1.22607312088233
0.947669647968618
0.816931572762753
0.557474562260672
2.62828565738925
0.916676630775272
0.926058253246602
0.127433279732933
0.601374896171432
1.61055993596611
0.628584379572533
-0.397615388709562
2.73225442813453
-0.457197087255134
1.39344581643619
0.659532929261285
0.349248706914461
0.803134789332428
0.799832419395827
0.750531830129848
0.0225094203504693
0.743737080353952
1.02221355887245
2.99459518864472
0.936980050623051
1.44133162057892
0.238275216079534
0.894357162023317
2.11786641947286
1.31170420057956
1.27402764382522
2.26518944513876
1.41742056036689
0.789836360594295
0.996748368436944
2.14601356786527
2.32774334577144
1.05183824123727
1.18265569062237
1.08627635206085
0.251779554900392
1.86662181666362
3.13291612063541
0.517238981322411
2.17278064477423
1.27016059447695
1.32060219000891
1.750587276377
0.967922409272867
0.728926791062051
-0.0134555664798209
0.852865264272502
1.34579635480381
1.05806900896125
0.939992706954046
0.088392646852152
0.970737181975452
1.85459157674199
1.73671225938645
1.57097187921293
1.66029271085002
1.73381269667358
1.12136656228082
1.682777773162
2.00341718429008
1.76011724060797
2.22327003867721
2.64781859405362
0.785306344389883
0.336021243362791
0.800538404938235
1.72836594984626
1.04643643448096
0.905828851248421
1.15401841032067
1.22519291375919
1.58949864888626
2.13388298031824
1.55822295463158
1.106000580132
0.918561334809718
2.10199666706937
0.641096784876524
0.769846979067334
0.66563341839095
1.12562833528883
1.15237567995997
1.81333870097633
-0.0479212445185788
1.37991259885645
0.493108984520353
0.301932077501455
0.698732944140183
0.494313348122232
0.662236594526537
1.08994538969828
1.21842708488304
1.8257508254133
1.85524694492565
1.75845491886532
1.88220524308268
2.96848211233337
1.70188056365099
2.00904191769595
2.84933104083445
1.39900792445443
2.12836230553042
2.0298212760498
2.31904152419318
1.73203781976948
0.667775856487871
1.42789937675476
-0.0319684460734632
1.05976232606004
0.424790179173041
2.04061456422764
1.91234703307287
0.432331879288251
2.19644364611805
0.582815161062178
1.40517757869049
