0.028103735730923
-0.0935469395309335
-0.50160267270119
-1.34250846043988
0.112025773587063
0.0980097331645312
1.0644927145698
0.0598859944572291
-1.03598055926379
-0.713280911661898
0.948476438128875
-0.0454352927425033
-0.639529090364278
-0.209147308483612
0.0528283025384337
2.04295957570308
-0.774437532989074
-0.91248288919851
-1.05607155140382
1.29841573696576
0.116771018084435
0.603506970785288
0.795093101479495
1.02761702209048
-1.39846985144704
-0.176754927506801
-2.27368573370253
-0.57639961972953
-0.155712772655418
0.69365097572015
-0.187561135284971
1.50530954337614
1.21276939590781
0.1257908192804
-0.392200905432643
0.602630820012101
-1.15977047101948
0.77570483599629
0.495326339767109
0.914944602276285
-0.768779307389129
0.104332453178521
-1.67627711379071
-0.230977680777594
-0.102324792804689
-0.0428998843101225
-1.21816214681954
-0.242751984217412
-1.29377339239928
-0.494314747285008
-0.228043970887139
0.158303864864636
-0.452772922510637
-0.220837324066969
0.427747482476261
0.308426842869598
0.19336180771833
-1.56583433971961
0.875117294438308
-0.839982035496966
-0.289522004144041
-1.57305877742901
-0.98847790305735
0.754855914681737
0.997209293447894
1.28853225643689
0.00722816846110011
-1.66779258592515
-1.72993276554889
-1.06222372304404
0.682679704873586
-0.743184263018091
-0.212291923865536
0.591861573578196
-0.870425904138531
0.0415534243126015
-1.20798952489255
1.55655570636467
-1.36346529719244
-1.26723103684511
0.3157732800325
0.0460149391343805
1.3000416000998
-0.981608479746436
-0.304745153436694
-0.556433037616192
2.32684296192153
-0.482772747831506
-1.16019405799841
0.231089279942313
0.954870743320811
0.125626106799962
1.73432780104024
0.602673515399576
-1.51446355438882
-1.1534088293691
1.61336900090943
0.452362035255241
-0.534921381696484
2.34364416782417
