-1.01211442570442
0.360444436558504
-0.0212533721836698
1.02706578515832
0.212372836945481
-0.396395840989708
0.33374016298467
-0.394253863887769
0.375907152295764
-1.79275039145412
0.113591315722242
0.302497195461046
1.29719284294494
-0.831936991937415
0.542294189100948
0.490142330056242
0.919315273310283
-0.262892872513553
-1.51511173819333
-0.454587024049183
-0.720673606152523
0.438854335832578
0.919820047416475
-0.543256390004785
0.644439198335129
0.596168479381596
-0.707006926868004
0.78200138936128
-0.712674147344497
0.136816776862055
0.316670630978036
1.53444491674067
0.0789078270652855
1.58657056935093
0.570316318622018
-1.65229975114056
0.44422968786328
0.233193140366265
1.04394653055584
-0.875834142754421
0.530412453737611
-0.452067646680377
-1.31199523309262
2.03911236676444
0.345850261280756
-0.399252946887794
0.562528489692966
0.818737609793355
0.286983411433312
0.0578798214575521
0.358341870135355
1.01373860056353
0.271038665448689
-1.39006384472577
-0.585165520775175
-0.131451103062338
0.541507055438825
-1.74324900501258
0.149628457526538
-1.76051298925264
0.750740310532738
1.06927857727162
0.57733690884318
-0.593051755345114
-1.26426494468041
-2.10343642817909
1.17740102127236
0.411926283960988
0.674808168350234
2.97485963288408
-1.46183602874633
2.47947435206281
1.32335968784173
0.318680530300278
1.35936013551234
-0.933275658426405
0.756796549859263
0.0253202033001581
1.31520603752657
-0.332424165459874
1.10858756034662
-0.967416031192232
0.103946611757305
-0.393691139944465
-1.29848680886881
0.45268574879452
-0.834107626276576
0.839739067232237
-0.198905676382495
-0.316115628248092
-0.929058372179832
0.811491436902761
0.0964418583102995
0.13535073340601
0.850028207748247
0.578991418024625
-1.50043983040481
1.18443449956048
-0.248700868248086
0.577778587441017
1.34301756601903
0.462866995071671
-0.089637633121879
0.840659010475218
1.27330602578187
-0.918507395341756
-0.325630507224602
-0.787773970063674
0.735115962782221
-0.495934681596136
1.40536642732031
1.18911376184109
-1.44443468248566
-0.139668594836829
0.740516101517029
-0.586054927521413
0.397851307047461
0.85638771017487
0.418546663314616
-1.52668607024432
0.681304849146514
0.340009447688868
0.992271734877793
-0.132438572382113
-0.763281386727343
0.0840678389309033
0.153777785113118
2.26551816506559
-0.173114757280704
0.762292276062997
-1.46602673571799
1.11921604316696
-0.0658141791944074
1.11919619670022
-0.0782701450129717
2.08498055740759
0.702051012061756
-0.754246270940133
-0.277818590944635
0.785595568167748
1.56316184131847
0.295826175949844
0.152502347032861
0.724927730698403
-0.0586371047479997
-0.175335774341384
-1.19501345993372
-0.0372461614895269
-0.70094043754835
-0.41981400714782
1.29859322784972
-1.26918070932313
0.176977222336769
-0.909276494143457
-0.950387520009407
-1.90953816653014
2.26685576753751
-0.84995547481536
0.108562892446434
1.46658906259931
0.23963732060421
0.255318313627533
-0.965744932448082
-0.742861601510839
1.64930524774229
0.10481375441956
-1.80921779270764
-0.979914160098898
0.324607487579129
0.464237144809321
-0.715383831929682
-0.867400138184562
1.9259639174755
0.756906031258503
-1.37398065247123
-0.0331835975990064
-0.532824610122811
0.0628848098444848
0.548702331457669
1.76196805155424
-0.230550038600919
-0.342899311671208
-1.96786810816586
-1.36187319829106
1.07234643208404
0.652317103292752
1.53036469868156
0.675766870445489
0.742242691961894
1.05392722302582
-0.996090988135139
-1.93996945244321
-0.134155162223001
0.321957813425392
0.893776010285391
0.029461726564214
-0.143282229187866
0.341190173409376
0.716890375412246
-1.6498942306046
