-1.28858755726478
-1.41584398530556
-2.20139457028863
0.909144866107235
-0.620608238907415
0.672446853683576
0.485692490381696
-0.86230768012565
-0.097423135147664
0.855872626077451
0.745945982759645
1.34043130540659
-0.332415291771028
-1.43117989869304
1.72531033846536
0.0908310896622784
-0.572319706969483
-0.585782085890222
1.39872341755562
1.79212006556641
-0.351256570400653
-0.309463963985575
0.577027277230484
-1.06003153062665
2.97669072328993
0.164330083644066
-0.753128583354138
-0.175225246207067
-0.13852174560543
-1.29544700254482
0.29393978352325
0.0743883956949968
0.814434222336062
-0.699352836569122
-0.510295299642918
-0.0078197224961643
-1.02516652375256
-0.62882713444851
0.406227534013465
-0.339501629151615
-1.86906095563802
-0.316118195654872
1.59873186623857
-1.18427900753807
-0.696449646396074
0.77891529114889
0.386714986485957
-1.46384612528864
0.718171934978658
0.578003003241804
1.87377792668951
0.651727504580388
-0.54757846019352
0.0304864041595891
-1.33578555679525
0.423975099045432
-0.0106100817877469
1.66957046228409
0.65483282891034
-1.1666786302083
0.913130531984443
1.18120044131084
-0.759434795402774
0.0220668722267605
-0.495046296862875
0.0253889239088296
-0.670962153607414
-1.74635639015994
0.856561893223837
-1.66706323970538
-0.547810316336311
0.923575120742884
0.685173226677387
-0.99755509547196
0.947532801568574
-1.75028013486894
-0.0731390213677723
-0.37987421035734
-0.393795127730972
0.426971522725586
-0.388974082300456
-1.75902265140659
-0.551706009303229
-0.50938316639543
0.283417120034715
-0.0442111998220796
1.29410474370999
0.816789998139283
0.131431477891021
0.881722333340315
-0.145698968057384
0.766188480293713
-0.137159870902679
-1.10811111404156
-1.03374273599931
0.444286011028498
-2.28197404544047
-1.15987449681631
-1.43590997819052
1.61258168941042
1.47151622712702
0.906686273715912
1.31952845324007
0.297059428189945
3.08776116079826
3.29439361760491
3.15116226371486
0.788689859642328
2.19275895163408
1.82478171109391
2.30036616153579
2.50525625004085
3.12578166172671
2.44195727230257
2.97310614523223
1.95590069723953
3.08248789455615
1.95049757347658
2.46771204567586
1.44918929965936
1.72210636362709
1.49739067984858
1.46336866309581
2.64237245119523
1.14874386382352
4.18018083022249
0.824986005195008
1.41525206034171
2.27658670069065
2.32049718336523
2.09678066039258
2.09292170028538
0.692879502056706
3.73488385597025
0.909309510131808
-0.0995383977500284
2.25814447268223
2.1904136730867
1.84056135190512
1.75277301638583
2.54825631830383
1.30610105667375
1.72461925766914
2.54357004564127
1.50015941149889
4.06631577761181
1.38665749570488
2.3221860061378
2.36092362791992
1.93146331477623
0.969352887316847
1.5257333512479
2.13304516908335
-0.623109355217945
3.65910269554306
1.57050144506157
1.79784949776977
2.09384950120178
4.36379732515042
1.88934792580696
2.53597278248583
0.695230908270779
1.30073413876812
2.88577280786376
3.7007785109957
2.66186299710992
1.64624136212973
2.9458220201746
1.97957050990587
1.74374224867973
1.56379210028601
3.03597727670158
1.32083488029688
-0.836422582602994
1.65568333921021
1.61402521020385
3.64177058506719
1.87803569498429
2.12719669776645
2.53983563485484
2.39574697213179
1.23726578155581
1.44760404358073
1.35319848195542
3.5709395228828
1.1060840896529
2.0047725157223
3.23231395779559
2.51152012262586
2.48463645459377
1.43738711864246
3.33446893971491
3.51389563790323
1.6119600534728
1.0761191820718
2.92469574207649
2.43566020149042
1.25400598064284
0.460887662420654
3.0052896601834
