-0.158208380859401
-0.196578022387224
0.933526780128549
0.982857862362242
-0.305979781822941
-0.668736887116463
-0.479261353695108
0.46690616805656
0.914178795456601
0.148402283768685
0.501907028160494
0.481091409239227
1.18285650408953
0.993167732336862
-0.0727787014610943
0.288359665534181
0.859380835972253
-0.45389127676113
2.05160562326686
1.09499708011753
1.56517992092798
0.0810354117708698
0.977810137135236
0.566566555391569
0.973832579306944
1.29842961440017
0.798932307826973
2.65160156842176
0.793493362202263
0.751618057826618
2.50119941312193
-0.789474582898315
1.47927101426427
1.35437332204437
0.084165430857733
-0.0282510748941076
0.932113726964013
0.916982131924457
0.190932322459412
-0.761416504221217
1.21637754142705
0.540314946300748
1.26181398358623
2.35519436961717
1.61069138178708
-0.506366920828705
1.15154319200599
0.303205934248366
0.179182655123144
0.837871711283166
-0.132248646020315
0.572155616634697
1.12582344518875
0.314616532900039
0.734708554686258
0.487398472148136
0.316111206648926
0.42073634130245
1.85371905818713
1.3651484188343
0.0203018462658008
1.21333677485339
0.85014082071901
1.43168248357778
-1.03368393805316
0.0735929059607466
2.36889957088103
0.593153317091101
0.388218450261071
-0.694451986650009
1.10811311445946
0.289281435148312
0.0493775909980915
0.580157751800882
0.993094234139224
0.450122934209267
2.28203493830018
0.606341520003567
0.314441688391286
0.507366320392373
0.871494904817101
0.1472104556698
0.479822102258715
1.10861891869606
0.028602884464948
0.595614870834818
-0.0913310158530241
-0.176042043308479
0.874120084319664
0.980217104287189
1.28213859787818
0.889034169795958
1.51904106395821
-0.48260776511548
1.2756140548465
0.62800085765508
2.29458024240934
0.160165641893537
0.299916257749443
0.528212882779246
0.139537386440702
-0.453244764676742
1.05644663587015
0.593350296853461
0.432516361693122
0.00953935100738224
2.1127947138477
0.349765399239938
0.28096313992258
0.749724272936737
0.140844937234842
3.57226024695733
0.944622020369686
0.731267986152142
1.05895223851147
0.845750007025466
0.735183639204854
0.285986786696701
1.74658825582443
1.08199926606986
0.269468010624053
1.86934685100555
0.333764229139942
0.669756727489052
1.03462583270196
1.77951553196903
0.35884760478145
0.872415644830039
0.486895339145584
1.04114801552807
1.4318158258281
0.770227719817035
1.21897404519868
0.0636348162478936
0.21658062051517
0.505606592198924
-0.532076377745738
0.708266294481818
1.38281605951847
1.74569378338034
0.907199468053273
0.224113436801378
1.46918095305179
0.236850099788966
-0.204910247137992
1.36495264119047
0.880228576775673
0.439479464552157
1.97099769513011
0.175677349728753
-0.0150061853418582
1.38767149080103
1.23360705404295
-0.495557235891583
0.0855867759968344
1.63843746301922
-0.340495339678526
0.829229393462194
0.220105458143351
0.240282302650216
1.73722030414641
1.68386000277354
0.90935820464189
0.369643374977261
1.26318691667652
0.467783197115779
-0.261237088233361
0.642927847235429
0.19561733845571
1.15010169289345
0.616976721508002
0.797060164940951
0.622966303360793
2.48857545168086
0.586605876116888
0.319535069518273
0.781806341135896
-1.02572994711718
0.855041821959853
0.0346350476259857
0.138618945144462
1.14644847880719
1.16090735499306
0.570938108764084
0.927574272073144
0.812321174260945
0.954788200443174
-0.688640455730099
0.542936457231005
-0.104214865159249
-0.0230057762650433
0.709395613659842
3.1024377391366
0.195853225462059
0.775647985690969
1.66025287035283
0.608497632078988
0.723361279963944
1.33033470202449
0.816164133658437
