-0.640360995645036
-0.26330903048703
-0.720149680142522
1.43591370801417
-1.54800097046862
-1.17494118031627
0.255337577539806
-0.115320917239523
-0.74091561203754
-1.6816282294855
-0.22992021016895
-0.792926018136076
0.168592645738911
-1.24187797409287
-1.57213648968817
-0.20427771986746
1.63554934000749
1.65882563122218
-0.782117823359234
-0.152566149186749
0.120230819326268
-1.39900715092393
0.721672925040117
0.67432109447923
2.42912131050636
1.09880777698678
-1.0081061310413
0.566089807080213
1.76092885677388
-0.581070763887448
0.147454980627288
-2.28431438169861
0.265361447499595
-0.528585852301333
-0.810477007095907
1.16356117573762
0.285729036198982
-1.5295540189761
-0.343572081760104
-0.793896797645409
0.204201216716474
1.28227577528911
0.816022981366657
-0.292496228731655
-1.36029324320082
-1.88337545297481
-0.323307115535857
1.40691088024509
0.381413942424245
1.45774125989625
-0.501243355612603
0.799076994935205
0.771968309268311
0.296159303045203
-0.397095745196639
0.315979859652649
1.19017555547175
0.280002538153275
-0.0499109759794322
1.0749725927698
-0.0907631343583705
2.10484636626278
-1.07682584674585
-0.420873492958143
-0.663488133633173
1.18440690098926
0.142755659526086
-1.49814493455324
-0.896577000997277
0.750848116320053
-0.250330157026126
-0.886674382117024
0.319396098358131
-0.19492298098097
-1.04262959201382
-0.96469178670229
0.940077701535451
-0.146498653508815
1.34645142123735
1.11940220636654
-0.318992685280405
-0.621047107054818
-0.552657453801873
1.13490942530455
-0.929153111224456
-1.83299708345179
0.138049634669925
-1.49041883274498
-0.168652820922478
0.428264215061259
0.819686337481
0.198275548346342
0.11233645416099
1.53251275883267
-0.695632036064592
-0.805126247901427
-0.55148890940175
-0.974471843488732
0.257627057872066
-0.09837217262111
3.31634511402971
0.992597916667038
1.53493523725784
-0.240788939042371
2.55444342854702
3.28645058951032
1.58302691693212
1.63588449989348
2.24766133702335
1.94625948118056
2.81055834257097
2.08626187495694
1.7136389012224
0.403085315706849
2.23700448039626
2.20220603194795
2.32537434613053
3.06830030000562
2.12346159725229
0.832110191437387
2.02475843696584
1.98854337649678
2.05936342724851
2.40255608046395
1.70004258668159
3.34024087441105
3.45321155369542
1.94624002626723
2.09925209483336
3.3675797214819
1.07733677342621
2.26217278370067
2.09565913047062
3.05018591425817
0.685082712638357
5.9274176075722
2.68629203387185
2.56949087901118
2.70356583227743
3.10917967089134
0.320081910202864
2.05152605741255
3.16641130575709
2.07789759616874
4.68806607952537
2.70455347394986
0.315982538838755
3.94652947637353
2.0947873598687
2.46459057523191
1.64920042193301
1.4526728684161
2.9934789871673
2.69919765569714
3.48155803566351
0.517324102317423
1.15110240113212
1.7959194701308
1.95916215562599
2.40799107339226
3.33513393803695
1.22038305274502
0.614724583240204
2.58402096565808
1.89452190387151
1.43238099341741
0.414108771885001
0.494468138618778
1.97840545934436
2.93136836410456
0.523945998124444
1.22091414212573
2.80074707182165
2.2870564058906
0.788437364225397
1.80757838089021
2.05255282491758
1.79820070783474
2.2474148700908
1.30230986992769
0.51824980368211
0.543991876215248
2.06596346156555
3.34053206465928
3.43396285006306
2.33825228824182
2.38206565291663
2.97154745235193
0.874588998795822
1.2252958878111
2.40866623577898
0.43812560580483
1.91133682799229
1.59525971935601
0.182823341439101
3.29533330154027
0.985620130180202
0.507468692449081
0.318086157094372
0.434286240357419
