-0.166627744933467
0.953203290849727
-0.626714099842395
0.24399874699904
1.03648123899485
0.964186541824052
0.600447412921275
0.651596304235573
0.69750675772436
1.65956995743186
0.199620045637738
0.212244705115694
0.900927128328139
2.02242865648695
0.0838247300926165
0.0905447120769963
0.538457392310975
0.596863436036412
-0.0265288582099084
-0.228941253580769
-0.470342124421453
0.274819866421561
1.18715324185339
1.04812056765046
-0.12533216853058
-0.311296453343864
0.193435219247631
0.324205710541762
-0.230926638266255
0.853591380282156
-0.0502097062839493
1.07644781202467
1.51434461543327
1.68548587689824
0.0459118453792477
-0.0595060256576413
1.14423282347207
0.206466603074976
0.750448348396984
1.53457451650325
1.02487182309822
-0.0775500373912267
1.81170364318651
0.611100977264296
1.53255795892539
1.11046532975729
2.79428657720663
0.374004569082184
1.31372673032905
0.306759326733201
1.20698274312898
1.68234570322016
0.207956642225724
0.947097826974917
1.26344649995851
0.955075075086179
2.45985846209828
-0.104245969976471
1.1602639402432
-0.0100617054924554
1.63516655905088
0.250347188701499
1.21034983690144
1.26213165482696
2.00897773682222
0.904296174414206
0.833336625659542
0.874462892846322
0.570328080657776
0.782780015214995
0.71114362616882
0.622817672274332
0.624226911016613
0.173904905178477
1.28436759589052
1.17612164318615
0.4629334115897
1.32547301652655
0.896621027391127
1.15789344149985
1.25691535264932
2.22078876137487
1.01975973601049
0.852053261270971
1.92731682858385
1.72495070131688
1.60853489831255
0.954929664355458
-0.075850767577726
1.98827123230892
1.98906799097497
1.40507130718761
1.28750528685527
0.190117010158029
0.664945510558855
1.40503995653655
1.58210262586095
1.49452538455243
0.744130447348218
1.04675516977274
1.55857829355794
0.173227826180119
0.72322388412488
1.07494688175851
2.21174743896359
2.03764994341268
0.58564685838326
0.813270607099263
2.74679288148726
1.01590165048103
2.71361044133938
1.20261048804971
1.07992996642881
1.63698274124633
2.22327604079509
0.039389851837596
2.67788407320394
0.263768846452678
2.59875948463302
0.583006202513108
1.29319492596174
0.224448170860273
1.47031690899993
0.807308694526055
1.05277952561913
0.9066749262725
0.531527351799016
2.11658317012393
1.20343657237922
1.2326704138985
0.988710271829023
0.914063339336181
1.46565018428208
1.74235722128106
1.70016284658362
2.55455770996505
1.22120240359858
2.61710569748467
1.14026548555863
1.77914396028754
1.4750844130665
0.163733988552156
1.25896011771215
1.59953333085345
2.05704813929865
1.61046187986182
2.03032401041257
1.27472977957537
0.494660721030573
0.78769998276295
