-0.459871690314977
-2.58649327264332
0.773186018794324
-0.312509692914446
-0.814033290526956
0.542743018439882
-0.0936847796565789
1.46044525094524
-0.858958024885727
-1.28984217765146
-0.812090119625444
-0.468308013601663
0.483535122237998
0.111533040684572
-0.376942870871954
-1.70583307690615
1.27523594571325
-0.440461787527555
-0.437770914019087
-0.0642955937911928
0.0242172476662362
0.24228096504029
-1.33861937344904
-0.141325549017926
1.14389962234966
0.532640623861914
-0.338581391868221
2.00211682097273
0.999960102073291
1.61803550246819
-1.3003354260176
-0.0974997941176206
-0.474549676713325
-0.492955241804347
-1.11053432706834
-0.396034659092563
0.549618486978467
-1.19406890290758
0.319332421044982
-0.187597841616426
-0.614357263813898
1.10470259947983
0.719514541285001
-0.735565094305539
0.222271397257393
-0.378696341807257
-1.72808685628616
-0.117500927737674
0.606897303391548
2.84098954319336
-0.688088524917329
-0.786365035840194
1.48975430540904
1.19216635735229
0.774427392025698
-0.190470763026853
2.11479200201731
0.531508659056251
1.0551692148416
0.403427622950888
-0.0313360964733139
-0.944277897259864
0.835985082381836
2.33418650710959
0.571949646402715
-1.04504450596322
-0.645882437128795
0.185928149813607
-0.375299748309689
-0.162177940599632
2.02184379106765
0.3183656003496
0.359522662015227
1.34564536568251
-0.99985864764565
1.33406026134308
1.33706628942893
-0.193993656697671
-0.940327455609643
-1.89835509167929
-0.510712121081185
1.51169539171373
0.715587998070898
1.09102486320237
0.159035630475911
-0.0171915638046161
0.202996292468442
-0.284053361347944
-0.297647849322538
0.399931618731244
0.0479032032129675
-1.55624216769915
0.0438629118329489
1.29181716393836
-0.423532356156053
-0.281393880541462
1.4379226077669
1.4041483642251
0.946722456490258
-0.953259106859644
