0.174232577328274
-0.32852157887978
1.31115097763215
0.352633257609143
0.453296600740172
1.16687196485949
1.13984987474577
1.5804504606263
2.25896679093291
0.498528338978032
0.582736858714983
0.300454984537638
0.152570340352286
0.105894660586567
0.194996002517436
0.727891307060147
0.330015431651156
0.659990192240806
0.864101513794181
-0.402453847632291
1.06490058996141
0.967794278989233
0.821442740996428
1.24836150793977
0.202459465973418
0.548619357670873
1.58246341497281
0.385251223125007
1.49680385835486
0.773986880060778
0.946130330441068
1.12924730801147
0.923306206907338
-0.368377388468312
1.51783458502942
0.0371553607548317
0.0937942686429143
0.119325582893472
0.422403732874975
1.31938882136024
-0.134422640952183
-0.531953657813022
1.30665258312749
0.522790421594436
0.0150417816799873
0.21950037631371
0.172213345070851
1.26626630148816
0.662860105335497
0.934822782309471
0.603337982199134
1.42284179474785
0.16511178386779
0.881925078247709
1.50536784591458
-0.0365697698854488
0.468859708176158
1.21017686317032
0.96504415173463
0.0744013978545394
2.18803681769349
1.74598415806402
1.37516025522806
1.43318629194889
2.24819046959258
1.73891769293733
1.8284308555149
0.747906619513561
1.298838728732
1.55067221143333
0.498419960145255
1.35757731386784
1.48768867561339
0.677914453421221
1.91442849869976
1.13183670405146
0.492075921364099
0.139672929597425
0.815330475345375
0.641133599930178
0.402189486531249
1.24700597977703
1.07376930470296
2.09790752425063
0.52912180129338
1.0817715914383
0.497670983439699
1.06206426633886
0.349187051190429
0.912362685365542
0.530621751521983
-0.693030718781828
1.18851089826234
1.62252007627068
2.08281247762771
-0.552276291208375
1.12516716207908
0.902295970336447
0.498192053114761
0.547401990692156
3.40381159844553
2.06167086337224
2.20667067421848
2.63468977112865
2.93782338934657
3.42657353904594
2.0352437761837
2.30937890183754
3.09749813197562
3.01005358135683
1.84408662111275
2.33089635756113
2.20491053217459
2.00031825491289
2.78645355147382
3.14653886900514
3.1978911061658
2.5183879227272
3.15807160442381
2.16088818109094
1.73937520528154
1.94885532170352
2.66004079587145
2.39268947303225
2.08603185593144
2.16619532945173
3.20814703835511
3.13833039062282
2.03848665623253
2.52986900617119
2.97083228694629
3.30733563712753
3.48672015891625
3.37654604655711
1.86792967773267
2.24214056066828
2.0715502557506
2.03179139319343
1.34273724720102
3.00055817705314
1.93378081847308
2.45247817365037
1.43574043091565
3.43263680101939
2.69312389918788
4.09827313991731
2.66201414447354
2.28468492307554
1.90731124528742
3.15101515897177
2.3858277646165
2.99765606974047
2.32254021664114
3.72843147177825
3.04724105683246
2.62812834509379
1.790250623745
4.08925673923689
2.24586239307792
2.81653161851572
2.55390656194585
3.01571590196677
1.68385343799352
2.20169199080612
2.75517134822414
2.01158164512851
2.28309480225084
2.98363397093986
2.93500100570173
3.15433124057322
2.5991567574732
2.08187901825963
2.64994870548501
2.81099000106054
2.63391349539252
2.00482777100552
3.72423966729613
4.34579605674578
2.57470216680746
3.04318856466716
2.97202305875019
1.92915842549303
2.43654603969611
3.28297026543149
1.88333195994651
2.30698860460485
2.30765137869724
2.56404410916688
2.80496897065185
4.59317452922108
2.778525557204
2.6177244938471
3.38677874967798
2.83326146220455
2.86524114856867
2.91926393617086
2.96298745586135
2.4446314705725
3.01883977415381
2.82252615741804
