1.703707883749
0.816178499652002
1.18164641039519
1.59345691049683
0.633383478984989
0.415959154269039
0.286076461144531
0.567132369603471
0.478828921948162
1.47884884360536
0.70680699079213
0.997742101872809
0.863589652145071
1.32155919515689
1.14040729212023
1.01322743907351
-0.17997111919308
0.560354245270176
1.39235992497106
-0.751136809454691
1.04347306128849
0.33836409642122
0.120653525378372
0.681930771343015
1.6497753386999
1.79411849784829
1.27955380298024
-0.0610586738021052
1.28908999368311
2.0712067860346
-1.09158138572249
0.925705687670184
0.019641658542739
0.745997200029209
-0.0626153941249365
1.09946854472715
0.603205089823843
-0.49126097868958
1.66049570219656
1.43189892936666
0.126705602110384
0.880325446263234
0.402235423241299
-0.206597875916943
1.16946669487978
1.37630431963626
1.2190149153136
1.57417610625233
0.841769849191116
0.146812263252509
1.30474832761711
0.473425405745429
-0.124169157529508
0.345614901566087
0.990086102201567
0.686237121335538
1.01839268002799
0.352885685446553
0.721717273375623
0.361169922637578
1.25187339043599
0.463842436929214
-0.272762452395408
1.29609701715376
0.374308879196022
0.868113740228511
1.38860082184601
0.732035361517208
0.193097820444212
0.86881097257747
1.04925612778089
0.268935230260826
0.324062797800531
0.182782150421521
0.625469116478382
0.581546298878429
0.748739068166274
2.67713097371966
1.08638498324818
-0.49069321561781
0.222111355465312
0.593699146837017
0.797189485750673
-0.156476026990007
0.57545123662969
0.938261264241991
0.850155560965563
0.074776008101695
0.526396875824586
0.00923154257762374
-0.115302974039264
1.47521254123506
0.479740965106592
1.44419474622055
1.57010408208273
0.939066317559705
0.687957540160792
0.00208635250194006
0.422706766177686
1.43654983582261
2.13537379559847
3.25306849689669
4.19207338517121
3.06839517809897
2.69783668898316
2.32662858222
1.76862858151683
2.19042595904288
3.19593789052678
2.88555961274031
3.0021867669406
3.39290308903284
2.58502951888821
2.81728140271637
2.77825519502276
2.20546311851799
2.68363685613564
1.71341555535385
2.51897414477797
4.07039935444649
1.31118159169494
2.35315637998117
2.57386374137735
3.37173202864471
2.80457011364611
2.16588540486043
3.87870908808546
2.75734235411349
2.71016463686559
2.00174199151069
2.84318122083915
2.70549005860784
3.11115026006022
2.20013074997431
1.45214044413612
3.27957889416021
2.08095268036213
1.74132998080744
2.75479560364062
2.26663310944717
2.22727944740569
2.4118523316135
4.295670589947
2.56049952857622
1.8150569096384
2.26627869893572
1.8085574034869
2.97348739822116
2.0483530476205
2.53555707620912
3.7221524680989
3.10501336423218
2.44325239759695
1.79688477390223
2.46947936275203
3.68856838548108
2.091007777143
2.13869112245706
2.04632317734959
3.83778233243509
1.89628626370018
2.25164869365711
3.94146812828971
3.09277179962594
2.30877593877702
2.08799655777741
2.07465765575972
2.20692560522881
3.59160234513043
3.53749160134372
3.07188395616458
2.43865887658678
3.46715821787706
2.39134235039605
2.50300158608295
2.9869165002595
3.24073567787702
2.9993784593351
3.22025526373227
2.44082583752366
1.87135076699019
1.95449814062852
3.55473498607716
3.82571364287858
2.61612716534
3.3202133272708
2.01495957856884
2.69651850833014
3.15912142534618
1.61769847100965
2.69323661000932
1.09588055551869
1.68472441129441
2.6776930598664
3.58806900424387
2.78702005900249
2.17486723770384
4.30957024498694
3.17355114632415
3.76016898277225
