0.380446686802466
0.0608687529914693
0.811504808346755
0.304372763071639
0.75910213331255
2.13559238630096
0.938174958267925
3.05680262627885
1.16378809408632
-0.0384757974240548
0.711516501842586
0.696953986687837
0.512797976454485
0.164739427239698
1.15176232157739
0.277778848936994
1.72188221317793
1.57360628641332
0.811001708882881
0.143030534608383
0.602815263570356
-0.00148831789196091
-0.152413563403046
-0.518649812033313
-0.394554522354239
1.0565902150748
0.792818655879513
2.76831811386371
1.71927759076408
1.88153839711854
0.857505161487721
-0.0939229971073764
0.0540959813886912
1.16757627408984
0.25241088323429
1.57014425982711
0.315223307093903
-0.487645801659824
0.736112816940252
0.204827633593631
0.385855188852421
1.50532730057033
0.0636238894303517
-0.266392434998405
1.49858082610946
1.15303132500088
0.0297690445591327
0.667105336944586
0.772371468376273
0.123234138497429
0.484877902866693
0.639475915074802
0.439985640100358
1.06532747311478
0.959224763191508
1.78503948526593
0.00285470433225746
0.164073965010125
1.32924515174389
0.680067620110124
1.74390337864548
-0.288621702247814
0.432610880490998
-0.0161637831659437
0.399932495912414
1.22868868435345
0.830935013947984
0.356814378044818
0.556788415883098
0.755350349641057
1.68199024955508
1.19353127198185
0.253892249874998
0.712316507082732
0.232486708276805
1.43335042294631
0.785399956139447
0.647941207994632
0.511427747362556
1.2058931967813
0.431492978089703
0.292751736445128
1.43214986450509
0.17502084817304
1.45588511188014
0.219529652710498
1.50014149236113
1.20550141556205
1.21574474996121
1.29690182155117
1.51763161489071
1.01624239866392
-0.0492161049853128
0.796538876230187
0.704548347635829
0.659271718080058
1.19261750991354
1.11964921054875
-0.667273954360739
1.10172973799266
3.36733822911353
4.00769548407863
2.30600575658772
2.60154443785972
3.01157514967428
2.6475834107219
3.05654649226546
1.59378982725702
2.43748675395966
2.06047748046491
1.5617753768077
2.93132547588497
1.91085692147572
3.25972172914412
2.95592097007758
1.87840483337289
2.42051622330625
3.35416997714474
3.04603492530362
3.83644809011317
2.53395911641442
2.30514783632033
2.35863007493239
3.5618433006536
2.05881781400905
2.88871401570129
2.80785517394499
2.70189936554277
3.24775262755163
2.53184328316674
2.79612278449424
2.0333861110522
3.9785870298798
2.92544425589726
1.76172109023257
2.67276529462067
1.63259835428199
2.45280188939397
2.76078678166034
2.50861039233613
2.92157642666933
2.20890568792193
3.05880673285201
3.57878619167267
1.66701848096369
2.71984513693566
3.30601467769985
2.97940282738843
1.23937127935187
2.93877809276001
2.29479431152733
2.85861339267173
2.85713173008131
3.05647955944338
3.07496621277074
1.76112583831306
1.67330824704174
2.93255202383694
2.11447300660978
2.79407434692088
1.60818360546893
2.58988608554719
3.10878921861715
2.33741471271605
2.56683727149221
2.78734813318219
2.55046164550162
3.57012622741757
1.61003483496931
2.12952354941601
2.00981085292581
3.35866491895177
3.47621450928269
2.54536672535609
2.15416766354928
3.2291448740452
3.24758408698514
2.60088380822558
1.66210417440982
3.5394808281895
2.4453001469871
2.67279498383086
4.03152351273681
2.61468341525457
3.02301803561924
1.85202949458504
3.16500255706863
2.83308377780176
3.44027094578482
2.57527118629038
2.03692309276725
1.94379135028843
3.81975490052413
1.90585810410864
3.50959965627731
2.14716086014176
3.3499619849144
1.87755577617423
3.7858171279181
2.8880935922662
