-0.0259522719493151
-0.748784342672641
0.931720827017749
0.335774286760979
-1.14567135394666
-0.0709560528437293
-0.0615100420284669
-0.0393796751833116
-0.618430680854853
-0.249715010830546
-0.649898144638308
0.5940635686998
1.01483618149229
-0.256702259631803
1.2748491004341
0.0626108573045288
-0.173463041017202
-0.704619966441003
0.353398661806475
-2.00430865842575
-1.20469153694187
0.151754579752163
0.27203961903116
-0.315478879316953
-0.352868928786677
-0.35143532054777
-0.204927588880587
2.96864979289214
0.118769427093916
-1.8692042051671
-0.368421823341401
0.0385753737026348
-0.207444598914852
-0.91121671858191
0.537717431763438
-0.775459881045119
0.171304934274315
-0.201558759313827
1.23186246965003
-0.985841315043224
0.360946134268636
-0.253398975172528
0.975944729021383
0.0122462399712777
-0.494871478311727
1.10339952550441
-0.325538011526465
0.118122821237281
-0.971296448650286
2.14400050960066
0.485032131834442
-0.528535714165799
0.573353572624225
0.182786679833785
-0.634636408889785
0.881969598391887
-0.134478231383466
-0.255866674290682
-0.60715850444585
-0.434423115621982
-0.291847002073158
1.79294636697814
-0.392290477478483
-0.336130573670254
1.70136192078225
-1.63726929889087
0.665360069059646
-1.8559407852753
1.17852565136258
-0.229635451673883
1.45486556231406
-1.38225478259269
2.02363628199804
0.0933379084537813
1.64238424507157
-0.219523630059761
-0.397286518732646
-0.365646688465826
-0.947981029114181
-0.9956964925063
1.26448823658526
1.00853263520298
-0.379089778257355
1.42087694298938
-0.190706610914083
-1.37056333516047
-0.43545321340335
0.170189496223685
-0.316653862675359
1.11156361691263
-0.547683596222002
-0.944801561363397
-0.811782542928034
2.52615172491805
-0.877963878817337
-0.387766637473973
1.15378253038822
-2.09438190757884
0.870120641073783
0.210302744920807
2.58316250364202
2.34133996487532
3.17473288274377
2.31278041142268
1.46530686771743
1.71718355218891
1.0952376655092
2.53340960297389
-0.0610876395228202
1.25949476646863
2.57130293072514
2.15832122364042
0.671680931237416
2.03366827203999
2.84852687830568
0.70906751830464
1.49848378724853
1.35901541241841
2.13970425625153
2.38292286033525
1.64005199715014
2.35367662197593
1.26473076454699
2.72474029027253
0.931419443353774
2.38506551980903
3.81604559491147
2.22485205454962
3.11025269122746
2.43850168801238
2.92070973918085
0.471962895003139
4.23536195713375
2.2733258195025
2.34050296293175
1.50141124002447
0.594766101318535
2.43517215834922
3.60646128758118
2.96384447827338
1.54306331783461
1.97317698817543
3.07930904904494
1.14908778963078
1.3759059177513
1.85671678538536
3.19042246026279
1.9702597476453
2.69449598501733
3.55189371129645
3.69918486087232
1.50070930710278
2.82212801869911
3.5946502252625
1.22334125298603
2.18256776429276
4.71152396212055
1.94721393163274
2.6902194818691
0.424685594126875
2.45166934825622
1.23552559386117
2.86772419035611
2.89861062845918
3.82596304228825
2.05885813638144
3.01994890843922
3.392019922381
2.18569962389822
2.48217679256675
3.31264611970723
3.85084470409475
0.963437586212864
2.39680184563171
1.7113443039769
2.1089328966151
2.45244272556137
4.22513169983645
1.66730769451007
2.68110210838342
2.97546367983166
2.61172561362635
3.18813343308974
2.90680841068646
3.16226857888344
0.639046047334286
2.2677146092371
1.01668087252569
1.7044217880833
2.71597146808554
0.551086511193821
2.05595947181375
2.38694339974629
3.09899807974245
2.35903852966417
1.85224985941472
0.354950214220313
1.50167606972512
1.91468088124121
2.55527262405556
