0.108471091127674
0.863996298833974
0.480645568167817
1.92202837360594
0.120661323016414
0.228075952582855
0.415039618872665
-0.85493204971077
0.839457475148465
0.44529655369149
0.325535600715275
0.571143009234061
1.40937901725363
0.12026484280199
0.508833562965838
-0.822824918328102
1.0415560921028
2.86908165255457
1.14366880342654
0.679467101050674
0.5781807180955
0.735292675145824
0.860309484931069
-0.209340850954776
0.93056068913245
0.282596448644201
0.849758244929984
0.621681689214559
1.63121089934494
1.1365564774066
0.0547204813379298
0.511859410561772
1.64748549236199
0.113016253466398
-0.213451700868592
0.558899347994785
0.458080413353972
0.362460017016322
1.55587472629439
2.12913493146207
1.94075044119534
0.815674359890213
1.25377465035496
-0.0425085387294335
0.29020840776652
0.297260835817284
1.25317928557962
0.424462719435524
0.620163835388725
1.68153411448952
-0.133668262869958
-0.218403090226546
-0.32821948309912
1.01106816586611
0.457518258405837
0.44107483419499
0.938692386694045
1.94326889875208
0.24086865410441
-0.435421703715675
0.703583434142276
-0.267192204752229
1.73764511498592
-0.210447793205549
0.0355096252438811
-0.236037345681594
0.245505688358493
0.765989902393279
0.934003814335091
0.152942459905556
1.67492629222572
-0.155562825466187
-0.0376591771034653
0.216037912745481
1.22910228342363
0.137375821769794
1.56732616186144
-0.00606193441437383
2.23298394528056
0.78760242598044
1.01899277584215
1.23133781693926
0.637834577861495
0.331098188826602
0.170615312658842
-0.448404271543545
1.68418904740296
0.175284109028683
0.921641979736972
-0.741964759085779
1.79104366655903
0.332440969141921
1.05685512804622
0.345983409092912
2.31557581159616
0.641498032351013
-0.467965591868581
0.157860866841397
0.751504065759968
1.34056375243881
2.0246207666995
2.58062383767857
3.67192127945065
2.62399524203499
2.44954876116251
2.61035476411174
2.24908807005921
1.94116102395219
2.48120705608742
2.83823573757406
2.15295068258642
1.75858650761852
2.28731224725445
2.1457661679337
2.86100146454136
2.89053668051014
2.58399290971165
3.89746686577854
2.06495210935196
4.45401674443103
2.52955381555947
2.42617828715771
2.16709770653437
2.8740199748835
2.97510186688906
3.5268297208169
2.31325339600971
4.08160366746281
3.08744198508074
4.5945775923815
3.4501758482991
1.99580099211556
2.68818571221898
3.30252109323312
2.65010419319
2.34066992648593
1.89174585982039
2.01461623325037
1.80033330847218
4.0571990489443
2.2088516392172
2.79684055968984
3.0502397574713
1.99063258083915
1.68063270291028
3.48782760155551
3.27366398911299
2.61149097042455
2.25522935347725
2.53695826674633
2.75545552636147
2.6910387346386
2.5411535454414
2.28965548638729
1.86963501218976
1.95212050266678
1.86576960698488
1.50281775462175
2.50068228848471
2.13948147551373
2.36903488562212
2.94405811340974
2.96648493797989
3.03204269067521
2.90165703168009
1.61925816025248
2.45113014297179
2.57815341244193
2.4565976328224
3.20621368897384
3.57866813097347
1.44618802653483
2.53236744082431
2.35086087613696
4.36769223301038
3.20300131139569
3.29399902440394
4.1603891574694
2.1589082745549
2.82926888989958
2.61163158912376
2.3558640875942
3.38986721554714
3.13626573999326
2.94039233672997
2.94548050990151
2.63031537848181
3.24041675504226
2.80676704462107
2.89535452910449
3.7240490320383
1.58453472122777
3.75067758997451
1.9106497103494
2.08851556858836
1.9162118323816
3.19526039543332
3.95037313914268
2.49301147429918
2.58096738751343
