1.01550734868214
1.4223869318444
1.68982533022358
0.671614907521695
0.451191640622748
1.03667815280343
-0.136229552168292
0.243372253086996
0.460551788960156
1.18221809323177
0.426182495002682
0.961808731224827
1.60141984844571
0.0729226325664219
0.776345647202916
1.09875147882672
0.999719431804176
1.97647725366408
0.623411609005687
0.804129082175287
1.46118878619979
-0.291626487690776
1.66939505951406
0.882916469001947
2.09718208625817
0.566499816487992
0.887064125398734
1.11246131528488
1.36852282319179
-0.941256118085234
0.548805192249801
1.19360266087406
-0.0102265594181582
0.995428034570584
1.66847369119984
0.301303938074557
2.13626409403349
1.18274425647853
0.610906450998006
0.152979603623535
1.18038463831082
0.0717296826873325
1.30129333272406
0.238887732096248
1.65603858080747
1.17714268163515
0.623679978724111
0.0839988760146054
1.06758899687779
2.03987962614296
-0.0806824425561015
0.892639575340066
1.63563447068297
1.88722325213704
2.42109523129184
0.771505673707104
2.16761731568727
0.849822085962182
1.81734310660294
-0.613379018020613
1.79111465428869
-0.389438833422244
0.660019218610742
1.14961172671524
-0.571796743700412
0.794018647220216
1.02340945180449
0.754288923305631
0.564733650102327
0.358198919110208
2.12931678641441
0.456417388487928
2.10140106623851
0.266624689712253
-0.421716503146147
0.402364078277471
0.0971635132650189
0.616125297789624
0.550059458497094
0.261695124279022
0.656816230537535
1.0789590899619
1.59896882729272
0.891155389550714
1.21504661503436
0.83025013718626
0.524049705815687
0.395760350961084
1.01125973749786
2.00164108070621
-0.202126229703365
1.29188408566502
1.5170737592199
0.373244912414825
-0.753188244888453
0.497896699086273
0.378110187311584
0.61083744162441
0.8001046599018
0.776628921904999
2.80360566176123
1.91055700713254
1.48328891287275
3.05667102132512
2.92525260655543
2.89768389112202
3.60128538036312
3.65320983016842
3.45281594973053
1.96259082013368
2.50140602976888
2.52664429029086
3.27261653329631
3.44739523515375
4.04223862213882
2.21858263300935
3.41863532219252
1.71001682223939
2.95976878275541
3.46648955527417
3.68181133722759
3.61423936989567
3.08981076900587
2.69366544271503
3.72772243964594
2.17022268706809
2.23365941329555
2.77889125699698
2.80476445269714
2.78115329541108
3.47670082874296
4.01866021442815
2.57600744262006
4.27685474530733
2.15891215404848
2.86649427765764
3.08293775871068
2.23650432843938
2.25148463283205
2.9423321130323
2.6559089269813
3.55956227794409
2.31206974202593
2.53651279594778
2.60046924696436
2.70342334800478
3.07739430860658
1.92377002442335
2.6116505440419
2.11867843783423
2.4414323905321
2.88494465876433
2.54797131074988
3.62650474212072
2.43840029386682
2.6925120764564
3.18499043729538
2.5029466529345
3.12543528453544
3.40128927605601
2.72333399614024
2.00497864143548
3.42028528796908
3.02063577256167
3.21475254756218
2.41406322781404
2.33605277991847
2.36297338014911
3.12419382844479
2.91999154103736
2.4841023174289
4.37687278553285
4.33324914954318
3.10168136931983
3.06386049075503
1.37929349718404
3.17584164866569
3.03387372904937
3.69241430153051
2.43596518531217
2.76732514487414
3.55835044002346
2.51325257101991
2.6064715521842
3.87628885658555
1.90071432903467
2.69045275569317
2.4864019245758
1.9320565316495
2.36740874491752
4.62374609781447
2.23499825932402
2.01009021340219
2.21744280152764
2.54450061851003
4.05137804933256
1.61493572430704
2.75806544905196
3.64591211573146
2.17239670333367
