-0.530831510975683
1.1073208563221
0.497602487260026
-0.621553300530005
0.22634489321022
0.356332690167987
-1.82079899607198
-1.36432546386789
-0.683855531326547
0.0595535660452994
-1.33113607313625
0.761590848518249
-1.35858287252553
0.574898840107785
1.53832418036086
-1.13481812396043
1.69674818799192
0.502447045038683
-1.31443959214987
0.0282277704089838
0.210541657475453
-1.6644143507913
-0.452500813087523
0.531050031844833
-0.689482249399416
1.56508725280545
0.310735153018097
-2.35782915651367
2.70863675901716
0.765099605274612
-1.09464342991739
-0.439592671238164
-0.0480759671926806
-0.0276712796967137
1.72754577714392
-1.15245667954721
0.117693061321947
0.0683582744445996
-0.392520992308409
-2.36066872861119
-0.689747209672134
-0.26364771884672
-1.26206422831783
1.90910011004248
0.236592427843198
1.04256220421045
-1.33197154856616
0.476219935004507
0.797428680104479
-0.348934423370457
0.191759280599636
-1.00141600290517
-0.495297432490898
-0.695893809801351
0.856224041070137
0.186442497856528
-0.430999399553252
0.348832329926599
-1.52724541166836
-1.2578301660718
-1.37293815064117
-1.79043719855356
-0.921211750776618
0.624395806471484
-0.568329024487784
1.20159727263519
0.425639842014459
0.505432967969546
-0.72655682464569
0.591125427407681
-0.647446211641402
0.494917491069293
1.74039590902011
0.588904486491595
0.518322632311055
1.33222382530879
-1.4003116233407
0.14297791961806
1.00351231474586
0.0443274096548437
-0.719340400365796
-1.93525681304172
-0.242724449919942
0.85249272581685
0.440537196830779
-0.443181419556213
-0.58744580716346
0.645998612307449
-0.683087552797599
0.165536444885949
0.813518251123368
0.889349532039866
-0.152140222122736
1.31052424120204
-1.40477568909847
0.81048794077736
1.03808754963107
0.266891360157065
-0.0372347441325138
-0.0461914920722075
1.58882685393709
2.57103377143228
1.66010191800716
3.45476275300919
2.15009687927134
2.20741775641444
1.27699450041321
3.96666051511647
2.25723878897393
2.83535766936058
1.55694711337421
1.59527955488808
1.57069256710838
-0.46351043198074
1.89952345051756
2.41574168296158
0.721897378714191
2.35487100751321
2.44040879956253
1.56819686282445
1.00046204735656
3.39788379037385
1.31304245645834
1.27506441510359
0.848075927807207
1.43601801629154
3.23174887810175
2.69510373652023
3.03849018196393
1.9054229042472
0.652728898222666
2.91776889665993
1.37229046759724
0.443883136453534
1.00221953930771
2.89023366621477
1.28523589715734
2.91608365717003
1.22730407250204
3.44204919126172
3.36525170704481
1.19326913386465
1.4386412303699
1.47853022200579
2.77720410994093
3.34890646532798
0.473946743605304
0.682601401493029
1.77949356308866
2.43389056775507
3.65481309163876
2.54094876413117
2.90164272757326
2.88960562699515
1.60944027199721
3.32492487927819
1.67211278061339
1.68142983047895
1.87109800718934
1.70147983485631
1.18502658845728
2.11118263525628
0.0751582817682508
0.978279821235582
1.37991167025232
0.790550665313149
3.30144682756007
2.57302232785775
0.63950416332052
1.90101051163131
1.57492009157804
0.652938400905032
3.03567785691373
1.06558748641731
3.29676190801283
1.82260974530041
0.548904357640837
2.47698042891648
1.56724795764575
2.75218493150355
1.95259788046726
2.0994779581272
1.62849928791745
1.90818620445997
0.132532099447169
2.68169681270135
2.33607717943763
1.73411825803104
3.30290010347115
2.03353874184061
2.45342150528679
2.2715803250517
1.70761740143766
2.4237294216909
0.902198715367043
3.1803911108686
1.40362738465197
1.28046391054364
1.44734194716782
2.80898205229178
