-2.01066418983675
-1.47423953993158
-0.32504610172646
-0.179702022844479
0.20634091220484
0.130357731996331
0.30027585876431
0.742805396786012
0.12083537396301
0.973007718517347
-1.05174080538487
-0.192935553826546
0.612940139633001
-0.714758107180621
-0.96804441432471
0.154675496025509
0.558802804981888
1.85087014660729
-1.12795414539915
-0.178558876523873
0.433284292437623
-0.111857549656087
0.70246747311916
-0.0133828057689067
-1.78473886599002
1.36174182006576
-0.193627308172252
1.52846598299021
1.59906199391788
-0.152385121684323
-0.858751400022526
-2.02150387273327
-0.0559127563360376
0.184823582997191
-0.354666497449976
0.0261281335778016
-0.062330897544574
0.583602233093756
-1.11641826056352
-1.41430154700596
-0.119893114725361
1.68682880258819
-0.705360856379889
-0.582686749728884
2.26444009506877
0.163176799487976
-0.0414223113910741
0.334984794241163
0.94790493352138
0.310226367505743
-0.648613587249402
0.902264983402096
-1.36861826654948
-1.4221853486738
1.69623392939058
-0.287350250252653
2.44252742439465
-0.0438448115487719
-1.0272078777951
-0.88526014126887
1.2107569880144
0.0808664799373217
-0.863776758640245
-1.02676977796657
0.263530091331475
-0.141875483265748
2.14372927476853
0.73684630070085
1.76922631521992
-0.911702966849467
-0.690400539383405
-0.195847625188013
1.31246547173912
0.327658916200899
-0.214090150466765
-0.089169076511895
1.07829271451944
-0.0229285501968894
-0.0816466636678442
-0.0436818492637558
0.426051633882792
-1.72504822866315
-0.290098534347139
0.358011756704654
1.42293752527363
-0.293725264590157
-0.284906150330841
1.0389269156751
-1.02814293944384
0.205496878209598
0.0109928692791491
-0.435141931659461
0.323999302374122
0.0849242524160982
-1.58165352640009
0.147245595527868
-1.73158495496059
0.465497300381728
1.58123756579598
0.235547928081738
1.71042845545959
2.88094560092874
2.05228399432016
2.92407984346374
2.4670286277133
1.30003460235237
2.49429421281739
2.48275862144364
4.16539510010945
0.830390163691318
0.391578905689109
2.83023783674534
1.71647548383747
3.16944132975248
2.29696258788443
2.62912733036628
1.2978538227143
2.23837129527555
5.40572093921873
0.862478411064821
3.14728041147257
3.75345310253792
3.37423863283135
3.07697910710351
4.17270441495289
-0.0940972400697055
1.0555815614391
0.975207959714197
2.6618945642928
1.62943846385306
2.03113674264151
0.33492400673027
3.02628494300754
0.822654182345896
1.34100331167779
2.70207383182555
1.69728968399207
1.46167759874103
2.42217024109431
3.05293017870771
1.12689405390715
2.58463321377548
-0.232942945878345
2.87652018469757
1.72626487445566
3.57017780347752
0.638311589623162
2.84903257030398
1.84346065830823
0.383510665532424
2.69530344682799
2.81050589164177
1.71728216476101
1.12700420969612
3.21392598042059
2.1553267125517
0.831785478157968
1.96947994836484
2.54562238848827
3.08379796086408
2.40647658960696
3.53658586212641
0.78401041137493
3.30372881323893
2.20666527903021
1.79212877857431
2.55113517521833
2.79513678002843
1.43791941684621
1.24189649043545
2.76253030021762
3.16576894287249
2.69833220072237
1.58829914558587
1.79115736947381
3.14640489342932
1.5398940010529
2.17927716610135
3.53372147084844
0.539266749308593
0.867907069964843
1.34757567508162
1.67692024353644
1.82015244862893
2.29734639592317
2.75546477342601
3.15318896199761
2.95130411627786
1.05714732784177
3.40140149417355
1.45646473396079
2.03031601248536
2.22223511109515
0.963849719685298
2.71162117513611
2.0293730634864
1.29634910897083
2.62453018944773
2.08172682056459
1.65265573026628
