0.29210014233765
-2.54697840420756
-2.2177844474682
-0.712910371086294
-0.636603952910894
0.253929758748045
-1.36873343511279
0.0133934922206716
-0.166275037713225
-1.75349566083763
-1.26579291322518
-1.27789796317343
0.511012173044684
0.288355034378742
-0.836720946298814
-0.45881639992213
0.0103014014038105
0.417494585524616
-0.962001406231522
2.36736786013296
0.476851209481528
2.08816245056165
1.17916962629421
-0.135335640928657
-0.0251332951944388
-0.184757595715622
-1.58659706084059
-0.551246767195047
-0.135872390319045
-0.415367898950207
1.15113658796293
0.402313882938891
0.0605788830434763
0.436272957298282
2.0609329508999
1.1718411873755
0.0909351673880444
0.512976901493084
-0.2496670677516
-0.0286196475355222
1.02889050574399
0.232227871982186
-1.95453844652251
1.10333274295532
-2.04750491791868
-0.0742185492181466
-0.396238512290285
-0.106745859248943
-0.384973767745005
0.855119711480162
1.40772697837217
0.59346420849186
1.51925544548453
-2.11469883514499
-0.40896509764633
0.237534483971999
-0.842054953333082
0.885160105056024
-0.553485242716424
-0.263238743505924
-1.1438989756643
1.01693661591586
-1.58462026285319
0.189231410898722
1.97158690644938
-0.129716545616907
-0.762847170630897
0.198921885502887
1.53404183694007
0.079888960626758
0.407306966589856
-0.338711391784734
2.21871107968984
-1.23297063289271
1.63882556371783
-0.401378631471706
-1.89075944478181
-0.229698671528358
-0.136984225421991
1.66489010950851
-0.187265604807654
-0.302403222200098
0.55921847238134
-0.615296153846354
2.36233669255203
-0.654592647998509
0.313292536968506
-0.220977657860653
-0.168663340050973
-1.42663201475464
0.850026365528396
-1.27313861462228
-1.35320476825326
-0.723908003711259
-1.34167158383398
2.3845134889314
1.03958547776827
-0.641790043290559
-0.543174170124835
0.900220655589622
2.21348346989044
1.80703927558593
3.19336348880089
1.52865663699029
2.17753759819978
3.59091292477023
3.73477772336875
0.875947784365033
4.03441313836547
2.28232277031652
-0.533175616936137
2.28151028154799
2.59066996806798
2.20698809757451
1.57084078992597
2.84281706694626
0.564415881040118
1.14926239490213
0.814508387138034
1.20958029547034
1.37475224031858
2.13565723158971
1.33818221434301
2.96572665764533
1.91810784145989
1.93627910827219
3.02528596497083
2.90360479163284
1.85432796251185
1.09343789427532
2.4409689962646
0.572261843951709
2.25200741370953
2.10809694704297
0.806142285819534
1.02249269253728
4.47055877540546
1.75464990841768
2.68168922077975
2.15695803672457
1.65324380164975
2.20137254315618
2.11330696479896
3.86617897250499
0.352209908153271
0.59638245821786
-0.0172642326869261
1.38699774154988
4.09506765336458
1.57063632049223
2.51280205005822
2.16763490954031
1.83933287910623
2.03277985519373
1.64412541737873
0.943988547649141
2.22601655314515
3.47297286738711
-0.245252169920859
0.727416836799786
2.05226280519798
1.09258182561266
3.14241693720165
1.42077566198373
1.0152830461163
2.34738513723198
1.14878930806932
1.85281732730619
0.896348575701109
2.32174953346926
1.95367454897488
3.24956415856897
3.4479423559193
1.09941916911316
1.97106333344383
3.15519861419582
2.86928232987397
1.10572906987378
2.4943582272917
1.98712575227532
3.46922310033465
3.30930083529627
0.815694138672147
2.1316124062158
3.01310418886728
1.5432509147198
3.6480681998905
2.82442522039325
0.683163757047572
2.16589958413572
2.02834778904506
3.5277120765801
3.15576478337269
1.08670075484636
3.1131411493169
1.32193965024186
2.35340742320309
2.33469747175713
1.48796633839574
3.2495394086813
