-0.245357350110781
-0.0819753457155583
1.51399456247714
-1.41696117951091
0.961406964330925
1.7544827325404
-0.186102277976798
-0.797202209068295
1.60850181499287
-1.46004367757239
0.4648297885822
-0.554513903650359
-1.24086150990766
0.234493663271964
-1.52280705187106
-2.05525221629705
-0.0438552508877414
-1.26551638472174
-0.940698623040052
-0.783655388080934
-1.97701594034622
0.840286964987115
1.11403341924856
-0.906096333760445
1.07597406817367
1.37127967311327
1.03817828738524
1.56252325299109
0.67623650888963
-0.136758794212388
0.643097713812739
2.27362166010209
-0.403334813821173
-0.157974740878625
-0.594498900631631
-0.627319117787169
1.54807717445654
1.13626045217322
0.680343340299888
-1.39460405354065
-1.13923880993509
0.157957554404963
2.11403396299662
0.615690517181514
0.819025925712472
-0.528035940553587
-0.261452315399711
-1.1922589676723
-0.777279176761571
-0.257653358789751
0.031830916386582
-0.910507038921245
0.263131692483455
0.279760258196042
1.14715467301842
-0.969003075867539
-0.917202618179027
0.282785646518318
0.680616803332354
-0.29672483435846
0.726610460893454
-0.0994327944033914
-0.0262884500214858
0.910442914562599
-1.27587716908247
0.143143103597407
-0.536039000836741
0.662061331272941
0.52842273933988
-0.7815572240328
-1.55248299401593
0.564363023058191
0.628032073334924
-0.129645585047669
-1.30840295189949
0.515986619292732
1.00794855436629
-0.721590039601001
-0.512263857583317
-0.983362839661008
-2.21562423308128
-0.78259464334025
0.375170677555398
-0.467928100507888
-0.764045904444201
2.07926672777373
-0.724275874748107
-0.902025490991861
0.135862602386237
0.370869202332059
0.413436674332775
-1.52970642168607
0.0531966451948206
-0.053026130960722
-0.91117396840127
-0.125245285956839
-1.26743972308499
-0.341617659324058
0.727930808868222
1.48265200405882
1.11594474569619
1.55928630243431
-2.45275571807906
1.36452374651409
0.268781859599654
-0.158628434894304
2.20703363572223
-0.227499559053945
0.334829867478426
0.357566405986159
1.74112067543115
1.4558320107324
0.567985171502463
-1.64592920980326
0.907405890336111
0.931283466450517
-1.45013155142504
2.38733180651525
2.01507459712689
1.55564112592182
-3.87436307515148
1.94116891530327
-2.62457161895806
-0.530623949997009
-0.247622124250142
-0.824882289722497
-1.30939787741919
-1.54136348688353
0.395797883044686
-0.998139784948646
-0.458321958357772
-0.506666464328548
-0.099260167258346
3.85410042300433
0.422240372460402
1.0558853905877
0.101737314387472
-0.0680150691480912
0.0766109264459792
-1.93363859128861
-2.17565010876497
0.584793063642123
-2.25493445629167
0.471675075420267
-0.275664366268614
0.3625530999814
0.961857570092023
0.705116373068125
0.660085639220679
0.961838164656516
-0.241307795104255
0.139355237029661
0.000259040049575423
0.171917707649464
-1.31346402158632
-2.03956156420779
0.72993232737104
1.2060792493468
-0.637224671838969
1.33506577143077
0.0059886123288655
2.36538222144218
-1.57550167089135
0.12949928328003
1.45971715201948
-0.759198147537877
-0.541619732698256
1.2566817917777
0.041518580763633
0.191730561748091
0.809195480877579
1.46401794658388
1.30821271060438
0.718271730427444
-1.20981922687842
-0.164857400863612
0.331719518819269
-1.75421076536963
-0.612194394498687
-0.310656532085598
0.651742443816351
-0.875935584982099
-0.221074384625426
0.52749421452358
-0.372921424832729
1.06692780408498
0.27894800116928
0.298265660652491
0.956941676428124
-0.781318444654475
0.0367892886634676
-1.16826581504201
0.38968446329306
-0.365572236169492
0.26694754446356
-1.12934586034696
-0.178420623404472
0.828590026002324
0.095994772303292
0.0913440693911531
