1.48762449380444
0.835057060183651
-0.0916880032234704
1.06976462941109
1.59708671686435
0.547081590304664
0.140120640289127
-0.00677533590175128
1.58471057989499
0.496734050949361
1.15763981736
0.827745582165752
1.52063514655602
0.742079754163416
1.35214279041034
0.644787180571002
0.035122535086879
0.107286187695822
1.40449090945897
0.0449585016715501
1.59392162202446
2.71326283044645
-0.992465686063233
0.885538548191252
0.913985707816814
0.525847316898633
1.16836977635712
-0.0248710564921931
0.130287501128904
0.100263726940264
0.421296823403343
0.688007821110354
1.31533843871477
2.17857097200311
1.48103410964159
0.918714310520217
-0.0773378276342902
0.787830093733881
2.40552209280505
0.055293628922568
-0.299192372694907
1.13325165809446
0.16109179983277
2.07489773500076
0.0977779797837516
0.874660488391324
0.517190166267439
0.790340572430004
0.0230519993232914
1.42766242314839
2.18129494065211
1.16851158392114
0.933955289856176
0.0115604615416586
1.61470820835077
0.760020985596464
1.26982072141093
1.07709031056653
-0.248402696258173
-0.227359419164518
3.14406884164398
1.07020456389446
-0.168231625168985
0.211610029345809
0.65536361394317
-0.0898629181302219
-0.645541830507712
1.29707634186217
0.632481171338661
-0.221956253398422
0.435916366500343
0.319554473906472
-0.461685899479211
1.98948967721442
0.0413353663006142
0.237485910416256
1.26259021852946
0.810530017362336
0.86973709515871
0.92092627427194
1.53639345896693
2.40896984828416
0.310653372383622
0.671630879453121
0.276606031525781
0.034662735211104
0.304220360958902
0.707678839897786
0.569151956237585
0.597730104102849
-0.367036648545679
0.0507270639123264
-0.776268355360183
1.04999133249963
0.227759250844297
0.1327439791662
1.44014739489937
0.849080281269157
0.362971469367056
0.275322199766605
3.33050207078624
2.64839145969596
4.13014551417501
2.9141220318193
3.41882874867753
2.39518130189851
2.48450714211537
4.14134788716471
3.42637808512327
2.59743986242823
2.93251333194436
2.11030075079407
3.45710081988725
3.28566983246048
2.01481302021596
1.68830250527477
1.62881376744297
1.99549554571903
3.57610733347846
2.45002081017016
3.86233642341746
2.96880934435617
3.25368517565638
2.16778683487237
2.35377682934699
2.79779496471136
3.09736130819155
1.57740710313241
1.62257710597989
2.6318274284162
2.0420624011425
1.71168392502139
2.45861978487194
2.8072479683656
3.56733241638471
3.06731620282429
2.95160414617401
2.64243508713821
2.97344097657476
3.14362640647572
2.46840554393707
4.2749059050816
3.47521499286166
2.71085333249209
2.45053787477592
2.83656053945766
3.07671200386081
2.9609187555099
2.25642733012815
2.70150241634413
1.31293491757696
3.51565246239731
1.16629301763293
4.50688455693834
2.13379550311711
2.71242644840368
2.60292108584399
2.11690707347531
2.43163093153234
2.92339393465167
1.77515025242189
2.15584571665678
2.71539274718817
2.87125997182369
3.44210439475152
2.45066691802065
2.55440793578561
2.32522771107917
1.92157859841249
3.1731063326808
4.35766925897743
1.91742599387186
3.70998788804508
2.52264319137284
2.21019907739921
3.24451027846323
3.27389618569731
2.69080784858184
2.75421843323428
4.2855587826924
1.96662241158435
2.55521313890896
3.8458000461052
3.72114497079038
2.94612544428577
3.33921104692815
3.17931458160076
3.1518090739674
2.96809244259673
3.27018247155061
3.24851505503582
2.19470096998203
4.51589414784466
2.25297669145959
2.84046496439812
3.09692870819872
2.30868037783884
3.24019307730394
2.46573225833799
3.64649800877514
