1.46733677533806
1.02186781212378
0.744047590406987
-0.0293754011074998
-0.407762751577275
-0.157604298402069
0.218570521265644
-0.100384687449406
0.535792579555545
0.0270542021148981
0.832110634507796
0.0544088023219621
-0.0710770548268402
-0.058074289304675
0.016059464463406
-0.525865180967844
0.883139139692328
0.815375109231012
1.91868992647955
1.59566865435752
0.459222330270412
0.579406813335521
2.73196505842975
2.56106309328469
2.54990363801732
0.304941110879856
0.873060048692981
1.16804619873581
0.856322627413806
-0.282754666666284
1.71280024596121
-0.0995897084681319
0.544100493435895
0.559966161550965
1.60991382862903
0.0433264227078857
0.072193047633864
1.35197229620392
1.52450877999986
0.0969332012138371
0.226201126459831
2.1375694687472
0.344945670794301
-0.0576589757495984
1.62808724660951
0.748342433186088
0.484214739176188
1.17082494944702
0.230005445931764
1.35171327721616
0.670397375736355
2.46900298782984
0.173390492316551
0.348513742481138
0.901010584961507
-0.44258192417608
0.516569628239437
0.082552755148475
0.51180116985658
1.58935450526359
0.553763521126621
0.0594550606605969
0.164319453987619
0.900107543480222
1.12483845211558
0.97632677301898
1.433175295204
0.738114729692925
0.669383726348256
-0.675745374967863
1.16498920419475
-0.251651824989781
1.03452377421859
-0.275319635145447
1.36936040641071
-0.243652473513594
2.17646737799806
0.22934367546157
-0.228451916807059
1.87261144472746
1.72560015704164
1.76765227011469
0.611429915167137
0.218136820425371
0.86881255190826
0.0169458098275781
0.543546858785623
1.09373350796816
1.13362291126368
0.00152870557565188
1.58810358132263
1.78794541633022
0.259217975655208
0.135892727570993
0.444689284790177
0.604915798799968
1.63686243566908
0.802058269470555
1.97266933964102
0.500672036312401
0.785061346118512
1.38599599181919
0.671146064862821
0.129244272281538
-0.258844652836134
1.98120107889227
0.989311906811687
-0.157484852929094
0.429657378492809
1.86103763401088
0.385941651337522
0.92286539649592
0.0215912740359821
1.08911868947064
0.279698588998944
1.45662431816332
0.872738235241801
0.981960006685452
1.81529182038217
1.55390293867856
0.616260303533895
0.888309968868229
0.25311692794288
0.360325902457018
1.66083860808803
0.0986984952727015
0.746655332660151
0.6352786296014
1.18026451744772
0.465807392074739
0.569184724854745
0.697536739773145
0.0802451975685488
0.992164747199418
0.414583108061824
0.185030553809072
1.07105264527809
0.957744122637284
0.377268938069286
0.562094603206737
-0.408862608451597
2.21957885710671
1.33341329410314
0.571799939801632
-0.00906985329347309
-0.352765504685709
0.732760830980977
1.34819123321789
0.984072948699776
0.501353418103719
-0.188341743911941
-0.166173121393432
0.479473850537726
0.944890757088153
-0.239553493608758
1.35316106934708
0.0550672698508669
0.668124628492706
-0.11370678827271
0.992072837279926
2.78180395155436
0.903954626109922
1.41014767340471
0.776414629250666
0.115872165921771
-0.198624137379358
0.934850973268438
0.595284349695312
0.0442268180473582
0.970656483701031
0.0968781470014746
0.459091917644562
0.550011724005602
0.873718185988725
-0.0315225663039395
1.64999390315919
1.56960756774886
0.892427022582613
1.6801613118332
0.405228971622986
0.660618919483751
1.23713471746508
-0.182105404141549
0.563247278406883
-0.304595755824167
-0.0287423312874903
0.153329253982104
1.65455055996762
1.73270030845454
-0.181565159656685
0.66083031898061
1.55494728350901
1.925319468877
1.87577254583791
0.963529569511195
0.587120257093826
-0.363473396096592
1.26019065385928
0.641777074536138
0.82632852922363
