-2.03161126134098
2.76991553901078
1.09316269835029
1.27043653207551
0.718792115011334
-0.0670913461086966
0.576050353055569
0.10239918008277
0.712797160163287
1.00647060206248
0.567661333557855
-0.923477683685827
0.199051837783486
-1.03306668234772
1.1110551868666
-1.35166985911293
-0.290682788388226
-1.60099826865626
-1.79734010953912
-1.99088521819166
1.487534140477
0.146412831690271
0.866324807874598
0.487769945722174
-0.663676496143568
-0.191341960138943
-0.0293504960245684
1.90509379537429
-1.42213342194089
0.547245311594965
-2.02244616122118
-1.60429189100038
-0.930537414088956
1.69195633113643
0.183852724059736
-0.683289773551102
0.122576669645894
-0.352010033381026
-0.743620154988834
1.15640893669712
-0.485461574865028
-0.124586836979791
1.23637564919736
0.70044538559676
1.1513034049735
1.458451266135
-0.308602876630732
0.474885523310837
0.761268790630033
-1.12618788366954
0.783506922826605
0.0497104456567251
-0.0680564368853168
0.39157589647818
-0.107852481440988
2.19727409247328
-0.832701240698975
-1.28256196054004
-1.71225089850003
-0.213137557736214
-0.70608003955147
-1.34738794802929
-0.930551479925542
-2.30271085284158
-0.254413003185738
0.378799691695656
0.293869838443113
-0.164790518595642
0.501877419965133
-1.0911059025854
0.122000749226174
-0.512113723688377
-1.37917454944986
0.591050888310584
0.684459317104816
2.67112444139669
0.457595046397788
0.33622345004991
-0.222645604380387
-0.251356266387097
-0.32694727283695
-0.920504863623542
-0.105323715251265
0.929031433494152
-0.955457743142954
-0.472107957003782
-1.39386048717341
-0.474920471261423
0.622734598529163
-0.101499704181043
0.306540150564448
0.75411081157336
-1.37495244864644
0.0373604873357176
-0.644340732272786
0.408695411207032
-0.108054513204779
0.921197649639984
0.860322113659944
0.784744521817539
2.11953875818878
2.20992591736041
2.79282174656286
3.66068539306561
0.385483144451178
3.03622435016403
1.93261559251371
-0.536058719230084
1.6282225392576
0.386927267604619
2.76837989252535
1.76528468228224
2.34934513851151
2.92238224366542
3.49468698428389
2.43501236439796
0.0938476292760382
-0.425594268002606
2.72747387004354
3.45753396001769
1.58239562291402
2.13707156766184
1.8012988402089
2.76858746792939
0.908112787140561
1.43535716536096
-0.44841162709082
1.18147318393936
3.29106325389185
1.95130573022604
2.71834706570031
2.52646306323976
1.86845655502361
2.06842464522268
2.64758314734548
3.51834129620705
2.79716323017683
3.99191175862438
3.59650932163934
0.573840408754796
2.01749854229522
1.01345770792745
1.03035073663232
1.07733618956905
3.1866004617885
1.66668808574512
2.73122833094832
0.833883563877659
0.532231707285384
1.66992374033352
1.39420859050793
2.02573889398707
1.32334201634761
2.13238945647105
0.84653181072849
0.963061712114462
2.90118278555021
1.19921135651325
1.16378766868408
2.17136765258683
1.45540408808008
2.8476564675275
3.32088413709352
1.50794979973762
0.506189438480691
2.82350548228988
3.65280462894463
1.19274240725855
2.61614592482198
0.359395611611087
4.83664509107352
2.40824767982274
2.72650116136122
0.726956591514868
2.35969137055787
1.22551798084022
2.00837729605818
2.41664617169474
3.55172321741813
2.42830057988703
2.40068834784653
0.87324906237604
2.25961924644527
2.73003945540225
1.45912519041556
2.2515528936014
1.35329639366493
2.90254529983671
2.64482394333018
1.62567733414692
2.80638462345471
-0.381209828719472
2.63929611869855
2.33603143866161
0.673799043420656
3.40664129805916
2.61427223509058
4.74525958108025
0.318532453909995
2.70438008704886
