0.834683851557989
0.139153174966317
0.356351357418281
-0.536215777088992
0.795333223767593
-0.307076852724539
0.319573686933894
0.280031026750124
0.677233916728455
0.258442610665699
2.08637863855019
0.932320477447479
2.04027562861699
1.00407551698222
1.14770707974501
0.585215251729021
0.436906592253354
-0.0760852798143337
0.546014300886218
0.351129902754433
-0.632167714016639
0.609426303286608
0.752432377394963
1.26036822942791
0.444018457060465
0.324151788688888
-0.541389198480024
0.949913333647321
0.48356621011148
1.86879899616502
0.222548290539386
1.14151701076843
0.378341212690801
1.56153296245466
0.908068528800017
1.2036631467143
1.22805439829776
-0.219225154049656
0.123198675268729
0.237317023174043
0.0194852325325486
1.05242299442446
-0.544126868789767
0.801135339853972
0.700319629764666
0.802446994872984
0.957986910299903
0.257871448987419
0.367725257222098
-0.0390146980373749
-0.132202283956507
0.550818889101675
0.299637853173813
1.20417424928274
0.935240286313139
0.55651009857981
0.677848621351148
0.933833710670143
1.53528021081606
0.237878014364032
0.185424980570159
0.80181750641693
0.640808395951886
1.6228414141771
1.75313359828871
-0.170776349606867
0.763671759735438
0.793149952144397
0.806716994370895
0.867969926083474
0.227893746243946
0.918988407142153
0.434607435746469
0.654937930198756
0.41190081524047
1.8300458935924
0.689401459273633
0.944328010706296
-0.339460993683859
1.53982723075893
0.672241579803576
0.706346296802249
0.838622173302901
2.35702031226933
0.378469641463108
0.00994304165829254
1.39137502963152
0.312328035710331
0.794994792345138
0.911442865572854
-0.146034470618405
0.837389309308533
1.26806003724377
2.01646573752473
-0.00290157637564775
2.14209255557054
1.40864400634565
-0.035291757849864
-0.172244099213233
1.49177474812973
2.58413366743549
2.9234362896452
2.35105275456425
2.47432300690631
2.75647262557303
2.09651957816025
1.91819582062579
2.63893915406975
3.22160634876235
3.24433996322979
1.89091018259159
1.8089584315754
2.19894904216147
1.47570964252383
4.49518407260546
1.57211547250918
2.54673501817559
2.4497880800473
1.72821331640257
3.51509421838902
2.81600670968949
5.17210837025184
1.96837285784182
3.21632534457617
3.16976682997853
3.10648902697518
3.34552651805516
3.15301976124645
3.45899092253813
2.29988349816866
2.47002511687254
2.51080574864888
1.51516348735637
2.71892866426156
3.05115006410454
3.08903171392493
3.8646389539424
2.10729564808643
3.69822615566833
3.27757541952743
1.67048930958614
2.61125483158
4.85570646199747
2.31151952724757
2.71075939982602
3.54320737495326
2.79530950272102
2.70062965299357
2.48682977192192
3.18917212346734
2.00857021680474
2.41488509652352
1.61068921547086
4.19446413586628
1.70157449838875
2.08482620668172
2.24693845385375
2.54263125000668
2.73456113640712
2.83229392676437
2.85354090673912
2.51611627989565
2.00464631011294
2.12052360449759
2.66036874828289
3.25342966864158
3.66553322649486
1.47004411186639
2.71641571349113
3.43483759779985
2.2868414631602
2.34602022795039
1.75790390187665
2.16225863526364
2.92468181716055
2.92909282607782
2.30408831889086
3.5069348045064
2.04790081904018
2.04604763692962
3.02576029065804
2.96912715397793
3.08454438119214
1.79210524296637
1.65948833577468
2.17027378473267
3.05671635321642
2.09611130280028
2.86897290897475
3.08185001288856
2.76308794850791
3.3780667845152
2.48604159314436
2.29919018209279
3.30831074072216
2.8165841756428
3.54870545646155
3.39990890513189
2.93381481993651
1.96386891909748
