-0.068170656988692
0.442133121724059
0.53153538216602
1.4289831104685
-0.153041104312904
0.492300623791234
0.546047289439074
-0.385514263264839
0.289190609084558
0.402124751757841
1.01710664594766
0.22272480346653
1.89639143132688
0.886304523737819
-0.0298902681053053
0.0789480083815874
1.16984370880069
2.23664528293519
0.660091707492753
0.650666325874628
0.186476399126691
0.0996488996338323
0.0507135407482522
0.0375628727249833
1.65878511607794
0.860368555847727
1.24941661202605
0.427001612778349
1.72186340178164
1.11728227426287
-0.13190468468644
0.332073046868143
0.732016813594989
1.44360260282079
0.0296611244831015
-0.139477598617602
0.626796493667361
-0.156424638841908
0.786037795527637
0.355244895271317
0.774741624974527
0.0307828829961737
0.646799136522541
0.449189453960098
0.937690535290202
1.04316554493892
-0.538386587388046
-0.398859184411014
0.908217760377287
-0.117252590668351
0.573677906886497
0.816532975527152
1.01109553274573
0.414699376584666
-0.163882314440413
0.577740022987206
-0.0219475082731422
0.676976871908254
0.985507061683063
1.27785725253325
-0.0769357122438372
-0.0194278512781657
1.31507550161831
1.08650576498818
1.36241432252818
0.165336047496176
1.17723951330051
0.153874786459429
3.4201605176149
0.228981115391147
0.288846591589403
0.774508826024655
0.391735310314614
-0.592958302628483
-0.170834373871234
0.925080656908578
-0.169331499465673
1.17241034159021
1.32223090936925
0.924776537291412
0.0191521689284946
1.24224018716463
1.3106074808072
0.812493413325233
1.06463661194258
0.604184119488616
1.11862156795425
1.08217819199557
-0.45510742206392
0.653674416931612
-0.230769275840287
1.6204754011498
1.23675703118552
0.140954528705448
-0.528709479927378
1.08946266676715
0.490372771399906
0.458530588940184
0.34970292313516
-0.154004981846261
2.5804385048324
1.69388359942024
2.66863257038637
3.16816302767631
2.90295044592714
2.35374502956158
1.83272137205314
3.41847545316973
1.71161128417326
1.49454593758531
2.79256687147667
3.69253796319238
3.9079368068804
2.14190858392893
3.33462919320043
3.44712707666018
2.53827529818849
2.66525477716961
2.72408006517593
2.2051260998898
2.93399950130934
2.00108519413519
3.50526621992953
1.91236762747563
3.46665112486007
3.90326519487053
3.00087002106354
2.35108156025669
3.54111912576469
2.47567542324746
1.77070465955672
3.56264937192451
3.03252882772856
2.23906055701373
1.96260272425047
1.94442488778169
2.43823275321359
3.18864124472794
2.70662908844369
3.07492781449398
2.51423814946685
1.66627408350272
2.17874953445392
2.16216124133105
2.62297007964063
3.2045394206123
3.33110636539401
2.58896190055526
2.92677981585285
2.80451554763156
3.72531276454491
2.69698311884131
1.86505298004486
1.70928721974803
2.59219778946867
2.44980411643279
4.15643583690553
3.37435399997675
3.52958641724094
3.1988416757951
1.69510161705486
1.50171795589183
2.32075941357468
2.61332074305488
2.54014806555428
1.58964236574226
3.14902957386084
1.98220688081779
2.26193637067653
2.05699252548576
2.40878471575187
2.18527106473456
2.55114965664329
1.54481181641826
3.72991913746855
3.8753015147869
2.27292661033957
3.39571565335331
3.89239794593098
2.61275318746325
3.41271720432058
3.26909740807453
1.88434964306054
2.2300198094922
2.70091722109749
2.98665788990001
2.51291116073428
3.95832089445971
2.66605159237221
2.29691535591909
2.79631374957894
2.47484229793533
2.85306379039797
2.90032384421851
3.0864368515619
2.16687726933183
3.11006746917614
2.32432476296108
2.00859346618168
1.90942457482622
