2.18499081699851
0.381073496180679
0.792439530231526
-1.03880608593637
0.447735696430883
0.661544300327066
-1.26911686997588
0.687276971854505
-0.0119579459790213
0.169173056657172
0.168725291818906
-0.959233175901104
-0.0193604707417255
-0.369897402994692
-0.377730929167653
1.01316754577443
-0.213961448194615
-0.442817739125611
-1.25305936514645
0.399531885655843
-0.102603370798288
1.83075764954231
-0.572113170776214
-1.15043844287595
1.28955311038926
-0.0466604801840184
-1.2164163141043
-1.14437816748063
-1.71297028815568
0.209401254155338
-1.63870548126899
-1.38513813477542
0.205400307131079
-1.24489064227245
-1.60693591851214
-0.163383106721253
-2.13995375077456
-1.29314388500533
-0.263034977365469
-2.29980412513627
-0.35822379600145
-0.0970654211488614
1.01064881671575
0.733087346942097
-1.03247503943133
0.484635179130895
0.154494019510213
-0.573564108446984
1.48196061919214
0.0234520471566055
-1.05297683821854
0.169309892381273
-1.12658949086804
1.2191867763396
0.171271260131911
-1.5547609647667
0.747732510038155
-1.35302998428769
1.18391930933955
-0.284323141147277
0.159286139448821
-2.04190670201121
1.33910025366718
-1.62673968652922
0.399885871950041
-0.647950142867425
1.89047593855291
-0.788882998786423
-0.793137006866084
-1.01928944186181
-1.45293624359353
-0.868555194532385
0.78462709766803
-1.44971253034325
-0.0203454632098214
0.921243277345392
0.720225290773425
1.18843604387848
-1.07791996733085
-0.276016556738996
0.208168811877762
-1.99059936526607
-1.06976547958005
-1.27747597271712
-0.804587743934004
0.0725644472801109
-0.651047223399217
-0.773460434592862
-0.703696813413711
0.360911094495208
0.822870161609614
1.04740629989264
-1.1907371917619
-0.0488717248681081
2.45670039941612
0.430318478121637
-0.987294347040267
-0.963886030411984
0.159050927906238
1.13354635358738
1.89624082543296
3.48860917392243
1.41006060124741
2.07126641965398
1.92432204286975
1.56603680532894
2.03527206900946
2.6669637569306
1.91966261665969
1.89538879416836
2.23330174095206
0.703707370542532
3.27560595196595
2.04468092014519
1.6372645812251
1.89214268631331
1.42801011287223
0.379501209002613
0.789631996390266
3.84011726400589
0.817347811640095
1.59713031076924
2.51899784751865
2.18617601406734
3.0690810955163
-0.791028177399161
1.66470024547248
2.99889909496962
2.80231121866403
0.248269123630629
3.37061546225087
2.607047687997
3.33370348243556
1.91781613415734
1.67478457873607
2.56986956552157
1.87145274363435
2.1751227066381
0.931479606826197
2.99698230003915
2.91374471218174
2.75254297139506
1.44672726325137
3.01865927812253
-0.164244905722072
2.29774839636541
1.89068537800798
1.52221227037384
1.75347416344852
0.372491816526148
2.51158933709328
2.79383783307862
1.45845350308429
0.788646929931479
1.54736194433869
2.57619221988948
1.79829679076269
1.68646818614287
3.12610398097233
-1.79229754627955
1.11408969213332
0.774149309725227
0.791404631480394
1.06574790236529
1.15301749630466
2.52771241157482
1.58526311160374
2.28572563550038
3.38945506667138
2.16452501391423
2.81120326388072
2.91758715472503
1.33329693001263
1.96364712547556
0.438958554024153
1.64110041079265
3.29095424267673
2.3637806742819
1.42068498554038
2.26657724556498
2.49475443381487
2.97733164155129
2.44937792469187
0.937154259500722
2.40636367308505
3.2215488622089
1.62559286019664
0.267673942519841
1.49420452969589
0.982850395626477
1.52284426511655
2.10280613565039
1.4626192342684
2.85197960018933
2.43491228596037
2.51018044345884
2.29709675817361
2.98016925228858
2.59498199375283
1.72609776553823
