-0.205171952745429
-0.471113630769669
1.23028369421311
0.490812778056127
-0.245842888943505
0.281568490475899
0.932192384236876
0.644626581838699
0.67923732081862
-2.25444813859509
1.32494248161914
0.875606441026163
1.18138104641339
-0.629174805236575
-0.485384010357865
-1.00074290089493
0.71598954223292
1.03216684769894
1.10044247073129
-2.66004761897821
-0.373161340626067
0.00867851565392467
-1.91312584093977
-0.111688523987006
-0.0735313643949181
0.498748359756149
-0.914777050972404
2.652894061046
0.814172820211424
-0.993061256519196
-0.391318845688776
0.54676312270785
-0.380231774158301
0.161351949984029
-0.438613503429132
-1.22463875877661
1.33651328775057
1.45293336030356
0.0765428778071401
0.540887217774113
-0.203236949872412
-0.438712288790593
1.41239558431565
-1.1249980945985
0.583132310817409
-0.125769517449855
0.302571911711411
0.793088218977396
0.468132788004321
0.0556771360268292
1.15291464481115
0.265357009292631
-0.627012813117057
0.543073322718504
-0.740612400371181
-0.737765048440288
0.69486810843879
0.419686054941689
-1.07864055089228
0.848829135292342
-1.54059638637554
0.236106513783721
-2.56012959940088
-0.900474463306084
0.298405281362225
0.50553635489725
-0.638842930815569
-1.08165329188349
0.339308256834296
1.76256944684761
-1.41803016785464
-0.599222072943211
-1.58839853043819
-0.831102926849115
0.496686309284499
0.542396707890588
0.32322225306191
-0.331016582493237
0.979103472885499
-0.430505433274064
-0.571866895573843
-1.2982389962854
-0.528359323345271
-0.172943006765053
-0.029224810733633
-1.46064592693583
0.143660852238046
0.438707080030382
-0.00354431633655477
0.314754339572949
0.138281621439782
-0.0842019150518426
-0.163427565370372
-1.23893270162065
1.14505295455152
0.435143751483759
0.504328802699399
0.896259482337412
0.0713336147734135
-1.35162351147216
1.79740798346147
1.50345693636053
2.84523669911589
0.836163489438744
1.44461648777532
1.62264260672167
1.23814317599527
3.38534740574503
2.5967673539106
1.23089260281642
2.06492044087122
3.81915432399576
2.23735696788365
2.01762597391091
3.76354982454118
2.4818969263528
1.01692167193824
0.386064440820376
3.52190963075344
2.02071606152
0.747460062137958
2.15789675429563
1.62016760822096
1.26264889542153
1.4246556627201
2.84411337447757
3.76638818453076
0.196328957195322
2.21092045037361
3.04942419957271
1.45748016277189
1.19238134806877
2.51650372148394
1.25358185781466
0.54750271419712
3.09205404551653
1.10422257813959
-1.03972788597747
2.16536446865533
0.296282519543845
2.06514830508442
2.43947969205617
2.35008016593254
1.56488726534552
2.64685854778731
3.32356303162273
2.44292786970456
0.378574322158573
1.01936726325448
1.40613817199626
3.01908921797935
1.28188904500069
2.06863220218315
2.26784947772081
2.14616220219515
4.14956169138305
0.948240923665742
1.75260267603665
2.97576064358655
2.02822202447905
0.424036832364471
2.85892412643426
3.90756989244846
1.96344376002279
3.69862144348092
0.241835385922967
2.72490959880059
0.855546264737066
1.53491392494557
4.3058280715991
1.92053286031723
3.62260761812303
1.95256294248487
0.542441961289286
1.90063101286349
1.88353275383993
2.08019141444226
2.77778642141438
2.08867849787832
1.50837969973051
1.2501627226537
1.58370156590121
0.623251610134055
2.28413686604081
1.87638402651246
-0.0267720517901968
3.42114755413209
1.53269386648416
0.233102562750555
2.42096088801122
2.01414721792402
1.83747521425267
2.08032578085992
2.65326023300247
0.589680125026916
2.12402510588256
2.8561955918377
1.30699005792104
3.24254637959064
2.44986681702711
