-1.27708909570986
0.359962948954825
-1.21554807453324
0.140306673984943
-0.778743898061374
-1.70006123229062
1.76385026144673
1.08151458016796
0.4701054663651
-0.219814889137258
-0.124155193108342
-0.0771846151322878
0.600754930811759
0.813775655494051
0.370097481919853
-0.281273330135789
-2.67682565223772
0.294106274194499
0.98561866629424
1.85393189991574
0.350971909754476
-0.944105974972553
1.02936257493653
-0.208236588544335
0.0503849472082409
0.485687672802739
0.0126085978665203
0.108458480889612
0.569696632877438
-1.21070375449757
0.240638597280437
0.960793926348328
-0.283392480117998
-3.47987140339561
0.459735963872666
0.699395792531013
1.67882031251698
-0.399316657278808
1.49751264557836
-0.209557413184709
-1.12427825659539
0.219581208907478
0.327602196495709
-0.867317312308591
1.87556636837644
-1.00618924423751
0.255378421117197
-0.0518706735418106
-0.883088403874262
-0.0973911480437239
-0.410979887093921
0.164333192172119
-1.10139034503191
-0.582040912937328
-0.580554051613305
1.47030371560978
1.56718246764868
-1.0375992348332
-0.898736965808282
0.229180773394147
0.285940529401562
-0.501609936175961
-1.25421977430632
0.704202734642449
-1.16345710209704
0.377507094321892
-1.69942603737597
-0.594296396932986
1.77426281093612
1.01844503529135
-1.36730365650769
0.230620668118564
0.0369303779498109
1.05294795693073
-0.2741456749084
0.493440400821663
-1.53260689128056
-0.0567134687664957
1.9881994856867
-1.84972820450344
-1.32232407714951
0.863020846177805
-0.45491091886011
1.76592868757175
-0.130819459399911
-0.472110148813865
0.978647941405429
0.519296480434876
0.251462009512777
-1.18620155258396
-0.220389956355038
-0.14570213734224
1.88592960711634
-0.192586135390744
1.2775383584297
-0.440365789692179
0.59643572655484
0.585926080200806
-0.506203908189656
-0.904514115741081
2.56880933623196
2.4777106265969
2.42666936152727
0.845584846195126
4.00690390204128
2.48107473943085
0.141119827236058
2.04385069520688
1.06172365703627
1.96508687745047
3.16803980899743
0.521964582186435
0.52396957466169
1.87959959774558
2.1835688305251
1.90045112270532
2.29575486092534
3.48966122714072
2.08769833205716
2.78236781231092
3.14000691196882
1.79314570891569
1.46544747461131
0.555143119805118
2.93733030637457
1.09099769816691
1.52075358085441
1.86863050140772
1.99410084824847
1.98389178728197
1.34439654663963
3.7043053535547
0.673696571113612
2.73569206929156
2.17991372366959
1.49650661914544
2.08629300194494
0.611189379184027
2.95893832903524
2.0898346225268
3.84398078519102
2.04014289570676
1.82738476229819
0.554535756839209
3.37491490146815
1.40211621557697
0.508210672318343
0.45215603220906
0.686940275149573
0.800086751444976
0.296766962862737
1.76615745665694
3.2556655497453
1.78087987233281
2.67662792385427
1.67894365291191
3.06129475294236
1.96257550287958
2.38643383523289
2.53856312444021
1.5794956391745
1.97722682687119
2.97921931846326
1.89930153177969
1.97740388558044
2.70095377961883
2.16945995894967
0.627702354366185
2.97434219578605
2.86679918749512
2.75075950485476
3.55852958734011
2.50626297215367
0.911751674806383
2.26492284922717
0.90329635306234
1.57356427236532
4.56960060527333
2.52682697837905
1.01878301399265
1.81587082176456
2.66595852492371
1.9165048241404
3.34555591709135
3.44803325521684
3.52495615951758
1.01694116639828
2.1584721759695
0.848519376680352
2.01068815426914
2.37890358725952
1.27282436152862
-0.660813064356271
3.38379820084215
2.98118461934941
0.829117210530885
0.547136536220586
2.00179323338056
2.7853173022851
1.87706418039922
