1.1534779087402
-0.737104243536563
1.03574405616529
-1.61993377513144
0.91847549150706
1.02903341547957
1.20292091313737
-1.16545996646157
0.419482852521447
-1.38703490678532
0.735942087254461
-0.429486336219333
1.47502923245725
-1.23584533540958
1.6944030904612
-0.704932584215618
-0.725479927398089
0.332620679128715
1.26002404995996
0.760342450547313
-1.31641785776587
-0.572140443590702
2.0099884983672
-0.452109203290299
1.19084023324673
-0.24091840881828
1.33394552498274
-1.2377421562986
1.79476372397041
0.575938516676428
1.11458356187658
0.0712856292372283
-1.5648508162665
1.6517291640238
0.949862744330173
-1.75168813006334
-0.134076998053544
0.960110491757291
-0.453244394408513
0.121347097722713
0.672399299081439
-2.20008947525238
1.81206115553012
0.236401708185337
-1.21040458425123
2.05213578815623
-0.0341397496850917
0.488561440312826
-0.519731664867725
-0.0423093305668379
0.957593529067366
-0.772924708614283
0.401007579095765
-0.0713240918130645
0.845360473748867
0.0630266743809967
0.141130695714813
0.312771383809443
0.614616824804785
-0.155412774565465
-1.23925919862551
-0.243503286626041
1.0786017768904
0.227608293320794
2.62997167750683
0.965260835970703
-0.608099255989286
-1.27999590125547
-0.133825088417631
0.558952458783321
0.0316138634997242
-0.725622217568232
0.801943659402827
0.312634266191879
1.20533844682835
-0.323386099525228
-1.1220982631723
0.888902288005311
0.518270478205031
-0.0777428901769901
1.2602369575993
0.989373448255625
-0.0540441410833662
0.884158791040825
-0.660138606513948
0.165039236357054
-0.989763831434692
-0.315974781237611
-2.17938638365929
0.0671166074655252
0.290670381554387
-1.2406079671547
0.550954643851014
-1.06337321422823
0.260916339909624
1.69850441902716
0.458470599732917
0.296266273579739
1.14878833557873
-0.257923288350849
-0.708853013585934
2.23366406843986
4.92974768809296
1.08890756738709
3.77781163454865
2.55674378754802
0.662967253666557
2.21135619388618
2.37662860344663
3.20814488845565
1.70595916010397
1.28771729881883
0.584750778744374
2.16694594831817
2.94814012227354
3.03380720850682
2.73607922674552
3.34016042932411
3.38019179683222
3.7239410400769
1.89047700343485
2.76361671212229
1.55072960421692
1.69816922892702
3.35233155260551
0.37870549991902
1.32874076610893
-0.675832932555448
-0.244153738827235
1.80224132447682
1.74017931709846
2.28616308958537
2.69671870549274
2.45575789523738
2.14541740573578
2.73195247115713
2.18561650158603
3.22932363615979
1.01332567026875
2.85403172472596
1.21354589647918
1.42920136149041
2.94812723802964
-0.0984688665685827
1.99043316634624
1.52821166940171
1.29236130493511
2.51064592757788
3.43454422232468
0.369419985298011
1.99063134057169
2.45254196896045
1.96858868797309
1.83727408269159
1.17635430668565
3.64786514133787
1.44925241660687
0.570682987717629
1.24454446430726
2.16155340801421
0.672435606110567
1.69232396530323
2.32821207736246
1.05947360844774
0.566728799191898
0.66524292210875
1.30173767273219
3.59496637412919
2.7689025846839
2.08149867255062
4.16104646381248
1.76368663677716
0.476281647003919
1.43680397950458
1.40580153962839
1.51180918558874
2.55317574302119
3.12983013076553
1.43191620863814
2.43334789986169
3.67838226178926
2.72126626062714
0.490829871112254
3.2379268424035
2.23579160339445
2.38478823547415
2.94735573933068
3.67751106592509
2.95551964514222
2.78077784416093
1.40815968073181
1.97977557571801
1.63188987973258
2.8137992628506
-0.515850849235869
1.80915679336008
1.03710699477761
1.3544924501768
1.02390190050627
1.92365739588285
