1.84878263590419
-0.352582035837636
-0.221720369000588
0.907008772258445
1.3247665337162
0.0157533866400394
0.859223967970868
1.54827799807923
1.3161217716799
1.11785238388538
-0.597803450116504
0.0388478372472268
-0.466575843248592
-0.0986647606056888
0.0945522201546286
0.565339964892728
0.472548824008393
1.24566479307398
2.07312323550602
0.181734360297005
0.294015906104245
2.66804143470502
1.48284283404686
0.0352062931970608
0.139222528507554
0.154292891760989
0.746910468937351
0.758151124391119
0.344404652100071
0.701381329481487
1.02327325272118
0.122427275622664
1.92553860761912
0.500344921116843
0.184692827909296
1.58320520146446
0.679367133093322
-0.114235360600893
0.513639163235314
0.118766264552582
2.02517392903941
1.90946361782471
0.540028652372408
0.834133548499703
1.8055282911089
1.4513936909587
1.19658356500105
-0.0154047308548807
0.0666369291076227
0.560055017909173
1.15129616413512
0.638811707172501
2.58663325216133
1.25721076713426
0.90804314936885
-0.00164027790831384
0.619318942682677
0.817349384102232
0.705549213595738
1.2658185540577
-0.243682267405876
0.256817748707191
-0.0127441102945813
1.67926717652791
0.167685500357934
-0.113435624757645
-0.143945479994907
1.68080381345045
0.263103257741127
-0.142483693830375
0.611198407066037
0.0451899410835003
0.467825260647626
0.357034583764626
0.0255598842968237
-0.181723650904508
0.589887722048386
1.65238710589729
0.336131580566619
0.40158994842007
1.62208327009779
1.36383608947747
-0.367238788948111
1.01839496205735
0.404561652616592
-0.000174794563021885
0.714909724499396
2.70187865058824
0.866303826946462
1.6797925723158
0.195587454118498
0.937899073125445
0.191350458829853
0.406120576455424
0.972611663952551
1.70270775348102
0.267101984357141
0.608008882671452
1.82816717671766
0.760604956873842
2.35272722916432
2.91629568975947
4.33311059539285
2.00954817532707
2.58386932203576
2.56651788074905
3.45456977627379
1.61035440981404
2.01616827678794
2.07946026867112
3.40340850938894
2.62247661002348
2.43297488649094
0.812742319888956
3.55179202396884
2.79827882167608
3.49438130794628
2.52491756521119
1.86948634433454
2.83338776190836
3.89950531855935
3.34636108147672
2.38194564518595
2.88728995815425
1.85023934440835
2.89157211938008
2.71372269424653
2.17899563113109
2.87407815444893
1.69437453532584
2.63514904858015
1.61962951909701
3.14462916700119
4.91932378266511
2.56469651141969
2.94793079326609
1.35727173003323
3.94428662211101
3.37776444157592
2.74762125930341
2.17752636003287
3.69558300006974
0.639525167123471
2.69383033780966
3.51577493269549
1.91884974152704
1.91895538261958
4.4884244422761
3.49846241127665
1.17872963950258
3.00434059649155
2.31730719341667
3.28782243647908
2.38188260682687
2.45574510026389
3.98513548480244
2.55927059204305
1.46304846915612
2.03302813231178
3.92932709598863
2.29111102179431
2.49082023431972
2.45083124021149
3.1043024244755
2.84285129608483
3.14499419713135
2.74138751550052
3.83997111366997
4.18323363910217
3.63009384713677
3.08571796439048
2.18270344822609
3.41699084973092
2.67333076491994
2.52242638759137
4.66074010297511
2.39982938924872
3.90952585775187
2.20119819292251
4.07541414381842
1.81647202420449
2.68582754911823
3.17836295493588
3.39065307427915
3.7780851316947
3.11756274647901
3.82734611371713
2.03574588814757
2.3183248294734
2.59667868112198
2.88109143448509
3.3043250249727
2.39054376828966
2.98347554870627
2.67974109869688
3.19674462079063
2.79226372232874
2.96669697497177
1.66927020462626
2.948962560069
