1.63989946570977
1.11714891506033
0.846843231712802
0.804615136445
-0.0763614028899496
0.721852147396305
1.54483685242402
0.345756867560654
1.48372506110977
1.13230548438089
0.877963160225699
0.18809938468785
0.789513211928261
0.535471996284287
-0.332926264301453
2.38303268329312
1.60020876206534
-0.245725900145905
1.37112918489364
2.56571103890403
0.837467360184713
0.340106138226893
0.116012358579685
0.48599005240083
-0.129622264354836
0.586703325122109
0.782645075971821
0.323126761003786
2.1185138478196
-0.0771017401078689
0.391599289383517
0.662540394160047
0.471470020396237
0.36119777676046
1.0586052030681
1.44065019887392
2.01035758384223
-0.224092666244444
1.99046190718155
1.06780185649171
0.868241276601145
1.46510163093136
1.52166312791917
-0.388063663507697
0.415709173104897
1.04778267179426
1.04158237190891
1.54432681961176
0.721086095611387
0.241978684463412
0.489075963710556
-0.158158137800718
-0.592447183943468
1.17309051124949
0.184168599217692
0.0712156629555342
2.66550595385695
1.33612673502926
0.686610855380601
-0.17169249220034
0.420637615733428
0.922941404770112
1.20030658018597
-0.364430740608458
-0.419703096652945
2.01186160343557
0.53777583637995
-0.173124981385959
2.08300160386158
0.391618649164119
0.45196878378324
0.146238244675496
0.587654790368298
2.32925460988639
-0.40027728454112
-0.0367605531803645
0.943116804698473
0.283901957709591
0.00577381799234722
1.08661982594745
1.63799429700088
1.04457011216266
0.929640027684982
2.46114919668399
-0.430493142270603
1.64977282748857
0.656050066819786
-0.420137212208707
0.91176093365928
0.700604389099009
0.67810594496996
-0.276235012926475
-0.114176437045881
-0.0733787881680307
0.315582969086393
0.524040211813943
0.952728340801274
1.4836437121071
2.09642113556061
-0.144290315846438
2.25442323155293
2.10668615416889
2.54084048012556
2.59261032099892
3.00305334995691
3.09169818145974
2.19752078622051
2.91415223143713
3.88819206364361
2.5768131783234
3.75419193947156
2.1910611581724
3.1784724267935
2.89432289636376
2.90746092096384
2.68183747323341
1.99459339743401
2.09842789050845
2.36871805727388
2.24622813538805
1.70026224075779
3.08448388178096
1.66581368028335
3.30709903433808
3.47841346521279
3.22674300166669
1.94059478480245
2.46928572507726
2.04619792677448
2.01798840652484
1.96922749997322
1.49586174305213
2.32185294776132
2.25127465891478
3.05943125621087
1.88659183823518
3.05924313009066
1.75566917292027
2.48563235268495
2.02423608769506
3.56739531688306
2.43574572002943
3.14710700583823
3.46513483850946
2.53044740713065
3.74954693337883
3.0328629475992
2.9534344663331
3.79553394408403
2.69352611343658
3.29771325336297
2.7301054246644
1.97652322519882
3.07545222427784
2.87665045060217
2.54261342186019
2.90549528851366
1.55114528849404
2.68524035583321
2.9220000019341
2.78122756139948
2.78303441258886
2.6496366740195
3.58556659725485
3.32376008335365
3.32491987607827
2.91980781360999
1.99624510624354
2.43007113151906
2.3097952269951
1.76005738784704
1.89604630850824
3.27504843748051
2.42568816428898
1.56866993664826
2.20135624790734
4.2130068480145
3.25791859763984
2.92009185991482
1.53970851838053
2.19283324398821
2.95863027690693
2.16257262572221
2.1859921241192
3.0760300428556
2.91955147155023
2.94176945730682
2.30747394317698
2.95689551616844
3.43115945835749
3.1770743049896
3.57663815221622
3.32361989160303
2.44643918282947
2.55176924303412
2.31864431219001
2.38396583197935
2.1329923820995
2.3317948831391
1.63272584771572
