-0.997059703376522
-1.16207497274692
0.744775917744952
0.243841591764512
1.76349420607413
1.46727408476662
-0.91551349937453
-0.667763240732387
-0.0898909131391707
0.948242373818271
-1.3171526785576
-0.327740817030309
0.849122362816927
-0.821148595977186
-0.837492892426421
-1.108935242896
-0.898508594726584
0.441991350725237
-0.0586045098686164
-1.79170312478927
-0.663790868060807
0.184092546624858
-1.38926163733811
0.94010193179663
0.421103692078861
0.664224991867083
0.985413045819998
-0.458701251524564
1.27214588939366
-1.11144335911416
0.808331452346687
2.11171129510209
0.911163522304091
-0.640681465382695
0.527223423954795
-0.711517885763586
-0.694718989408009
0.380867861917636
-1.84099200736255
0.674317262865542
0.145250089835559
-1.84970266889887
-1.09998804770439
-1.29654383311115
0.174912057499162
2.01078017830203
-0.658532365628349
1.24094591049346
0.0565787791416838
0.270917296798607
2.38860048559109
0.811859017311435
1.16322607489344
-0.153879462714883
0.884407230143174
1.18557658300053
1.22747826969256
0.428765188161847
-0.307656176467979
1.11616965052831
1.28568190353297
0.368415942706481
-0.486338172970091
1.55635490337501
0.310832926470473
-0.172414731690018
0.0332798157362084
0.96439082534074
1.58592058075146
2.55542927637795
0.806329871504974
1.57431919296354
-0.173873013143175
0.108607194121027
1.03679930675026
0.182801928714618
2.74655621337344
-0.138842260593801
0.113321881778444
1.07833022498009
0.759340975999175
0.299911878267477
1.42392462573845
1.72067742796577
1.29050767731849
1.53841851356225
-1.36636803843834
-0.823264305003154
0.57527150345117
-2.85779237650496
-0.0522075132593131
1.51839332095772
0.332582284377129
2.14741560952883
1.08542278520085
0.174800819273109
1.27959314143081
0.0280360284489943
0.516775155152445
-0.593228823766381
