0.40000421135514
0.0501191992376922
0.630199838695737
-0.44230420840011
0.88717799665708
-0.323403980000073
0.096376491801892
-1.17396468060725
1.76565364601767
0.192168794730887
0.411145224331907
-1.32413894815533
1.25477859006998
0.374849602628226
-0.209515182451021
0.978229156184765
0.590486504813114
-0.284421481339333
-0.700195113445701
0.195094711586317
-0.283813816154394
1.13110174463229
0.147037169698079
0.827265254984078
-0.339529303104842
0.902206760445111
-0.322648393590528
-1.13891790062018
1.59609654250228
-0.133689713995169
0.620739319578123
0.361369581825347
0.245849930738421
-0.724964625978302
-0.848966914497487
1.36720644315221
0.135406698817913
0.0689806419497675
0.98262143205756
0.0884093539258428
-0.903989200301493
-1.78788112808456
-2.24148535171826
-1.00733676985794
1.09122173321938
-0.273193116197377
-0.424768332247388
1.46717128409811
0.53697274482834
-0.256707213379952
-1.39096412001664
0.109744490124916
1.5441104126803
2.02503375228171
1.25615900911271
-1.24141692672577
0.441050757225517
1.8039451237519
-0.313096957276439
-0.778477877691687
-0.167387082160693
-0.486858620556783
-1.31741749122251
2.23237911264369
1.12878284006704
0.257491797116613
0.255669083284307
-0.982046311320952
-0.420709221887193
0.92035165862104
-1.74565828867011
1.09112547634568
1.29428116534951
-2.12540807753333
0.768124212584807
1.55834881580777
1.14069053326882
1.91992365281461
-0.0407606402631706
-0.870348467462758
-2.69549660861336
1.91745790518215
0.119929229055803
0.572379419788844
0.0309381273695069
-0.161880511760427
-0.138453050040866
1.18557835368488
-0.100706132217836
0.971556486703764
1.194154130587
1.34264989486676
-1.43287127287542
1.26365586586565
-0.276223204349405
0.297486165249174
-1.76638281640182
0.189438208365267
-0.889607045021175
0.853654168254714
