0.0527423139626268
1.25684377887009
2.12593851713087
-0.863097651452416
-0.108269878755565
0.207570950113439
0.842623472831942
0.372490436734353
0.986011898377957
0.162709023334717
-0.0867192708225558
0.51548972167793
0.854739271671705
0.452033705153026
1.32835375522877
0.789682645423206
0.780587959780658
0.834019901737658
1.35531877877163
1.25470840325195
0.672960378073312
0.223090346175265
1.02737003253069
0.54494043651234
0.0621016993445858
1.14189733333599
1.22856013789039
0.28946036797804
-0.000889152633451518
1.13131079474618
0.592753875706548
0.776966503725411
-0.0514691245302906
0.526153201517182
1.30018349817616
0.59111703085394
0.873538176859166
0.366163059334369
-0.355023986540796
2.50432907983661
0.337009033913408
0.71496738692394
1.3926627206624
1.69912637141211
0.806042302779224
0.517198361093082
-0.408639428538566
1.9609036464527
0.506067860994198
-0.219522336688157
1.41979087694029
0.54859157344556
0.0762959677111554
1.12397871169057
0.588381647346317
0.983609017633119
0.0492802055645795
1.65433125373235
0.979642939347774
-0.131629921016311
0.156900180105048
-0.316745801457754
0.180297981466505
1.11859377958597
0.113089670800699
0.239417573644818
1.71607621476006
0.826682626260396
0.312138250105678
2.06680839912754
0.383505228010515
1.18028949739857
1.75341965596287
2.4600558321926
0.76238479729484
3.98940985839104
0.72834776620319
1.72531865431084
0.433941560556754
-0.678463094026111
0.935738072566545
-0.213480657060617
1.1779966585388
0.055717379612748
0.678083748374309
0.0156788933488107
0.967306391516502
0.0647238391743799
0.121676024265251
1.07083775201191
0.861941866515405
0.464652848102649
1.20137673559844
0.397149589900501
0.313122604345496
1.30938735683243
1.65820547789154
0.869850187653158
0.936270241844595
0.126791310047334
2.64452928816414
2.70846120429859
2.68220350761083
2.18856600004354
3.57547801370129
3.47369632832099
3.07454318532068
2.95249740963308
2.50239106324123
2.75386900021274
2.83304333963205
3.3798496831115
1.89395134508656
4.46189648794208
2.94542051423137
2.34846677465853
2.77868832025943
2.89687381572645
2.77083992504678
3.0259877748647
2.62960404239021
3.46365656067995
3.2724006633364
2.4950115974733
2.40599897851556
1.71176554979048
3.02840535004343
2.70148372471053
2.77804561998236
2.50451736035107
1.37909079212983
2.15073278611718
2.41638899567452
2.49080468986613
1.93312924553909
2.86642897213456
1.753077796662
1.56892593997866
1.70786650952859
2.29325651325092
2.20183576334305
2.98892097162723
1.57692304053873
2.08704762273493
3.991826667783
2.72802523034023
2.51835295374903
2.3020315056284
1.81777490681172
2.65902106331266
2.04289600372215
1.88725374086019
2.23999064580862
3.61708248440376
1.84759227902818
1.89515987664257
1.7654863910927
1.58828687413508
2.96095947833844
3.31358803061664
2.8433711010874
1.96996572878313
2.94701230392013
1.89817296006571
4.20918562348287
2.84697832088946
2.51129918774166
3.87372212983486
2.88532669747891
2.98141245654878
2.25829339155987
2.41487775667635
4.05351486392002
2.76458840262117
3.88924534466254
2.97155221601395
3.12629118624227
3.07013415882694
3.12607699195954
1.71572976716703
1.61891808455691
2.54559372055041
2.53254068038624
3.16891188859223
2.82665219863333
2.7442539629698
1.3943937103864
1.65301267663477
2.16860525198116
3.73636725983326
2.31965032826806
4.75124742795431
1.97394001116912
1.87729381958842
2.24159158002917
2.04454961366885
2.55716461563977
1.94566426693032
2.83205665527059
3.00528124741112
