1.10364532301934
0.224227364036423
-0.551410865312174
1.37906850407045
0.472890562266809
-0.800938940034652
0.741781200068997
-0.288215857218883
0.443233107839497
1.10866943980799
-1.03500417573419
-0.586939579012189
-0.268380620453334
1.00423712522575
-0.97481642494122
1.02309961392665
-0.854012659062983
-2.30768116332939
0.281059562674444
0.30412574414804
-0.609479915530787
0.363248249397986
1.3662887586543
-1.93656452944685
0.370065990689929
-0.543815923929149
0.292745486417852
-0.0824336216598482
1.65475159406394
0.0818525208554863
0.271109591763969
0.805122152499228
-2.15184370374616
-1.22074292229861
-0.410514546592802
0.262159027492636
1.04201324052462
0.86309546455163
-0.264221462482302
1.94757207917145
2.23733131059082
-0.55706042921775
-0.128588149177882
1.42444107202519
-0.3960129376094
-1.37590378553737
-1.15641637956573
-0.818435059748664
0.809800030576865
0.642508007433134
0.332013252742601
-1.11742928376988
-1.04990990052482
-0.155401659697483
0.359664608785007
-1.038558480055
0.145813818516475
0.295988865205432
-0.941874050101412
-0.183554330929997
0.876411752660907
-0.0332048618747278
-1.14072317077381
-0.352206448618164
-0.537677599316008
0.250466291217419
-1.82766969562112
0.593143119735692
-0.738392739956591
0.596032985350768
0.42893998526612
0.993359632201313
1.50347178402796
0.689322795426859
-0.857541546190481
0.288038816423432
-0.798721377635525
1.0692306926896
1.15008655899518
-0.282480114712679
0.420360707118636
-1.66257085040357
0.909290301149744
-0.283070523717603
-1.14554041802456
0.761306710013805
1.05320544577721
0.329736734508609
-0.99932488671334
-1.06218952628941
-1.3542864851668
-1.47916967002502
-0.367780199637266
-0.361324125687318
0.671220306324539
-0.695335807687731
-1.76647834532132
0.755904168893239
-0.484578692954989
0.37132408650534
2.26124508451891
1.48906998148611
0.652047305457049
2.10212857015186
2.30843927626911
2.08752222098685
0.706673415929227
2.47964226126497
1.36220457306058
2.30489822305006
1.49329246088931
1.31208410090254
3.96224997907146
1.22616482312393
2.33717629956217
0.192106833978672
1.50206608054902
3.69996073423309
0.82302907543175
3.56476504867711
1.49942592563488
1.6325118034507
1.03849076542278
3.60456671521553
0.90684199195219
3.18835054664523
1.31852040986377
1.51958804445574
1.40713274400568
0.943203367645426
2.18326203070136
-1.07514320841651
-0.584835235252249
0.948445451334294
1.27514794073381
3.28834370640226
1.2566770008266
0.415091503987442
2.3586520366738
1.83902694646896
0.0906117863954927
2.08348853008573
3.4197940007483
2.99003366468541
0.694221801368136
4.47927846229643
1.41426288133975
1.98112116675659
2.39501237755404
2.62113279331318
1.61165263293671
1.87277766181356
3.70944393598338
3.31703077797417
3.72956173070929
1.66521660752185
2.35202970801602
2.80616738867956
0.179079850555643
-0.536320520912846
2.52265915901725
2.711133590708
1.55524444745256
1.59258441112774
2.93815507948568
1.16853842039031
2.43331374530269
0.519414738894662
1.96774005242402
1.29823360952918
1.60965376070159
-0.481741523340233
2.59666572001636
2.56593513800814
1.48187930989019
2.5503968514334
2.76465791035593
1.96989386910187
2.51978610653054
0.0978216068428757
1.18002899630869
3.37585211489933
1.02845858784114
3.58060556476217
2.30563604827714
2.05969494626071
3.20907309837593
1.2293445769192
2.67285279423625
1.66967566322495
2.73508804466581
2.01348254783255
2.35521081295864
1.57970926573891
2.51916116611927
1.6777551587213
1.28379012484983
2.81539722179514
0.437535067431006
0.8049896654515
