1.09804252091481
2.68932275945355
-0.843406335756245
-0.0538612551340836
0.920965050677066
1.18247088472991
-0.0809200833482754
1.3429530946678
0.151704908473841
0.175094158857485
-0.45832201114212
0.353975701466672
-0.104110923292236
-0.434178567449101
-0.553359535100614
0.183386419762751
-0.47709944074552
1.01841676047312
0.694313836506047
0.42463649464104
0.166278542464698
-0.399640503174791
-0.00459561904479346
-0.0713682909943411
0.404740001802047
0.0366562452853833
1.00936006491315
-0.061208546254465
-1.45638339955848
0.579144159973633
-1.17811792277109
0.732667307642594
-1.15754630220575
1.74316714459444
-0.522763103407263
1.45968575145485
0.799263942502249
-0.562554965557283
0.63453093953922
1.01945993387503
-0.740341969720262
-0.333171787869378
-0.00999771009422191
-1.89424072482842
-0.130565557593422
1.35900710435063
0.696618600804113
0.260513724417558
-0.0386413966654213
0.193042753086584
-0.537826704307075
-1.2570740527256
0.42885495352326
-0.646310907825793
0.0912937384796299
-1.51519532381407
-0.389254592278113
0.328430784472042
0.451985233721083
-0.28776052174308
-1.78367807103157
1.0328760081606
2.0508668770448
0.686267972391486
-1.03986864077832
-1.04072028639422
-0.404344441232308
-0.309244673871226
1.06028691453111
-1.74669658938771
0.744187387686109
0.0251936426522862
0.797271271027787
0.440425846683415
1.00428217762639
-0.519431010357165
-1.00827826115782
-0.18763915305861
-0.552880419058213
-1.09270244360033
0.671601796316581
0.28284900398891
0.504018196881137
-0.439913639222168
0.0537804766614464
-0.174844520879218
0.739677538373165
0.0725382749954439
-1.59303534454989
1.67154542427955
0.684981062875032
-0.724136466184774
-1.36378313159963
-0.451827309723531
0.324047416105128
-1.84911185404792
-1.2945476627031
0.12727471567907
-0.103047285875091
0.323876640994084
0.22182871355793
-1.22042685404213
1.05973008632645
-0.475377523912728
0.532711960631323
-0.409537447387752
0.396783784429891
-2.44886793186748
-0.521518914192786
-0.787102128072508
0.259642778791386
-0.813469569364469
0.643078447742666
0.146014964856659
0.751956940291858
-0.59299387467485
-0.770326363513815
-1.50151407472778
-0.809605350331918
-0.395770249369274
0.572466845628571
-0.312112877582415
-0.20974414346035
-1.04972699272053
-1.33557100927287
1.83904121552627
-0.518200423838878
0.203982865063698
0.655544281323385
-0.133888715557202
1.05742380785336
0.340807107601559
-1.47297234536623
-0.119503764807413
-0.1326161001428
0.849452785953287
0.50236347764049
-0.211626476121666
-1.33628388879996
-1.40432759998334
-0.0637512582576785
-0.899047017127377
-0.10935864561395
-1.64096963380993
0.145677456648864
-0.0898408309791081
-0.332023252797846
0.244533744716381
-0.57103495164965
0.972027490604749
0.693982226098813
1.08997549682555
0.212934900681904
-0.424759903287615
1.72647298000029
-0.306399112834231
0.0229736161436117
0.826918207673908
-0.466305955854197
0.424015002403484
-0.80260117051148
0.0369142402484949
-0.178480771681604
-0.286222963302346
0.821790767546649
0.00924702329001663
-3.52731089013808
0.0729850759413354
1.22173562917388
0.318858133746432
0.594519985985204
1.39876706735622
-0.477176903440049
-1.06505764856073
-0.58894457294664
-1.52907100229284
-0.819907682575992
0.510222916520276
1.37301222368502
0.061567091426252
2.06732859423815
-0.121096977568228
0.769960808871351
-0.318336411179167
-1.26326950743165
-0.1411716583752
0.262358742326739
-0.454812449071771
0.505046284017394
0.942938022397563
1.1286236248015
-0.927240169611366
0.523001915515993
-2.09686995066555
-0.654914719965317
-0.268348606125619
3.13882389288409
-0.0154206952534194
-1.49713909884262
0.280276332676271
