-0.31475446911763
0.571251200812197
-0.0921164757965328
-1.27370896891441
-1.83113411681019
-1.77299070167851
-0.683015614984103
0.0179523004976733
0.593461474235075
-2.04793628738723
-1.59242461456102
-0.662725730535224
-2.16662920705073
-0.417768077022794
0.901954485947993
1.13794952690318
-0.276483691099324
-0.178813590553324
-1.14828012176151
0.701087907917039
-1.35939227323144
0.657541081350357
0.869050319461092
0.191367796467214
-0.399684226127189
-0.185406958569675
-1.75900839006756
-0.591535128678607
1.26993203624672
-1.63510209635341
-1.33588589639055
-0.93845853290432
1.18787459624848
1.16276653836907
-0.633254653204351
0.172338330056759
-0.8407619524577
1.08231223801887
1.2568559981246
-0.117451057111874
-0.513299256064452
0.316277462289008
0.0901452597676871
1.12407958143787
-0.46186698143862
-1.65832215390209
-1.82453037864283
-1.2603247474078
0.0740110398504342
-0.625632835071298
-0.2966006534908
1.02127967851074
-1.20060923611548
1.13659011516759
-2.68147661982326
-0.794074816178416
1.06483905361232
-0.751070393824379
-0.725734578371853
0.0225579857186931
0.0434237974558686
-1.82913975337099
-1.81826687170827
-1.67123426974886
0.849341097745172
-1.55884561220344
-1.78187609344117
-0.659117509929297
0.138880419523521
0.825587857932511
0.597156130284682
0.385054813189242
-0.0861843304933352
1.37975449584149
1.20247543170472
0.478154493227113
-0.395535860854487
-1.44418828955681
0.454643220459952
-0.975785002205635
-0.131612162001988
-0.420650887023955
1.28824493496635
-0.265826736040789
-0.362714185708951
0.250582031697712
0.167110085960106
-0.948050724110665
-0.130216623329825
-0.762235851127834
0.511797304562897
0.671876300122503
0.882139731246669
-1.54569384001378
-0.456001303223243
1.03231161734257
1.50059379822656
0.471895949341869
0.472329607979091
-1.3605762312407
1.91592997574689
1.14309066850855
-0.202918507995507
3.88184489712147
1.49062071921632
2.21178939949958
3.17224717410182
4.18748663784204
3.01464254311348
0.00510836192189768
1.86561550011289
1.19176136323992
3.75014242767235
1.78703648923238
-0.553856548887103
1.89653714788123
2.03606437297175
-0.465906688704275
1.88047114518344
2.9323205050845
2.56944451950456
0.73558894480245
5.07472551568823
1.77678399098559
3.54690298520136
2.6502936957471
1.70748171750341
2.26510457438036
4.2859045165188
3.16311152157822
2.14054364906299
3.36219026574147
3.16892248193077
2.89087447099825
3.38998492620874
2.17518277661748
1.35824048893581
3.56105161923179
3.3905672215391
2.8192241060908
2.6233063951418
2.88046436307407
1.13118160512094
2.261596088131
1.14068993289693
4.11070705134507
0.62202330967609
2.31865817888755
1.89021916846652
0.945163399822097
2.05365048074085
0.976479044235206
1.55615808307835
1.42322945002373
4.8065721404148
2.77852312473985
1.47344621903995
1.04123323776845
2.08447035829037
2.09107873231206
2.22406036159748
1.27324809835816
2.4332252000984
2.777936083413
1.17355523766737
2.04052025497865
3.50306552885196
1.25028880226971
2.75861587844893
3.22071359895804
0.801917658411717
3.15789008136969
2.80519125830459
2.13115144579647
1.60888472721843
2.45614211353627
1.95399574211183
0.109486367458614
1.24715748939763
2.46919473887455
2.37308399081265
1.72812023271015
2.22139023672241
2.86944408095859
1.92120522083597
1.55927883665176
1.73115710081175
1.76569067763345
1.93252497273641
-0.615849092836402
1.96136814558568
2.84479508445582
1.29038733991149
1.87069691077713
4.05186922699673
2.65024041260107
2.49409577901865
3.19982342137701
2.24801769157097
2.76201930642818
