-0.450933013524669
-1.07780286710514
-0.483261133779698
-0.988969352773794
-0.433197909821634
-0.787641000884184
0.863375322820681
-0.613357429538801
-0.373210825487064
2.23339169379358
0.477655118342691
-1.09654897670233
-0.661006143101273
-0.488710833163747
-0.357696979172491
-0.79695255246545
-1.12556887719903
-2.06574243206192
-0.655121703546392
-0.299789208508124
0.593315603467284
0.472643148211088
-1.79164363375706
2.13732933313591
-0.143468420587783
0.763160533800021
-0.881743719891561
0.934749210269749
-0.430905373569976
0.372983109030517
0.000912311064845996
1.13923627683612
0.566650239548972
-0.865725811621407
-0.265232342674215
-2.16158246609769
0.887065200123624
0.818359021778726
0.58091764127242
-1.68747834606245
0.613189705641557
-0.764201113080102
-1.11282640638336
0.0540909765543213
-1.58367780910385
0.042174830060472
-0.546844284610887
0.191447126426125
0.765418251883615
-0.365694573025464
1.48217655112124
-0.212467100064878
1.1031556883807
0.448293560405354
0.528748476502264
0.0768311646342454
1.52950112046353
0.578489749316563
-1.33650459840836
0.563434601901264
1.47671080493083
1.43277559705619
0.587978315944442
0.458792049268952
1.32665350490538
0.677195142547877
1.44477237418642
-0.757381146743168
0.843617119041601
0.616294590843643
1.79710890997251
0.190577501880964
1.3818296113286
-0.434294742251003
0.578991705434157
-0.563477992893768
-1.59786039271569
1.01572144521271
-1.59439582247717
0.211558214271478
-1.0287886824047
-0.66414166227653
0.268238358221953
1.84857970040636
0.981561102433937
-0.22221713350697
1.15380594674806
2.77369412654518
0.383332063456935
1.1610472634854
2.36746620669512
-0.185535021516776
-0.710027914640125
-0.80356660604333
-1.92875179586026
1.62729925284304
-0.720020111908184
1.42419199318809
3.49897877516322
-0.340779979895943
