-0.00121450039552463
-0.393770083247175
-0.59511356414762
1.20481807010834
-0.783642587129074
0.129501592547424
-0.115909451001438
1.26430277039459
-0.160546023084591
-0.074594349326228
2.35287509401478
1.35762827265257
1.02890450474194
1.75234297134538
-2.14309334623429
0.218645294472736
1.22425360501955
0.45869891383016
0.468625110144596
0.450771298565491
-0.656120658508805
-1.80831275254632
0.453049557026564
2.43184773795415
-0.306394702017206
-1.71844777427001
0.628027165485924
-1.36389798468059
0.689114972933882
-0.478582752047316
-1.21340866542808
-1.28851751909303
0.286976327679714
-0.691869554148698
-1.9494141103997
-0.992025996824878
0.603270198799276
0.511410623008096
0.219866329013858
0.831940796913956
0.390243534602548
-0.243394669367699
-0.464595011710875
-0.527239993863738
1.56429279202262
-1.1859156695762
-1.50671703258868
1.20352173047234
0.0859254220237173
0.818204304162629
0.724110053652408
0.178574644379175
0.355539489043131
0.283051476166577
-1.11316310915906
0.689885311607059
1.02573715297005
-0.514188259519615
1.77131177630509
1.93040064370742
-0.432228569443854
1.493926822375
-0.473738077466811
1.86494946419701
-1.00942071831027
-0.137567337397122
0.940742134501836
-0.226707198711659
0.551160466887387
0.432796599859522
1.84163738157208
-0.0780733542447217
-1.55519798742211
-1.39707956842332
0.177477035422591
-0.975952900190683
0.847075503221504
-2.27803876270781
-1.76398137061349
0.45261523096842
-1.43050791388031
-0.620114176067576
-0.237661040157736
0.260262146689843
0.939433844648964
0.863886260956131
-1.10738310471832
0.42248601421918
-0.0536767248686331
-0.0899624082125339
-0.71390552734657
0.929387585081709
-3.32756825621891
-0.5080686748503
-1.56072440199972
0.0119661454757478
-0.476803478907675
-0.291427634453582
-0.397606684368868
1.6821131483686
0.599038597669148
1.46761304087222
1.98721193080325
2.5755163892269
1.83858630719274
2.26399584033116
2.33953944235794
1.78192446180009
1.79321517349782
1.14980278475436
3.8996535587324
2.76501201712352
1.77318702029616
0.849582733957913
2.04579217062358
2.02762530088062
0.589415471084851
2.26788340501821
-0.477657666044561
2.72087796194169
3.349753620548
1.01709973259169
2.87778822587549
1.81214078768508
2.20571005599929
1.72737230481684
2.60137605129845
0.500612234096757
1.68863424338194
0.658994951111365
1.79527320230447
2.76133791682104
2.01184071842855
2.87077684395439
2.56269162305185
2.45544391029697
0.684725540041642
4.13802761555845
3.09018112064777
1.87573583327931
1.11296537655484
3.5461980332877
2.81629652268819
2.1305814411306
3.3203141764554
1.38152644363439
3.29655796157768
1.58332461768935
2.0681577101844
-0.373840366086139
2.25279706536626
0.623848750926196
1.50477935265483
1.9885053634423
2.89980721003853
1.36375462993758
1.78517832881067
3.26625321356337
0.962303320063364
2.42385603662099
3.3201989100506
2.13781147368635
0.867644303280684
1.75357015191464
2.78055136997911
1.56790231664314
1.0890849348689
1.74476144815156
2.69097662635353
1.58255481807928
1.65839839340313
2.53566710621325
1.88259626756762
1.69082707503226
2.51542996770365
0.941072633844277
1.30536707463674
1.59380590295139
2.36591115160667
0.0947965707182279
0.975906642574223
2.96243126237603
3.79948988380437
2.260543232301
1.96984793333835
2.49791206807872
2.16022989919395
3.34977567605979
4.20783886284837
1.71970567140566
0.274625094755058
2.28678700712118
2.14047671803093
2.92374998779991
2.19904518564635
1.84260844112852
2.32202848805116
0.391634479139303
2.09823029228568
2.4388510954616
