-0.791188636729089
1.01929501280448
0.0598277860280208
-1.01543988050092
1.68854308686221
-0.453427215462789
-0.185972469043363
0.200384459553769
0.568247999109368
0.123529378288037
-0.947151319689091
0.822198362703372
0.277818725049472
-0.00568989126979176
0.0932112510147126
1.04790612099283
0.971008979311387
-0.225305948449797
1.58223202557569
0.73511591491933
-1.09842473523976
0.160879254623052
-0.26804260408991
-1.13933028022691
1.13380662383103
-0.406818367074501
-0.771233601143512
-1.17691346770781
-2.22048721720399
-1.40778219762111
-0.18757229371423
-0.663631251476401
-1.56374507718893
-0.802955949114869
-0.811393810599029
-0.866891492217346
1.35978445498616
0.783021645638912
-0.584380784912628
1.58367320706093
-0.733703755104474
1.86600728289934
1.32662237527152
-0.810102474130674
0.702662159075741
1.44743770373041
1.38378072346038
0.575578270137869
1.17180918828195
0.891157193060637
-0.430354973899464
-0.615146324879767
0.36477347059017
-0.503847007630446
0.518115516606709
-0.38061884116393
0.269881606291548
1.68002264969396
0.535430744155938
-0.125908528232241
0.426198520882433
-0.695449459188247
0.0410708766101449
-2.39459886964133
1.13553970983524
1.16604064891366
-1.0886904357911
1.66840424295101
-0.107480386006639
-0.818449300243944
-0.393648626883489
-0.520166999363911
0.617190699345215
0.400971274344862
1.35353631940466
0.372260418798725
-0.712317969620856
-0.473814345482387
-0.87867690641505
-0.0770379988592586
0.64264583622367
-0.233833040575343
-0.083640032201409
1.33270492980432
1.05442235615048
0.717137300079102
0.549171981468802
0.049611491857849
0.192134891508705
0.421713458279993
0.0112018835377113
0.602170527696508
-0.458739263878309
2.56278969209001
0.0802233174711421
-0.614131618456487
-0.762754362849567
0.570342804855846
1.29176633379318
-1.05479825713874
0.524394188144892
0.279806322298005
0.656420041747009
-0.164779193925463
-0.942372575157646
0.942334835517098
-2.1107938338451
0.964186978234108
1.31003433708402
0.462541871258321
0.246491094897097
-1.17567701503461
-0.281142677133262
0.633047281508677
0.806637773446265
2.04116572857656
-1.07846806589336
-0.597132024765983
0.453927124832396
1.45897841538128
1.07774548359622
-1.96955895116348
2.41197516517439
-1.67956458615749
1.73203619023196
-0.706744322434271
0.836953395623314
-0.803326261650497
0.626609806674027
1.48566321327119
1.1033263920991
-0.231507415231331
0.0781053748370285
-0.740085134740607
2.30906084831455
-0.0859270537300055
1.69970297546475
0.201932831060025
0.726921454140914
0.107849134571849
-0.038059236118245
0.332579916218163
1.66053997629718
0.781058355178398
-1.1091835439031
0.564349332946199
-0.256270326417211
-1.29615019211367
-0.10087682663612
-0.305324176176425
0.998272408663448
0.321351390590416
-0.469311813912603
0.226618577133505
0.808338929328172
-0.260916844219579
-0.643337848682785
2.14168163229143
-0.143023600511195
1.18884608170309
-0.310233096682313
-0.227047015681898
0.485415660393651
-0.538572696506347
0.398175618603229
-0.034170189985087
0.780571334928741
-0.256476226917719
-0.213008130096385
2.31166123660954
-0.841365249961153
0.448481548992316
0.357258673370381
-1.48621552107932
-1.56213225248854
-0.193445900704104
1.73747229593824
0.720436028603498
-0.661519171264878
0.301287928939083
1.59289727520096
0.402552466049861
-0.155511761402828
-0.0507890588750569
1.0540909299435
1.96758414893023
0.466165138680128
-0.640003540484163
0.158147745310068
1.2736628920375
-0.890579374417951
1.88196442036822
-0.652834298132453
-1.42627829870226
-0.645550432664419
0.971558842356186
0.452960128290509
1.61692978567027
0.837753781073452
0.26586632211078
