0.894323452061591
0.996625535724289
1.58799583964349
0.498360888102268
-0.0759089051912727
1.05078772527371
2.12557811387544
0.379302093441804
0.0760843416848863
0.45031484675319
-0.257093017197231
0.128327659637256
1.77760038500831
2.40570406939565
-0.263191510085116
0.782965424212754
-0.573105544886928
0.73315387349409
0.851054917132433
0.329244206349254
0.459554031483513
0.672020485262396
1.2659181559541
1.03938097143798
2.51204610531834
0.242323813795217
1.17153868348847
-0.828076301766583
2.51664146921258
0.90668717631788
0.789711175900277
1.08127924961444
0.151519642233259
1.27317820823375
-0.701444149355211
-0.471667011463738
0.0565497052881176
0.865790168702824
-0.211888101170536
0.647197450654037
0.859187263567725
1.85742748394634
0.976443448320812
0.39002276305066
1.65272885321514
0.292055137436255
0.890459264553072
1.6251241607974
0.446018799568289
1.62109603839863
0.715737528742199
0.413592256219536
0.473373700926728
1.64669730681228
1.28080777859786
1.24200061474719
0.988675037024066
0.722289185294762
1.97856717349171
0.564265141725097
0.599783334270726
1.11889224229367
1.09364498570288
0.611137485633839
1.23443334998831
1.46310307105977
-0.0108400357910282
0.814697613559083
0.25015632829871
3.48034972972278
2.07574932038361
1.01353932936224
0.556837771148858
-0.140697438823922
0.468363912982848
1.79601627076447
1.5823227782607
0.457864009972404
1.78832002647117
1.19780137034399
0.550189119903246
0.589055809028626
1.67368700226796
0.841519212879184
1.45757660781696
0.726695982839686
1.06156262554961
0.402561446490775
0.133714385636634
0.411724600667608
0.91689771068898
-0.116609635859199
1.14580111533066
0.713709427775003
-0.112183905526737
0.798180510562273
1.60910334113704
0.0562143192364007
2.30555267761922
0.811407758112597
0.479277720567219
0.475628681797067
-0.220148652548252
0.993219491342352
0.229008792471438
1.2528300477975
-0.0265588271026591
1.12077177379161
0.0143608739806806
0.991537781864342
-0.158849065291793
0.718716288097071
0.474694771333978
1.60623984566515
1.19386195402188
-0.337276617679452
0.182377702606913
1.05062346759674
0.555507856648674
0.48764535489528
0.631029663116705
0.558150893861217
1.23801682440088
2.84418373738978
0.281723484090809
0.426099030554291
0.674779179034996
0.562362586787794
1.03741346824718
0.444381000730515
1.48962492120406
0.562649185608092
-0.165822863419344
2.39408168771239
0.946574284240229
-0.139069278796094
0.527415702183329
-0.190043901920889
1.4596849555099
0.594183400911491
0.120440313099566
0.494842159646718
0.997570566728945
1.94989178363353
-0.123006447682981
1.65228882006001
-0.161523089833728
0.547219851927591
0.62771821498321
-0.43125472311946
1.28425813319618
-0.0997152969691677
0.778578413031829
0.334399284541985
1.5023246862035
0.617687421890234
2.2464128747568
0.657367348236135
-0.429371199284037
1.02349383296772
0.276197384761213
0.506638651516573
1.38563534408554
-0.158600268508534
0.965585619117511
-0.108421847769513
0.972654350876597
1.50996508658119
0.354902884157329
0.56906848361505
0.825007009054137
0.134101795183298
2.23982043793857
0.259993103854457
1.31757047041214
1.65155849261798
-0.155841925762585
1.8095744681081
0.668985312520785
0.802979297415722
0.177525855957206
1.52917413986293
0.800566406898289
0.439131364567544
1.11973720456585
0.690710505706439
-0.290007752863901
0.262474713024269
0.540234260291661
1.32835232616846
-0.841376770486204
0.189582387447566
0.18348829949027
0.406367323783395
1.66333826784304
1.06967223233198
1.16500167542573
0.231630118097052
1.00614380603363
0.435450034437567
