-0.0383813937900255
0.248956714614754
0.89811286964343
-1.04824475992394
-0.224795747401029
-1.15199568962151
1.4693772924992
-1.50702250586938
0.248240643517826
0.339130795006722
-0.55518184736204
-1.02950495568562
-0.392712077990642
0.484228552890449
-1.31861319663949
0.910393359192696
-0.768559990093043
-0.112058136563565
0.0387110948273731
0.985531697488513
1.32495496868383
1.43166579789373
-0.483135512975195
-0.714912037440976
-0.0640403535246142
1.67458901418652
0.884982094643303
1.34202373572069
1.13114115308532
-0.74938286313276
1.06938230592395
0.805429647986615
0.368584592663929
1.47974417977263
0.232036063060104
1.11664682000599
-1.89052369103347
-0.811827125871422
1.38178528610027
-0.378281316091636
-0.70994253825089
-0.650669281097123
0.6289236635758
-0.171261154778768
0.504608355459668
1.30359233660896
-0.767564316966635
1.04941890328647
-1.93387292755422
0.040458833894682
-0.457260493257465
-1.32920849161509
-0.149254202292681
-0.30904997738407
-0.697486469080907
-1.24024773672769
1.47690865794275
-2.23322743719325
-0.348877229870846
-1.01420608979351
-0.353296270251979
-0.571503430989814
-0.965497883130683
-2.08524992061901
0.455356602233922
-0.836227553403378
0.82066320632487
-0.640785684959506
-1.30696178491176
0.84831630322533
-1.07459288909292
-0.556345468740032
-0.818871218804105
-1.40622281323416
2.34327954317679
-0.391395706860145
0.847125595659465
1.89420008032399
-0.831486511657755
0.683348128112365
0.137042701411281
0.869220645947305
-0.499999552426728
-1.0201227174839
-1.30687286629157
0.0957001842343779
1.18184559231941
0.348634443535785
0.582670649364364
-2.07842656598458
1.94150338114254
-1.1272855631929
1.24019819045478
-0.947976264943893
-0.246613025530009
-0.0793407067701934
-1.92721979263584
-0.866641900319731
-0.344435529968722
-0.276066598065266
0.47249248319402
-0.211674118361157
-0.41761174288648
0.831763240415187
1.30790312056655
-0.141187053205241
1.40073564171664
1.24172213788599
-1.54417260620095
0.721717552088147
0.332554312914641
0.542846426994197
-0.64856344072242
1.00662167074944
-0.836716525436445
-1.64584137169531
-0.890659909248238
-0.266397286856355
-0.416682004100984
-1.10961430631255
1.20008207837546
-0.575522481637767
1.64058019297709
0.801036453275959
0.211333708404169
-2.04065731367829
-0.782420051349111
-0.164264545451734
-0.843621322370787
0.533180264478923
0.891726731334796
0.830734251946447
-0.547581911738383
-0.750642277168217
-0.930786720924549
0.323303655059976
-0.634133416519134
-0.939214213182185
-0.065396800445323
0.774860559799025
0.339857291127677
-0.827262006714848
-0.812496575952371
1.3362583685322
-0.381401510188254
-0.688727608149147
-0.27027621718919
-1.37146832132445
1.80608378434805
-1.38714426515816
-0.0379835621226669
-1.37780484004228
-2.66157383601346
-0.849217858296245
0.814544115735602
-0.656890767465335
-1.17117559825511
-0.595177761764031
-1.08948995813662
0.881689649310687
1.84827615986392
-0.801146698596642
-0.126955889133951
1.85555872045966
0.890999427609566
-0.709390198281665
0.423778658177796
-0.596630412783319
1.6109163674939
-0.817954981735562
1.0668184509535
-0.816892618028308
1.31727508692133
0.00236609536295599
0.332791208989152
-0.330926970770448
1.43849722297281
-0.577846907687155
0.287978719065313
-0.974557267326751
0.680889910469506
-0.60801210681654
-1.91230809757385
0.0413168243693691
-0.405639049304418
0.285302603208133
1.5563253503086
1.079591473918
0.282914304889193
-0.0701786885911464
-1.44825748864632
-0.374308462881039
1.32899010641115
-0.0735811640943198
-0.598586073376233
1.00352486521839
0.631099018205968
1.24046648810562
-0.0945916437347939
-0.939963586310592
