-0.0764543543167219
0.396764189501277
3.22505755100346
0.223615793369713
0.122610732206367
0.165327869057666
0.346349821674663
0.341275968385844
1.67561520522407
0.974499589752097
0.375379708655277
2.16278853215968
0.812570824149371
-0.115286972341986
1.19627847886047
-0.00917944941195453
-0.220368353822105
0.0654722349748176
0.148680573184578
0.438392068142603
0.209800776031131
1.62106321628582
-0.326791645461656
1.77160125236532
-0.0255616734123314
0.810293966234439
0.497571397334474
0.876629431408352
1.14037952075936
0.16759563134002
0.408935178214321
1.9784282732289
0.864335878245971
-0.322692584212155
1.10126770779353
1.18886248634195
0.30290219213733
0.875367076893184
0.624507884220393
0.458375911545596
-0.199961977708584
0.771464803243229
0.546471479569692
-0.350331000675515
-0.172844083784377
0.384518867478373
0.666525386390895
1.30119696500056
0.273479005243911
0.371345508388461
1.81345589851629
0.707641075896363
0.709863980595126
0.422229876656719
0.550038468894155
1.19827731885082
1.89411571261584
0.484345963318638
0.394690572458723
1.60785621031978
1.19636533550245
0.882380849037969
1.57358236605255
-0.323074357163317
0.664953728638992
0.674279966226297
0.603539005822059
1.01433234861877
1.32098677799034
1.51775131836433
2.11895407106715
-0.459758808877033
0.746012712341825
1.17352114192171
1.06960331589366
0.9989130403769
0.491136334641709
1.20435623548876
0.840124270517707
0.435454472381388
-0.222539964077465
0.350505089802712
1.01267495015256
0.0864983592082285
0.566639008913884
0.661252386693018
0.0370777968988276
0.112221730365726
0.509324897083795
1.82368792301034
0.728609021698104
0.229337733553391
1.65048316377644
0.194130780771009
0.862947389523238
1.0958777525339
3.82450635222986
1.27396347823738
0.0223052194016315
1.06375748901552
4.53588214967922
3.26893139353042
3.21051294480061
2.81284325758827
2.49277590437838
3.91920313343819
2.34887862751998
2.65347642290976
2.27707487279764
2.96625864699919
3.29655711691194
2.25166727415439
2.13087816960391
3.56768490200053
3.7536816756716
2.26485361347755
1.66849513929138
2.87331000706407
1.68079077825805
2.24484013290194
2.28731241560217
2.50347844558477
3.4224174946954
3.16415561390081
1.72294722828002
2.42453733987133
2.38117482381022
3.06963198128266
3.63288236691299
3.82746577236683
3.07197210304813
1.91648750594476
2.97574551860893
2.85353918200152
3.67772187103722
2.1019193860675
2.12276066137726
2.56099133173264
2.31294034191041
2.14664199586095
1.64739163590229
1.14960749500327
4.26435929749247
2.21150181702069
3.76024199811647
2.28761545375605
2.77864145066799
2.86840092809422
3.13657600888587
3.87484877485079
1.68550615438856
3.34741719832572
2.31116306072585
2.28257378916165
2.52571069443376
2.74125758174333
4.05989901881723
1.81497310131652
2.73798661469242
2.4568976553349
2.21964030913645
2.73383353724313
1.50560233215169
2.57969703864326
2.07546067547269
2.71160862757226
1.9924144316772
2.74573389203382
2.21075490929614
2.40153861610093
1.9366918630227
1.75876966143259
2.92567462822198
3.90776524988686
1.70161952907761
1.93242137162617
2.7834434702091
4.83979941955031
2.91904646553067
4.93062254978146
2.69442323831741
1.76081134991404
1.73242559090961
3.71099195966871
1.97635289795449
2.05347827979703
2.70720320618469
2.33280462642554
2.88873577487386
2.5687364362718
3.52645534662107
0.722406103110046
2.89237920478103
2.78144657119116
4.5258394653979
2.60150970255
1.1952894150062
3.70296507076021
2.98309091886954
2.60295836224144
