1.09373470568546
-0.281131714453464
0.140887653896812
1.19019588156116
0.621074751007113
0.279460680737728
-0.0711576185743061
-0.0479458369940151
1.86192172632163
-0.225450507122219
1.0676261185521
-0.182783411530763
-0.555151955601673
0.201071037831348
2.31063980894953
-0.436746418096558
1.11517995128802
1.9440084547056
0.83529170069764
1.00764392049542
2.51462118740771
0.535921823157817
2.02294072839265
0.583732767857212
1.04482338563918
0.644568044920349
-0.514455014438572
1.09525864685706
0.413548337682743
0.423378371664079
0.89650669685231
1.60246764804162
0.232887722421957
0.802885787794542
0.35207405121837
1.06544640987833
0.203388864458379
0.163667781500548
1.48224003804172
0.00607491244228442
1.54143592626554
0.824307064289191
0.197261447314225
1.13726188227187
2.65084134550421
-0.087835236069639
0.567712019371183
0.19477950475639
0.508474165318459
-0.423143757660133
1.48668041337373
0.988414102460884
1.1160570619669
0.216492869565716
1.38646389212917
0.788093224068049
2.09221543042825
0.877368934135758
0.00583737450366673
1.59932344360117
0.448904048302024
0.13687793626873
2.10511560205824
0.480913370884353
0.510871344945179
0.118944744539507
0.578493420596521
0.850480186247261
-0.926424866415154
1.1035473204882
0.341417967251217
1.95067503555444
0.91271435113345
0.798787545924542
0.979803265578573
0.255492180638923
0.581611121385322
0.146689032937627
1.48100379226088
0.561244643890893
0.67453110556048
1.04397327176095
0.749487423067895
1.02381944622384
1.01337566009245
-0.100079496441755
1.06346686758514
-0.0384731571445452
2.11089765840743
1.04428027087859
0.305132161662192
0.504220292105196
0.0188037232381328
1.03378068162853
-0.179059659732012
-0.107003752387337
0.298596640212617
0.183686219228093
1.31915833763105
0.580114423616414
0.204475838759776
1.37474057071889
1.16910823483511
0.52975353350003
1.45944904460041
0.400018939445288
-0.0607067150159426
0.919274750684023
1.46426385636363
0.361433241129964
0.422953185294174
1.0637196401621
1.57790720840299
1.01688936354977
0.492914261081451
0.785045339241474
0.0669606803444771
-0.00604216494387261
1.48446016580785
0.154015208057183
0.0605416227717314
-0.25496274842718
2.06891773944564
1.67484273876034
1.48295335190034
0.11685668819127
2.2498573190483
0.718142139304069
-0.342929364207984
2.06177449605087
0.556893525966226
0.307823070440919
1.0151304965395
-0.206463369470589
0.837159729756801
0.488634061405662
1.29610357400676
0.472127210088632
0.656991167817337
1.05614744155282
-0.397707719998827
1.01482687811239
0.414540561529985
0.797656251375337
0.660825173819898
1.76432081646591
0.280847922160348
1.55756259862216
0.405112374588954
2.02846616498092
0.329387046325703
1.1506770410616
-0.228307359210692
-0.143980926445799
0.272559665106772
1.61757329966169
-0.0163473284585427
0.682290066844206
2.17588862696695
0.470495412075461
0.840769090885073
0.766443517477391
-0.0786580950644459
0.0946620612125851
0.112356963586801
0.57536652478358
0.45456861859632
0.435707646464559
2.08288869222265
0.597126019698435
0.797148086949068
1.54718036151668
0.142031447825072
1.97738842880935
0.143277389523833
2.14738942603488
1.08078466409266
-0.154358885954566
1.39045962663954
0.159885418397742
0.0322359255664807
0.659566282903786
1.40906115965616
0.111606764496949
0.384023840369843
1.31783296600577
0.194900577531025
0.411432738895405
0.571954452912398
0.459498372539906
-0.200492040833111
0.164384630814501
0.213958658972676
2.06910392037018
2.26359457733303
0.513454505915483
0.287843172967261
0.836236760176957
0.535019222613018
0.525516962515105
