1.18943252291193
0.338630286984142
0.382998443355965
0.404910406850599
1.47022554007598
1.16105054726008
1.10701027950597
0.747081457268117
0.378063208438438
-0.0672859785075605
1.36081401180396
-0.292541191967503
-0.215464312302534
-0.115711861057611
0.79305172349118
0.77074250200071
3.53468263688704
0.897294563465503
0.507372751553494
-0.0833631365399562
-0.167461669271056
0.259779232578126
0.992352126235541
-0.147599891278282
0.902616987068989
1.31678354244515
-0.015898363645415
0.708590959939204
0.732581871516549
2.38157630565075
-0.125529350720474
0.894945029082639
0.699523109192067
1.30208844115391
2.02503851241699
1.59374461904709
-0.0337116001382485
0.793134854958808
0.603845755194188
-0.204359763817527
1.23311449438103
2.27797334714185
-0.17350111541532
0.446772809345194
0.97651131540584
0.770342262889113
0.857530749110502
0.810451099743472
0.785969994306015
0.427487943218821
0.717405099975621
1.48368207299171
0.353574420087499
1.06852527364724
0.859583643581455
1.35773339912704
2.43199705290026
-0.47124671111
0.764719082360299
0.583562282445688
0.833135858245853
0.927668190923211
0.735794042030525
0.137690081129621
0.456062678612048
0.993016064110257
0.961516173238059
0.407987833848372
0.0928569415644585
0.319015880537103
-0.0149235443843934
0.745750119129284
1.18483951946388
0.902071361587954
1.18316203057591
0.839897362036884
2.11961739315731
1.06215296582411
0.802707953024822
0.768619180741264
0.649422008096015
-0.224756885327733
0.505583900928671
0.183403736503531
1.49057210568795
0.756319316479581
0.0444863275198687
0.821363732821378
0.601353670176716
0.0151650791317742
2.00334839559508
1.28878070252315
1.00655749846779
1.32526258258728
0.468333278589174
0.71381051999481
0.0680948205547259
1.12331495328438
0.280291054597117
0.990267587318162
0.0146373694131577
0.878501921519306
-0.00811116777928647
0.197619131458263
1.18130698407174
1.75061923386863
0.601250556639407
1.12491565958822
1.29589853500221
0.393084806631287
0.703809971381638
0.691016132717672
-0.22027924076089
0.160112180700526
0.624287859129258
0.815852972468738
1.04889916217864
0.0202098149637832
1.03142054783319
1.19652813995958
0.64045466465027
-0.802503235198758
0.369825998649823
-0.593516454063733
0.0962615030609036
0.921571918884961
-0.163068994642881
0.79659383677063
-0.428139361875923
1.75620636434387
-0.0553046286396329
1.68766851635281
0.6642771640534
-0.165458193678363
2.32479673393205
0.352344871266484
0.26150931830694
0.825997988240835
0.0980773663340194
1.75967796173937
1.47432926533486
1.21594389662455
1.12343575963178
0.454268046478643
1.69242759718989
0.334229112728782
1.35257609833891
-0.511364000796883
-0.529998714020889
0.593247126417365
-0.338156781636226
0.496708707646134
0.381523625796284
0.507153556227161
0.165000339665612
0.332171075097965
0.796285338431965
0.922184167303764
1.35365417372102
0.28692676229313
0.631815239836569
0.423275272735493
0.551978368082474
0.820940324811683
0.679891356481934
1.10900581051986
1.92017241741836
0.266122343040892
1.53225790270191
0.302220600047853
0.467855333453186
0.473757301821056
-0.147573804663682
0.589600112066143
0.0504435475409321
0.233723595271089
1.91569075853248
1.75411049489018
1.0048808340621
0.950361815059739
-0.544835164195676
-0.332395340160324
0.572908769643032
0.215707143073303
-0.790091836408501
1.10984385227229
1.20642476195505
1.51102672960768
1.92307668102537
1.6448555002511
0.781313648836703
1.73287611919074
0.565308784963398
0.554355931264084
0.482321334173826
0.102053721557694
0.43607053174136
0.279832075116497
0.225029944006483
1.2021449747529
