0.622408423699719
-0.599655700445458
1.57586436878309
-0.331095576981288
-0.354207436699753
-0.623301435462551
-1.07516001531835
-1.26408522898836
-1.09139707178921
-1.01279232038475
0.0278434822666324
-0.923796246612032
-0.820356180760809
0.830143611600168
-0.428914570515193
0.147593480748121
0.701610120917934
0.474490939222771
1.17123916482292
-0.841531441301527
-0.643763872594984
-0.211002248364743
-2.0153294973314
-1.44244838674114
-0.0485548888203919
0.894418917245971
0.314247197358793
0.824047207999188
-2.49098813907001
-0.938491649436179
-1.6139771413635
1.34052033827569
-0.654269012616657
1.4844742958681
1.7689461630503
-0.0944102732250216
1.11719451094089
0.0393633216239532
-0.911617918279191
-0.982650143059638
-0.4188787179462
-1.20436153471116
1.45791774872041
-0.814076223524015
-0.596405330058501
0.439549869997962
0.164738273288852
0.310372444013175
1.97113105748045
-0.848808509528395
0.091805172862849
0.107433098056758
1.00896558936712
-0.73329016339092
0.835354283661939
1.69623532198336
-0.521936318199055
2.39913109885277
-1.21681097728359
1.91628102317346
0.49249293006788
-0.94284472542817
-0.343284262949826
0.265322159661559
-0.349507493086104
-1.91856967203537
-0.435062938173579
1.31129433675843
0.621988375627383
-0.403853253220245
0.323751830949521
0.447615013824615
-0.059598701973334
-0.365233756512244
2.26008104362754
0.936621584499939
1.42170292535281
1.97592541678726
1.15398700704549
-0.178559328057694
0.710441725254153
-0.0714614440462201
1.80162680770387
-1.58703865659991
0.452497611680338
-0.742896062207247
0.856968803815697
1.8023085795669
-0.687331890809354
1.41109652597049
-1.21067306028973
0.952053337311308
-0.996226133588501
0.58449953239803
1.04089607584891
1.86686326617702
1.87186245681941
0.146920161783726
2.38689346508136
0.316622213330426
