1.67553181606831
-2.10548060655243
-0.734430924297879
0.435802507158492
-0.493309292519367
1.74428949693024
-1.78973210790256
-0.648429369413018
-0.0424787497995021
-0.166954627424537
0.868769907585282
-1.10635915166204
0.497677817110948
-1.06834604833049
-0.78022192559438
-0.972099531887226
-1.27463219072598
-0.929028354752181
-0.821304080683006
-1.08975801195547
-1.33810963617792
0.443004526858688
0.841662581990023
-0.695150305565934
-0.401030825944261
-0.51532461044934
1.05204755019275
-0.890836220697565
0.0652452090659239
-0.0748999586229646
-0.47042129381884
1.87088735317645
2.03928315180629
0.244939612970476
0.15268397532498
-0.913570417752254
0.94557750979718
-0.324480608900291
0.180458869334646
0.716734754022994
0.185735882987605
-1.5625125590644
-1.43043442228708
-0.345394854519336
0.614053373313284
-0.151602743801147
-1.16360603525425
-0.672965196815677
-0.584938518556661
-0.33268352134766
1.14765326862454
-0.265795210317675
-0.242744238540393
1.60713690935399
0.627299638593243
-1.71271583260313
0.246878144857
1.26178703607283
1.41416955664985
1.04548377695477
-0.999629320955452
-0.0706777960663129
-0.869136952739675
-0.0235499116279986
1.57031572421607
-2.0256420339758
0.76542159145392
-0.455105043512967
0.982469829889289
-0.796328690418978
-0.24250361607767
0.196718646908544
1.96178619376779
0.780905542719414
0.306190958126274
1.21814106457532
1.22479415397824
-1.07864996921176
2.45156347195795
-1.10710488060773
-0.504745871198126
-1.54131713099544
0.389833896820423
-0.677319512298877
0.0821947843441835
-0.726585921113198
-0.495939939398897
-0.588306993049726
0.467453865711681
1.07293446334832
-0.448627778989839
-0.218040643041095
0.68655676191228
0.433225290125022
-0.120722591342934
-0.334581440107874
0.455036586875716
1.63965288309327
-2.3507724845848
0.425250072138469
0.171762981276888
0.63386973658059
-2.26295242928197
0.658720969777244
2.25753325753411
1.22789176518327
-0.702324280809311
-1.3081242807402
-0.600534000187711
1.41667891849749
1.63908064585116
-0.197310832116826
-0.249284965964706
0.189290274267056
0.548625509425383
-0.176963099912425
0.0986424879452651
-0.75976975313319
-0.610859638129927
0.887525719134155
1.19024703273385
1.67716956509523
-2.34172070720921
-0.122566251717312
-0.286938829893234
0.0711055779519457
-1.05475217123138
-0.84774366598288
0.496648746712682
-1.13546302187542
0.664897636804842
-0.389817132647052
0.0895057999865139
0.175643589020666
-1.1961417395504
-2.59878698428857
0.641482697197591
-0.529572732582965
1.36433935996813
-0.715331389259158
0.695120588942164
-0.56631546889008
1.25844001023289
-1.11216800122704
-0.533312743050587
0.377078960057282
0.647768183756404
-0.20710537100181
0.231203131964043
-1.04911798656744
-0.477130387520639
-0.792636930187858
-0.339131594080419
0.117340174268304
-0.664786007658021
0.239464455906123
1.0361125853328
0.0582642628813499
-0.854887594182626
-0.0736740898397733
0.985708469769419
-0.407343952887952
0.68997179757156
0.357305580554654
0.43178807675534
-0.981672922824353
0.868928407471276
0.208001391157512
-1.70336217967409
-0.36886606397501
-0.883059943751576
-2.47739623347483
0.313795710190602
0.725134742914958
-0.516909799220477
0.739493000122719
0.320154585156129
0.792317651692494
0.153323706226078
-1.32966400087288
-1.90651157115318
-0.086523544246818
1.68085170828006
0.599518854094466
-0.451381754370025
0.900774442224059
-0.751278225526472
0.114679561768831
1.07445410028104
0.407558762681372
0.67374050796483
-1.18400412924143
0.558246640284435
2.30742682695087
-1.6516577983659
0.637502524588199
1.53433677120275
-1.94633219071261
0.936427621676464
1.20373574031503
