0.859827241158624
0.679987329517667
-1.56466544709456
0.161422809382637
0.731953883481978
-0.76116698939285
-2.09525963512704
1.8329629639507
-0.335913893673166
-1.39152634737753
-0.228292376767317
0.832044565004673
-0.00556330610959918
2.21663860829085
0.515560579711219
0.0139312178643333
-0.582642759791848
-0.29056559165447
-0.621516434565539
2.03670405260154
1.14033793250994
1.45566901822776
1.51356971710766
0.672323884301909
-1.40124895405707
-1.58180215626232
-0.371746501420274
0.970951142816715
0.456709443355532
0.942438472056145
-0.797403814750959
-2.47243222539609
0.530674355461258
-0.320366456100024
-1.76443205666678
-0.161082381820784
-0.502226715830596
-0.563367311755707
0.488714229404249
-0.660123611733054
-2.02524100724791
0.895812448820206
-0.255258854090125
0.305301015286096
-0.569178051332841
-1.82329984340203
-0.313592175828344
-0.283811723774767
0.468217554080157
-0.169819571854232
-1.82746225710714
-0.726493327566559
-1.63617148725078
0.474475199609877
0.212483897772956
2.46714830757836
0.0989121545849236
-0.569904469351041
-0.360771659473246
2.05805006447429
-0.647335387654053
-0.564746567412057
0.636548757026735
0.64205286310978
-0.0639012084454428
0.660495020825838
0.575303567727648
1.56816668876173
-0.452380734300355
-1.68817821198857
0.43086661854417
-0.18063229530732
-0.121167920906524
0.231850704093268
-0.126251057730067
-1.20993043159107
-0.606892317967687
-1.11721285903185
0.309231514577974
-0.559235263671067
2.50194932287559
0.417116825002508
0.615136331078473
1.05804989480006
-1.85644046479034
-0.809100336702669
2.05545542613031
0.298970860061106
0.44829793046601
-1.05340292145329
-0.214706144310077
0.810868547760357
1.6665142510199
0.721669265682123
1.05640999985255
2.0384200877456
-0.251646965305856
-0.860421999499368
-1.29072967421696
-1.96070628343949
1.59652231895658
0.378448759826019
-0.334484030294754
1.44860088283585
0.951417785684998
-0.283351231845357
-0.0315758091903955
1.27392812955367
-1.54642782292282
1.72500490314307
-0.133698467060533
-1.13977658941217
-0.21768055964789
-0.259798709269588
-1.58087998216846
-0.16988546579782
0.506033493182303
-0.614399627869285
0.882556167928945
1.14009340244425
0.968169224624498
0.311711932567893
0.616455255973666
-0.379275762908815
0.66115012051595
-2.2952645889091
-0.0519290070389931
-0.145755959948277
-0.296552721939669
0.179989681907439
0.292244163799443
0.0644162491299063
-2.6539753870084
-1.31537074431943
0.870107155898756
-0.242633810449171
-1.23026970918634
-0.210841819511828
2.3733798380945
1.31740851203379
0.617361684791127
-1.04823753260617
0.494629260619574
0.267301433417833
-0.401346097019027
0.983790284365748
-0.266336673737187
-0.518222840536418
-0.431012275444718
-0.572932011088867
0.878530135099444
0.870521537596126
0.653809546328927
-0.743956674631595
-0.573006034740557
-0.42696029086685
1.18936864651261
-0.956835074624414
0.171144329266426
1.09224453894174
-0.139425811069711
-0.28111438594199
0.380010967380169
-1.62520991620117
1.4529305998214
-0.113149063005475
1.35062754876196
-0.687667262502032
-0.203823100166817
0.47600008456787
-0.47277486602971
-0.127605977821305
-0.220082148414455
0.443731272845083
-1.95687901685846
1.3626913989628
0.587945771476419
-0.372298105270725
1.42116363175134
0.921525444345819
-1.17890863655276
-1.09629163194688
-0.0427654237790793
0.69365672223211
-0.174815537633745
-0.438856352645218
0.920109850090945
-1.68118127918397
-0.322742363568323
0.885110213371126
1.08209391717757
0.0428655921233303
-0.252240332342855
1.30627944340932
-1.25646183696117
-0.0770838177228678
1.96304074617622
-0.562801388494318
-1.82069532771253
-0.340356598192441
