0.219628975354202
-1.12068180927511
0.274456529845833
-0.373995443766365
-0.955364328459609
-0.761047533372935
0.148692671187315
-0.110953894394897
-0.314692444314019
-0.765577729486214
-0.6612574134298
0.534395122728
-0.16515202048747
0.810586709492783
-1.22545595732872
-1.11084750013221
-1.50313795363385
-1.48716009928592
1.18671207068428
-0.411353006253863
-0.337237459393516
-0.574978815877353
-0.662921582951491
0.884092884828438
0.486147482524254
-0.15305727063104
0.711568274889654
-1.69525743015367
-0.207679035681714
0.153029408774314
-0.965443564064137
0.317792007892258
0.455532169226294
-0.379246554816938
-1.81704803065217
0.129599047650338
-0.581602859575731
0.406075347192731
0.898899369930614
-0.224528638947247
-1.16648141033738
1.7468644743795
-0.301976872472765
0.385451153176826
-0.187272938280917
-1.01246554916449
-0.265169561386976
-0.990639280205063
-1.00170365825164
-0.760113246451817
0.401191802829075
2.17309382738431
-0.869308875080953
-0.706515315115681
0.911878655176993
-1.26519342413341
1.0086363885934
1.29760141276334
-0.688792377140023
-0.603477230794951
1.55022472430476
0.170548938807703
0.239433792228622
-1.82890901265926
1.43797372804099
-1.17877600324971
1.25939498185155
-0.714515937868728
1.3758712632938
-0.731430415495028
0.0651751112515654
-1.79063282439974
-0.844365477002095
-0.803109855314007
1.29549205357922
0.192243216900092
-0.893404339080045
-1.62394109032487
1.44679102591982
0.344410001604143
1.20140144720909
0.572683743873966
0.0610881241825426
-0.117902807181988
1.0393982316526
0.512914322136323
-2.18466797500433
-0.444526300806717
0.394217973809913
0.417277281408369
-0.581800963056893
-1.14633294893035
0.220005731039199
0.0909791469688284
0.155782528085519
-1.07336860780802
0.925385205945677
-0.0382730333204935
0.33358159680495
0.975577249978578
1.31046185757401
0.731343714337861
1.85472055786579
3.64825459557308
3.71969706606668
0.857637026865692
0.142472356276038
0.39637846904439
2.69681493764419
1.13900633624396
0.673969727314617
3.90748451026718
1.92165792592167
1.64928951316453
2.44000787663055
0.922209284921272
2.47141102697158
3.62163254114034
0.6338715783369
1.49574866498655
0.871176385504496
1.44671311298868
1.69024365768414
0.836182391806114
0.109532253608357
1.14849179088588
0.533474677801281
2.4313868357309
2.53542263856706
2.74514595051806
0.886607587620266
4.60944838255478
1.66855506118726
2.36166726911952
0.95943773758883
1.22800832099384
2.51602240538625
-0.513760714952758
2.55402437457587
1.03975850734448
1.14254753896484
1.07388688351308
2.93661123618625
2.72256278514528
-0.0864448219801752
2.13224719149114
0.174079273664897
1.78295402346184
3.20112713148594
1.4707109599197
1.48935549302139
0.478991023040018
2.58551950972682
3.13035652660947
1.56559349330416
-0.403684519342559
1.57590106151772
3.07013336245978
3.02560384342186
1.71776707026026
2.57884473909638
3.81781147481875
2.47892946997335
1.80767004039005
3.53657346416058
1.75464840806689
2.94441679630854
2.12767559740823
2.42145562844299
0.895905026360883
2.89264997556763
0.213426685761992
3.61451138454685
1.46422619989931
3.12740257306043
2.72878433861035
2.7895419245246
2.2406360773517
1.97489800618274
2.75129366584895
1.62793559813616
2.33037680217587
3.27956475736928
3.50880402350666
2.78946103734865
1.52204584602632
1.07557756715094
2.96679223819621
0.461154281920386
1.6546064445781
3.37233214603341
3.31976003652918
1.27831185570406
0.391005548150583
2.61130194142241
0.656650784368592
1.5150430503653
1.78398122505904
0.691959095759728
-0.0480097207539219
