1.67572726575811
-0.269655208887961
0.28321251203501
1.4830372663893
0.962793104145064
0.652242658396348
1.471348300494
-0.0876327020581698
0.296773253321928
0.955822050623442
0.807562778706112
0.810483405755568
1.3299976519836
1.68997936283516
0.585217343763915
0.0591391224958449
1.05222921116193
-0.456124267803405
-0.0999136817044844
3.24623551281929
0.827147334002403
-0.535854731783137
1.35972534312955
-0.22394323996259
0.779472562298691
1.55252755133314
0.355370374205819
0.384216634464453
0.736835989784929
1.81990068727762
-0.3241456794675
1.47124314106629
0.620087365064448
0.434481267045761
1.6222159980156
0.91041260734245
0.823188850159695
1.53402069077034
0.587865750654183
0.650132187165168
1.17636781236102
0.0730874475018471
0.0306829860325391
0.619815705385663
1.16858744394164
1.12376981627561
1.19399362305931
0.417997001016497
0.642661677910294
1.3290633360083
1.24561065809728
1.83386354423126
-0.442392196499522
-0.351248016880105
1.06513353356616
1.06182992926774
-0.194851558379909
-0.189221909800856
0.00371004048536941
0.809376490779473
0.086695501179597
1.65850847914248
1.32113408979936
0.595588447410912
1.70726488062264
0.800390341647992
0.28163584611442
0.684522423575048
0.848638481754959
-0.381937750628594
-0.0541115572184652
0.663140495027253
0.271856721752643
1.34773375421413
1.0233465427752
1.14795165969926
1.566287383524
0.0347236772222919
-0.268863192602565
1.41614161573561
1.54536299200013
0.394573351753863
0.889211107853562
0.766019312670296
0.593923706000242
1.40669828058261
0.381565656676308
0.745851347634035
0.389609091429543
0.648831342921571
0.904419075569164
0.533079816659084
1.23438600877546
-0.227999685244859
-0.0830641541576872
2.0808304615914
1.6518537985299
0.866958819710117
0.554332398057296
0.212796562429244
2.47616665490395
2.40431822400481
2.14304200437605
0.952705310624655
2.30426049151624
3.46774540351423
2.76701169666646
2.87162360124237
3.75553790000377
2.61504765424808
2.76931725773087
3.75319940618298
3.34881844528773
1.75359102034936
1.89346598562792
2.44077073182101
2.22473885916401
1.84671932641726
2.47761013374888
3.72880147161649
3.58528153568002
2.65228298712328
2.3596141792883
1.30807761077349
1.97295303775024
2.00852261834267
2.8130172264267
2.11182720606185
2.89319803598411
3.18880407578097
2.49998747389452
3.62007757731872
2.11342184193813
3.13543179679143
2.55092438095838
1.9953875144331
2.84184423892824
2.99635507665364
2.85942994052558
1.97982084889141
2.73943657677388
2.22238760312007
2.45615468981425
3.5291650443674
3.39895608508684
2.2748954830419
2.03729249859212
2.48316188187522
3.78504877314271
3.03309504208574
2.7079310014275
2.64375960466448
2.65358489236726
3.83233953658161
2.8577743866343
2.14041101627529
4.10429784093729
3.3134929727832
2.8460496713946
2.19626821702836
2.22370386892303
2.893654567712
2.49268568918832
3.51542129108678
1.64315990186951
2.51459875786195
2.7000135365227
2.50757316423887
3.52123491953393
3.0753911595741
2.7809281167386
2.58208317891607
2.60722435363541
1.98020691196379
2.67940631652816
2.65217355497445
2.19076345657116
2.5037854457468
2.6109908141073
2.29324020550042
2.2882443936121
2.33039166252842
2.07972912481338
2.2737514664798
3.24148759723772
2.21556898776205
2.70679624886913
3.0903463577748
2.55116726862688
1.73961888767871
1.66551562810967
2.47501692385016
2.22232368156853
2.66625132927873
2.76798385538851
2.33409224956514
3.07298220417293
3.39187930575703
1.90985569510716
3.45672921928429
