-0.337668582578267
0.288460794404632
-2.0310418977254
0.464683264961264
0.38732909221977
-0.0353417260250721
2.23672030293438
0.759096148446071
2.21450469386267
-0.0893510100051561
-1.38250168086425
1.51112883284043
-0.219205679146832
-1.22313054991167
1.6952219055975
1.43395554226229
0.886177827463908
0.776634983467659
-0.0919967715770606
1.56493301763737
-0.616340094144479
-2.49253259052441
0.370020742620805
-1.2835717120895
-0.690959003408369
-0.262207672613839
1.99567614068304
0.950850031158308
-0.621750007772457
0.10384495923335
-0.362426255577276
0.678134005370709
-0.517661702062954
-0.155377557227468
1.42425409479946
1.82258721920756
0.489910971421241
0.565847157396014
0.129557068080061
-1.00954076839101
-1.17157473894973
0.966313373778382
0.415312787552222
-0.00161713541000314
-0.684505868152347
-0.577156087680375
1.53699309637207
-0.718656709615416
-1.54564837960588
1.55160464472507
-0.670661914799605
-1.89443087330669
0.727079235632618
-1.59635015812541
0.211844853881324
-0.996614405386308
-0.0282599738863678
0.703660646159952
0.835136837819291
0.488033718277102
0.317948518721525
-0.90360226625448
-0.192025194542675
-1.02617134202328
-0.227017894293762
1.03200518989762
0.112959186019222
-1.55180206464085
-0.233618199541552
0.517963111558503
0.542388156132336
0.635771807709635
0.560930573634045
-0.786456104618847
0.30038408312085
0.66706378556859
0.654733004032469
2.65825515966475
-0.849398680432847
0.96521723859303
0.461083583457481
1.18164319992662
-0.121764391353503
-0.0566840756212326
2.01593705337126
1.5867736836125
-0.197433113259563
-0.00583555424287472
-0.766409878898386
-1.1554355933008
0.99723454720273
-0.0679720868230744
-1.50137293236656
0.597252098853257
0.104912789527004
-0.739308198105022
1.84869309222514
-0.866802604502399
-0.864045993971946
-0.278319626152214
0.366497169402364
-0.762694798203301
1.42449707836292
-0.906413477463563
-0.270355282823964
0.120305559014827
-0.139069431449503
1.319948479744
-0.464483378510835
0.586687341785128
0.0185266342522339
1.4605022393664
0.652322090759034
0.769571527219858
0.232804519712825
1.52110107462155
-1.06383478964884
-2.21367667472031
0.201931352860125
-1.91894128870434
0.706464035330257
-1.4710800462301
-0.441375097767331
-1.45907511321782
-1.11554351976248
-0.568185722784727
0.0526998535235261
-0.206478789199445
0.358002182362759
2.09317984189765
2.24244246941026
-0.506084177955624
0.0677135610512231
-0.297437682723149
1.0292373700687
0.740135034491383
0.452649792925252
0.380579322984472
1.19213342865987
0.726689762863171
1.35698586942407
-0.271692987890508
0.18453195727529
1.87274678832931
1.74183825915007
0.0236582489343427
-0.33569320341893
-0.88431237060003
0.785586207984765
-0.603378231445831
0.362853930811365
0.369039954148682
2.06355648715825
0.379557881818593
-0.652105513838798
-1.22362928555872
-0.08149819763562
0.733580648109639
0.853683317151395
-0.540282044479725
1.58061193426495
0.795637534631678
-1.2372992962773
-1.8487063318826
1.18346039977209
-0.975526502109905
-0.643371266680348
-0.204513248239775
0.209833285106593
1.38777608230974
0.966722315619604
-0.214957553041191
0.624587050877244
0.571174874389972
0.130725512831247
-0.0988469988225084
-0.480364837809964
0.838113725276947
-1.95994420136701
-1.53648700353479
-0.798690309581506
1.25702834116247
0.98509020071476
0.709812686748061
0.615924834410525
1.90008484565303
0.75784220862102
-0.742243512610692
0.465837720401425
-0.341134855596516
2.34890462886198
-0.375704796582678
1.07641875535463
-0.310350369377176
1.31006270282465
-1.09201658661118
1.47399856425788
0.022726245161973
-0.285039414993516
1.77397583824667
