0.44339294737887
0.659865474143172
0.281397321336981
0.451595351267232
0.444506747594566
-0.151066562225758
0.596834779736585
0.309353415611745
2.31135033213112
-0.0472874306494468
0.949198724008093
0.105516537699538
2.351974927232
1.30833426879392
-0.392873818071661
-0.0761290266125688
1.16573318870777
-0.143408626664277
1.2961298661792
0.393099695698303
1.16020981884847
0.187763950821054
0.925481816614231
0.25682588290093
1.23540718114926
1.15113605722557
0.293462004481905
1.68401106725056
0.28647920231423
0.992088300448749
-0.172234348937213
0.707807442200423
1.04764015929925
0.383768250888123
-0.151788784104045
1.06777850412942
0.642105699167522
-0.359088604799666
1.01354311367438
1.19803937045057
0.938968793091824
1.38879232193238
0.00453312017899499
0.866195785550725
1.41891440359995
0.35740848159802
0.699726459922229
0.138006999024399
0.444068519988101
0.550860663407366
1.7182062665693
0.112206259790949
0.0867994375888895
0.87585299641737
0.544877096755318
1.16712141430267
1.31891073055276
0.924496464602667
1.26344471657139
0.116133772716246
0.321394925274819
1.54978708174288
0.832121813635539
0.495976188958752
0.896059975332451
1.57999228872401
0.386076798197491
1.92219667989281
-0.457328134551664
1.28649714705225
0.488736560919691
0.403853669249854
-0.507340079823363
0.387488180096015
0.919802855725267
2.5093045942475
0.433920209833891
1.24957113107217
1.82353911406407
0.509751245794991
0.105426406977818
0.846954844966697
1.42843759742154
1.09170773025787
0.897425257680015
0.56711570462944
-0.0774805341978048
1.8263509910117
1.25746624597015
0.471313626048436
0.0680453109778144
1.01452518850863
1.51459866769119
1.62741449786004
0.84286846243204
-0.255769615378205
0.342259685686971
1.86702306855585
0.313783350424404
1.37075617270753
