1.12624793004048
2.26345949774377
1.4895927001727
0.85486181872154
-0.119844179675166
0.56753373940168
1.73129719662637
0.932884297351092
1.41536774137104
0.339505061747109
0.473547975830836
-0.418445553444738
0.611995769490649
-0.136210578736516
0.200152535286497
1.97460695183271
-0.872538662962894
0.987351475006229
0.523665563113075
0.483881904988834
0.159122260236599
0.0203650290066875
1.56068317646071
-0.260204065227715
0.491676032789247
1.85204003728872
-0.660405095906479
-0.132087132539699
1.25003288808782
2.06461039271626
1.22410206964462
0.988681936790289
1.30180314228399
0.922169330246291
0.687118260977547
0.749143502790146
-0.230186135731403
1.47006523054075
0.76946108338676
1.5796129474204
1.03352606076598
-0.209926922660644
0.0825507375556857
1.21189960917383
-0.119907559811138
0.108295992152383
-0.0715393675698547
1.66198588543978
0.46071426976531
2.19676699358833
0.390009104699461
0.406976518090997
0.56738335858858
0.940653602278651
0.128889818021498
-0.0600390457238905
0.738939976650839
0.214330493601764
0.640946642610111
-0.145679978833542
0.56176997599055
-0.00545340628362495
1.58930482570442
0.0158488239074278
0.290982994834915
0.279988847694233
0.55105215668887
0.326169365547909
0.371528629905824
1.58557256370828
0.926545325636456
0.372894207827726
1.3591187866574
0.607461676950397
0.639622150476067
1.15284464564421
0.841788721221414
0.955645514753665
0.618054579993218
1.3856472135801
0.505771666092485
-0.103480100535782
1.62007626185273
1.11176489186435
0.33404108095517
0.305658769420319
0.639068954712436
-0.156397377331124
0.206124303470608
-0.430020077249649
0.289131981629989
0.286685202437157
-0.22159339874752
1.87351649099174
0.761769715084832
1.87797608849881
0.0857323238072463
2.84359944186617
0.745932773042747
2.21930445440251
