2.07730173411371
0.414905541566706
0.0630150415889484
0.28623696872055
1.18650974596459
1.40432102856254
1.89184689496506
0.893443237968222
1.20896018699848
0.408323684978708
1.04288398600189
1.16711912823815
-0.414381617730599
0.443747220485312
0.0967057975997291
0.11163746057939
0.841326220689488
0.711327284626033
-0.45834333452056
1.18754505215703
2.2296053275965
0.876095944122161
-0.0819754444903753
0.33061657422389
1.23190373022933
-0.367356602062266
-0.308122889395459
0.62466923373631
-0.769183843356828
0.070928513161691
1.13835151361501
0.212369762213259
0.636987591098923
1.41286868364793
1.60311789280047
0.121597688901834
1.79644590627171
0.153349731330061
0.438306911729793
0.499674499063606
1.00561043105765
0.817997897190248
0.900194768128108
0.167087761816408
1.65067768316148
0.506375755334062
-0.399297406853733
0.25536594183289
2.09697043828842
1.23804688639697
0.0748375843593604
0.834997337326773
0.812075428609643
0.68032009563104
-0.434484770554341
0.605367367027539
0.670994452679007
1.40782662221997
-0.0264226473159948
-0.0745154085050378
-0.139953379027
0.483511473565438
-0.117686240038556
0.614977352875973
0.476422686319116
1.0807442133876
-0.363950235599366
2.48137659237338
0.674454417237533
1.13685116304953
1.35563781826588
1.14103701412062
1.14928714620065
0.435275031883579
-0.103597031889277
1.69695140769642
0.785669710235079
-0.767528267369681
1.15307547948261
0.834709737824839
1.47039534734432
1.26377372658253
1.08997355433484
1.07506410194241
1.36297647147112
0.60285779621144
0.722739911543726
0.979706981276815
0.974567768716796
1.03480050702879
0.226458736765337
0.724519365310827
0.11685592187322
0.710118164505228
0.341259819588995
0.17221375228793
1.40496338260093
0.662993392098217
0.351441703316044
-0.269800727616253
