2.69100458648377
-0.243893469644853
-0.0655810428635171
0.105160872649438
0.948042821485847
0.933105378261496
-0.00731552536162239
0.60845076865634
2.41127927148914
1.80009319243171
1.02030161900008
1.16106242303198
0.304025697556991
0.107933950941217
0.311991171716062
0.40623980942338
0.849653788490318
0.570079708963161
0.432252130972682
2.59066501270906
0.882810282408294
-0.759445718963091
0.018266641732872
1.49122747454455
0.252910313135465
-0.04454042890748
1.56153042060487
0.628355262547744
0.0974433574230022
0.316130772665758
-0.577096744579911
1.89227391124622
0.510647978886318
1.64873196430507
0.753486729137738
-0.065204822403433
0.217713328808255
0.377283746451032
0.841079068422276
0.489211293294367
-0.222465599256829
0.432068320932344
-0.331181259790234
0.189609062545261
0.0751881344413031
1.77526770460731
0.853453073471584
0.634687802722721
0.443546667192275
0.222558410680719
1.61936996271232
0.322059204363704
0.678353562205986
2.46811032040006
0.895506654505641
0.228836242710195
0.183080647599032
0.408676729025077
1.29111501420522
1.16414208314211
1.25258920828052
2.6506299387877
2.26598593564208
0.81265645200869
0.446998635287619
0.62231389462632
0.641845712754515
0.441832018123223
0.809404340751169
-0.0802364209568691
-0.0204315647440313
0.232988614393586
0.908018005504796
1.21947421503585
1.79776859617266
0.625726596370604
0.712596589714048
0.0496849587785953
-0.0532062101530371
0.74031415021638
1.04110365695861
0.521453627690258
0.920901900272266
1.41961454793731
0.148834862256739
1.65817960050932
1.48270136585719
0.637220669873872
3.2847216685554
0.679666261164044
0.390144442691895
0.593447131753558
0.170822317709589
0.119685119858904
0.675059961656767
0.401383607386727
0.884100963280805
0.293741206900651
1.90741749921005
1.11390625121021
2.54802197148374
2.20971516609439
2.40090449207206
2.64314780385327
3.1323079437026
2.03458669639543
2.35270916452962
3.21535723595404
3.0164427403866
2.39335313869611
2.03748975458494
2.63754527880328
2.01487775292958
2.26222219971126
4.05258825690361
4.64090529878688
1.87864687275927
2.6791724612327
2.1357960626501
4.20818765523781
2.78799188175983
3.45583546980729
2.06667246106588
2.56092297122235
3.1577773928708
3.26295876569547
2.028131246405
2.44093798646261
3.25581466270432
2.61621297359078
2.67188890348088
2.98413618293693
3.9851698622374
2.58079059283862
2.12245272156982
3.89164717989578
2.71706333431934
2.51981223160676
1.53147860433164
2.49153123198136
2.40989991145692
3.50283753994347
3.01741196734461
3.5343392186745
2.02245096683003
2.21166537986793
2.30094322962407
2.30443382468711
3.38014679519994
2.7248348143099
2.39502990642962
2.18350154833262
3.47728648323916
2.01035795744279
3.85214693880986
1.25597836264194
2.83373064578834
2.47426032180463
2.70354991832969
2.862655641257
3.03498778676588
3.38518168195047
3.75916472391304
3.10355053774434
3.74561852371727
3.20854989192579
2.41349752706398
2.21159908246552
2.82067864213434
3.03941524573399
3.20507096354704
3.74406008608264
2.71956608794749
3.21792508642523
1.78032794814648
2.8943690188183
2.53338646446483
3.01736292900743
2.1888893164744
3.04800563736268
2.38166039542587
2.81015381098364
3.18683477710568
3.01852174366209
3.20099842236379
2.88462333182356
2.46804091040674
2.20477838132416
2.80153466139067
1.59161529157783
1.92781076496389
3.48203195425275
3.91120399200086
2.33308205433859
2.19401783272558
1.96555195847436
3.41485570575135
2.54031752032956
3.0372219681186
2.47963896358093
