1.10001559298627
-1.0130417333068
-0.398335910075513
-0.199096982222705
1.89895955854801
1.22179799953817
0.155446648313034
1.25713133771187
0.310900991172614
0.0933887414761874
1.86054435793445
0.759757856523488
0.557039346741607
0.478809852579409
0.772427671431434
1.05502504151663
-1.18015999023677
-0.550565604414097
-1.6682174637919
-0.890842878694816
-0.504195459046118
0.925525487588834
0.193842879212843
0.390226025573079
1.47637871720511
0.806475496668134
-0.372929476054614
0.548542635469704
-1.31170486024686
-0.858300724758901
-0.51410355356528
-1.65427205664568
0.480741406739361
0.282886475520478
-0.32101530603891
-0.591661437260053
0.871189923612733
0.52929686447753
-1.73077755675708
1.83966361026279
0.246752465517514
0.110377255559406
-1.92518544940023
-0.0940380347756732
-0.05434782865891
0.729680399802361
-0.965704429170632
3.14790351664292
1.75355178818001
1.08849803303948
0.180441448012847
0.767327292865254
-0.493639033157879
-0.273687429227092
1.07454408749597
-0.331452354432637
0.708610663615848
-1.56311955461462
-0.208942433030268
2.22057704100941
-1.24775112653119
-1.71758476054083
1.60092026611777
0.748568129342192
0.402958810279049
0.206502619437789
0.842219523572859
-0.885885245943939
0.0213640257393715
-0.612166022117494
0.392594248417757
-0.100786914153882
1.54332172805185
0.695480299198707
0.0446817748699802
-0.47401134516344
-0.232718708309131
-0.376451793798922
-0.351358134579889
-0.561476862381673
-1.59676917828333
0.133725747534488
-0.195891476728254
0.56321492624779
1.79597523814792
-0.956739318173445
0.35725180891541
-0.484536914295541
-0.133631562952861
0.698184613915867
0.458728937092173
-0.301832912966696
1.87585635588749
0.377568229204639
-1.34565289955738
0.81219714743528
-0.13319015566492
1.79330667559174
-0.965305333884178
-1.61533476302595
3.04435327576492
2.58891344794166
2.35415888063791
3.54086568596341
2.4182883808351
0.739109443910668
2.37266430358819
3.55720937162827
0.913809651680378
2.70380610472958
-0.081613972362895
3.9779953457294
3.4448079563364
1.30385468788461
0.469947815666241
1.90318798457314
1.91108523542301
0.721758179134899
2.80293824834965
2.78987094467011
0.742927867138768
1.76788320050473
2.34515097795056
2.1812288433643
2.09523016723146
2.95547383260238
1.42366285844461
1.9565760245085
0.669777734195187
2.61769163882862
2.86485441967185
3.97443508523353
2.86796453107607
2.64230465371707
2.42016508942896
2.83861389476047
2.70436697308566
0.65048306496986
1.77120759992586
2.52731549066347
-0.55503428314406
3.72200910437271
1.13256070571153
2.96140775310975
2.25972644108709
2.63922203315645
2.63623349882526
2.66522430471822
0.958008028689655
1.48754545337259
-1.24512451120486
1.83557528365809
3.43028984212643
2.53910167167935
1.96632147417611
3.95758830652023
2.22781847023056
1.55389437455216
2.57040709943768
2.14914263082146
1.86060838092661
2.98083249687704
1.77851676842691
3.55928477646646
1.59525929145707
1.86923919833743
1.53398868455301
2.54191918651519
2.69943914420254
3.17624939222976
1.44285566318227
-0.10785160961034
4.10292118177298
3.39911890291628
0.222757823010232
3.54538683238504
1.81465946720748
0.447894016454876
2.24386697211157
2.44164142962509
2.33642809106848
0.987716675370838
1.63802685652947
1.50610892353021
2.78309366101447
4.535954148958
0.572297568463631
3.22862166140847
1.17754414094209
2.30425805758884
3.16774617538847
-0.0766804945131732
1.44910341024795
1.8454790073597
2.0448053667349
2.49638022407227
1.4834728286896
2.10594623816707
2.69425613792618
0.94576075713375
