0.301057559488131
0.357311154579296
0.83107757196068
0.0828078521636975
0.113226683812095
0.537323346888369
1.04735233488887
0.411026604493836
-0.150410800361252
0.473533193758676
0.433781028893997
0.0359228230139571
1.03444341626898
0.410699113618069
0.580541915452936
-0.0787987952419639
0.360808208133909
1.08341278735899
0.9360147851514
-0.0144539710268469
0.150149655610988
0.296463272694957
0.850149550073079
0.266784085912752
0.290865320368295
0.20718076971594
0.265631947938355
1.79507357829326
0.27540338806811
-0.0270081082899543
1.98113152965514
0.718000828505493
0.270130267955615
0.274751318105788
0.466646734245324
0.932981950410314
2.23891609968876
0.582533208926227
0.571902738189917
1.02121869234473
-0.223320388295192
0.628551933305178
0.74450565646528
0.154147152606096
-1.34574457091306
0.993942277199682
0.608485120433756
2.12976718009882
0.784722631739438
0.686147416411921
0.511366328112024
0.353340946545784
0.207300154809707
0.729617880022205
0.866909766009336
0.984384600318072
0.931346351540019
1.3769613775644
1.17666477081375
1.64408175623384
1.72979317798819
0.243680087801117
1.54711187740787
0.385694445996761
0.505694650651219
1.1700995268569
0.670593480419215
1.76308560978874
1.085148846646
-0.0685534820262761
-0.478344930148707
0.278359001275423
0.587341505921471
1.06176531866034
-0.206254059516888
0.949998025384873
-0.0758903042817528
1.17361617129327
0.0961896029401495
0.0568649648016434
1.28617999103606
0.477395723981934
1.13356711004546
1.40934343093033
0.239170599676429
1.28503390451109
0.313271174234453
0.694960804867391
-0.245657712100707
0.442527235063667
0.454061462597938
0.774503997518638
0.897170156267559
1.021307090666
0.919361143169641
-0.241320829748995
1.70338591442173
1.39100821979366
0.403977103022377
0.837060338939351
3.84208906500587
1.57342883466464
2.47601509991409
2.80025244898705
3.81765131917337
1.6853931423887
2.67190804161321
2.1008172414129
2.68850949297976
2.25734728947078
2.68416767935506
3.43591053548479
3.47682450712386
3.40812152560664
2.44714057432925
1.98162595461829
3.53756623291245
2.04395595370335
2.13122863914566
2.71737606039465
1.35734441655983
2.54530108880259
4.69384384777027
1.81716011140024
3.08992983089822
3.17046445297839
2.326765460538
2.47201498313634
2.60777290266565
3.01794185620746
2.63730909549292
3.34489407848264
1.86099569513075
1.54054452947314
2.14426271287843
3.03957223371674
3.46172041110774
4.24671639564367
2.81514905895712
3.6437729921424
3.63025569778065
2.09412679041063
1.4920417498525
3.07334075787414
1.45509551523956
2.44305018260548
3.20787949054703
3.43012289016359
2.94891627356935
2.69189927172797
3.5696908318144
2.01599659152703
3.76604961522137
3.99962715667791
3.47511544092427
1.69173762398854
3.32689820699284
1.82036496749517
3.31864701671866
1.94787651460629
2.45185263541333
1.95160145730997
4.81226782082455
2.14441310785302
3.79646602374073
1.99542563855732
3.36978401824688
3.28643487261597
3.08100185199849
3.97329446501866
3.91630961824309
4.16738320129348
2.20772689387469
0.978474549044801
2.2540006613526
3.67570502202905
3.80960286814752
3.2894543879957
2.84981496859845
3.14764370591976
2.6488236199664
1.67693331841853
4.34344124996952
3.17063004631052
3.34301698461388
2.37982245779826
2.7443595909763
2.54208428080131
1.51232199828385
3.30412104875972
3.4521206220546
2.67605959811551
1.56698545337312
2.28826960867027
3.53164326315457
3.25030646112057
2.5060356793599
3.14404877858382
2.93358740072204
2.26967348292901
