-1.61575324491139
0.195981537925949
-0.800036061818111
0.779209601277331
-0.254486639842651
1.21888469482314
0.634540024234192
-0.724554890124897
-0.000491705601041223
0.403486734073059
-0.353505676824091
-1.74928664099979
0.659006724088972
-0.453412175755795
-1.11702084957797
-1.37314218057169
-0.909617874485477
0.230345509188069
-2.005807150816
0.892127262039621
-0.140230786110068
-1.85018370969757
-1.62553085769058
0.726106540591248
-0.715763205850277
1.32575036968791
2.49936089831393
0.57853442218439
1.39977929809667
-1.60829589851021
-0.280652597461607
1.70487480181067
0.918626871947878
0.438097237442711
0.0935643277439401
-1.86998490836873
0.202164057690769
0.025360278683606
-1.83834030241297
-0.455641207130647
-0.422545717790768
2.10590707472532
1.41066151569529
1.10251218088963
1.48558921586856
-0.678663525301036
-1.03885921676881
1.43500638857025
0.961465396448727
-1.24891020621949
0.877540411264864
0.668335942583539
-0.622975707545963
-1.38709851551468
-0.289932555348477
-0.27220731489889
0.779848704661546
-0.72832762764958
2.70144116137778
-0.416293428263183
0.394497200614985
1.58637984644582
-0.415519412949386
0.441883840000481
0.418681113668487
1.02978210911519
0.81657950522507
1.12572601294474
0.237810750153138
0.203612650312579
1.23484898443436
-0.536930831735578
1.96058938392774
1.31572355551108
0.272229364348281
-0.153514071192459
-0.909495200651375
-0.430942072735032
1.30573648994364
0.826353186950026
0.656330141211531
-1.12867438269229
0.919814301378321
0.635052089435579
0.278954905971946
-1.186889815025
0.596046315566156
0.292291777327848
0.249878866626716
-0.440275279511743
0.601792104123897
-1.02981308719149
2.38615044240716
-0.334103399699442
-1.87212054236052
-0.290154384783371
1.45301186018569
0.0193089872900477
-0.0648432687259006
0.145361650104468
1.15988621347882
2.22521705891474
1.94299411000715
0.447482353370017
3.07656659348079
2.34605893621431
1.94729264622066
2.73444297608034
2.92665783465955
2.66969828785208
2.933649326393
0.865721952857495
2.45601123537498
1.18415938883689
2.48029512952518
0.589820722513885
2.37507659519035
2.63745928643092
2.55092343264051
3.53980866623009
1.32930178396011
2.23343456065561
0.79703177137043
1.76568440752021
2.36866203169326
1.76744561898872
2.10782582768583
1.96515728815886
3.49442366033929
1.21102225856667
3.22626963760501
2.21286485058245
3.24069661489054
3.16414631026886
1.81663764182438
0.549524498351705
2.43626722704351
0.59313849027988
1.02554862390722
2.48357323511927
1.5123974586761
0.525839746342689
3.01955973354959
3.45890202084184
2.22931953096645
1.95724347630051
2.95642208034274
2.70155668801044
2.91892905332158
0.896929087268897
1.03115703240664
1.96754243767292
1.92398223137763
1.63025974451946
3.44214365450009
1.71616883774434
1.09563513368927
2.03149320040474
1.77930624232828
1.67208534094269
2.16496925888793
1.33402699761278
4.09169827418216
2.70283933823938
2.80941869543885
1.81330643816637
3.43865986600621
1.11196035566256
2.81120665167437
2.35523264805039
1.99783798447165
1.98767140374666
3.52974701414621
2.99759936351257
3.42532017283875
0.986941077820052
1.62276483068254
3.50539049700446
1.85473826323057
3.94925203664952
2.01337392863874
3.0314067894903
1.34656318255295
1.10147494925087
1.23267807190868
2.72548196494486
1.43323250588151
3.02232900524301
2.2251549763318
1.61252703384233
2.5603842187656
1.83219700795738
2.02704434089442
0.242060585930666
2.51492644043592
1.93219964222186
0.843766823931112
2.15582884636473
0.657783400030704
2.11666288366016
