0.422561652436967
-0.390300549867312
0.759171754761531
0.0254772850063511
0.2045341137522
0.489500163434956
-0.270257683625663
0.0855475904107179
-1.00670858062161
0.648990545559084
0.361094581540571
-0.263021214322845
-0.155104067176486
-0.0757054640819641
-0.864511684425996
1.44600781282557
-1.03246278047341
0.728398375489642
0.421157421248529
-0.715533388109562
-0.200616182631542
0.693182446121746
-0.152817977294254
0.401634260619413
0.365710288848579
0.844572947664479
2.12883046396748
0.380344607011402
0.498660087064463
0.55525183697391
-0.0323668654931022
-0.288160490854653
-1.20445495182541
1.55345324997475
-0.700178487628342
1.47410892466875
-0.322756872009315
-0.0807264928094071
-0.55096126149362
-1.05245322307833
-0.482840786867016
-0.908981895063659
1.14364682668337
-0.887032504700118
1.36027942357125
-1.59453646000026
2.43014169335876
-0.313559520795535
-0.0542991515918693
0.649819199658463
-0.84132067725497
-1.17408502371304
0.299908446306086
0.436902540919016
-0.805228457562949
-0.0542797757735838
-1.11327466292646
0.26959449096056
0.144920090479057
-0.903581110076255
0.877633063326293
-0.556109200679403
-0.810722205045288
-0.667873671184553
0.890992037137642
1.25589668955959
0.101832752149743
0.362599014235541
0.245181948827481
0.56110606486193
-1.8538445586271
0.17912214085026
-0.886959111912069
0.545929359621918
1.05901148719712
0.265094143933735
-1.18030337624444
0.990607444560717
0.528634850692936
-0.923498304878199
-0.307237021301785
1.40671324941127
-0.721639973735605
0.0522189253027514
1.70636348915462
0.516079721002052
-0.100314656872182
1.28621178594704
0.143103189883614
-0.46198141715852
-0.034683194184713
0.295114779147804
0.711154412965055
-1.30295429134976
1.58254293992231
1.4658391966152
-1.92428517295726
-1.01054540196609
0.0375527762340808
0.542227694783224
0.108993669476873
-1.19395381725594
-1.06015210571703
-0.31317160125534
0.00219306708026687
0.475885821745835
-0.527123264961473
-0.263976409586087
-1.91752248034986
0.577841395487567
-0.233453153751907
-0.0182158269424168
-1.84939548529155
1.2009056041591
0.28058313549989
0.0428083606012183
0.459646366536701
-0.481245762430916
0.222765702792622
-1.03517523665362
-1.36898123071878
-0.883322633993758
-0.670754519397155
-1.11589805305116
-1.62124774434202
-0.300965227111792
-0.715585010466935
-0.617524807651164
-0.480021621512775
1.13745313533405
0.0554515932596915
-0.859389251716621
-0.574794300885835
1.46535392654517
-0.0997862094786834
-1.35410472660565
-2.15225545220485
1.6972639479592
0.0948728435623348
-0.717442124273746
-0.422111736959019
-0.488430081972959
-0.00410581033117239
0.953554307895144
-0.0281483652828469
-1.72333934281011
0.354375031083224
-0.586288166289004
-0.26568180450208
0.672002756119415
0.331179019624725
0.271392084980785
-1.15604472280591
-1.29358536731648
1.172941261062
1.95401143311978
0.743630794408865
-0.799412748241473
0.555118921165165
-2.82524800330269
1.09433844621151
0.120871440140323
-0.103935495397983
-0.825548213008621
1.36834939874708
-0.844816740628877
-0.633693113989276
0.599955640846973
0.888483845811939
-0.0721529718980741
-0.00242297652266245
0.0887458530386613
-2.37925011191955
-0.163007213568515
0.705363029024789
0.753974098801878
1.32831832226113
-0.960182917181866
0.1095500436631
0.0147533811070865
0.195173592340032
-0.738508632329921
0.25976650065205
-2.01537891425176
1.04205384628366
-0.582705698239591
1.42510402753779
-1.06381843868256
0.838375307529264
-0.350784336749352
-0.407568005350141
-0.00310281999474726
-1.50958323821429
0.324168295192006
-0.490461822312616
-0.950141488025739
-0.627627541060458
0.811656140105907
0.573255792088249
0.773993586240963
