-0.768542791817789
1.3093932543011
1.19745514405399
-0.786840372761758
-0.958742455537696
-0.371954540316386
0.790575623769693
0.795408929181856
-1.07682798788426
-2.42991192204894
0.922632313206945
-0.477625008280726
0.155633600944129
0.601669072880892
-2.09180384876848
0.771516206815113
-0.936521081941202
-0.100363197786082
-1.50887385119882
-0.621709735133315
-0.0800637965444003
0.0679958633828826
0.0172499395336171
-0.411764085084032
-0.594120382548495
-0.275612708524613
-1.08426153844837
0.0294437672370076
-0.000967558612522191
-1.25617687033152
1.13992252308598
0.00346151731074428
1.1312737035058
-0.703367548058601
0.91508087066902
1.39822011822974
-0.574879835232377
1.01345920931873
-0.921144106250193
0.61258497972636
0.156764317759001
-0.0884836160183934
-1.92050251281842
-0.019837766983403
1.93369526448119
-1.25022353456623
-0.172139934725869
1.23558381338138
0.367697656463551
0.096310474780113
0.589787719150805
0.589267158930636
-1.84723828436346
-0.0385243141783493
0.847115552469363
-0.00727214297740357
-0.318927710308167
0.883493318058108
-1.77686691936571
0.85172225539822
1.19390605884847
0.257143472069818
0.0623715669894332
0.636321476892015
-0.659467782664259
-0.79457621203777
0.278559848459359
0.119478168613977
-0.150546426172264
-0.203893664346306
-0.874283342239462
0.283677605465835
-0.647010050533854
0.0929695576925471
0.911020633480781
-0.879544009310803
-1.1110657274161
-0.271223496266377
-0.0713470512555964
0.962785808019354
-0.885225741846169
-1.28200664742814
1.56245268245864
-0.812083597341848
-1.40527352131837
-0.948483787913792
-2.52534615062003
0.90989365786357
-0.435390102050082
-0.591283437470811
0.934339097171239
-0.776548113675815
-0.718124768731585
-0.494597223107389
-0.225090186562642
0.281781038148935
-0.933427277051386
-0.703099324077292
0.545939762600875
0.0388988348607556
0.582154912307097
-0.53907094869316
-1.09997510385007
1.81919366182609
2.00156172808056
-0.312962595989692
-0.128867831063174
-0.136073543088383
-1.02871490947242
0.854361184555853
-1.30538972002983
0.270264188169061
1.62755220221698
-0.0165334752291494
-1.12180593915054
0.587423630975109
-0.240586346237405
1.37536931996164
1.71799224948937
-0.629803292211487
-0.982735468423278
0.701986627010497
1.27588913548027
0.372097975523454
-0.521317122455337
-1.25255167732123
-0.358499618731943
-0.12290966674241
-1.07972889187145
-0.626018413144237
0.423975677271266
0.854734574865542
-1.37973283636345
-1.16760658058278
1.15829961697007
1.56211413287032
0.384687512100541
1.86554974938529
0.924106499843982
-0.0734156077979679
-0.0809017961288048
-0.842757818675118
-0.285356930147973
0.59266736613057
-0.483344853013437
-1.51950354005364
-0.117843783822162
1.68037260858592
-0.499557940665889
2.49119744152644
-0.844469186573577
-0.120758654916965
-1.73841432362164
-0.984952568351362
-0.913181519608478
-0.227160104964796
0.185029023333042
-0.0792893268932522
1.1990531378098
-2.11877330144948
-0.416408084616566
-0.441853745811316
-0.99113097032565
-0.102082611042964
0.949317317696174
-0.286279011622191
0.511241721633038
1.00049281693354
-1.25904630434276
0.0248939195600395
1.91871462648857
1.05300503098071
0.181764445639218
-1.27659708934649
0.459063135697958
0.702854386913225
-0.0536188872813025
1.42972229707028
1.23472190759786
-0.0263929451690953
-0.97253351651075
-0.257453743097104
-1.20697928083585
1.12547614332479
-0.123162006988062
-0.325925018319394
0.62101480522694
1.31519408689677
0.258200743349971
0.695147556683299
-0.277236352978844
1.12458521624084
1.3763670975444
-0.833696475586502
1.35413812990799
0.525753555927815
1.27673216793161
0.419339455842808
-0.310037556834477
-1.53906290782527
