1.28116484923698
-0.0280110406662697
-0.463922361853342
1.43395162709084
0.111747118837581
1.10274443426573
0.868283365157694
0.706377845623668
0.274230833513052
-0.164098852460663
0.796338725796272
0.685688288135636
1.01426509590567
0.788578508906886
0.508412030409751
0.872014444379183
0.104040055602284
-0.107975104399414
-0.0613104267973617
0.79408823742153
1.29004513921193
0.742786567381008
0.183506909706971
0.554330322181557
-0.772099256285479
0.591593802935845
1.65497127079589
-0.14446280958095
1.52160039009038
1.23289455686713
2.18814502717659
1.56025069143636
1.89640050642761
0.253711589403031
0.461452489677217
1.00748596709975
2.21086600650834
0.881845688970246
0.615880448490597
0.0519132443121186
1.7939874356214
-0.0938391171679005
1.04318823081106
1.03210687631735
0.0964031409036201
2.25809361579966
0.542181180937466
1.35166572165397
0.340679657792053
0.639263114601366
0.290990614062105
0.630348844673829
0.0692149666955008
-0.557224957013469
0.93540228767576
0.708372852230622
0.926611989145492
0.548436376774144
0.143626367395809
1.52542199977859
0.32179627912059
0.255111912121602
1.29020162536601
1.53164047881864
0.799256084524229
1.17592994670481
-0.101833192153478
2.39016241807188
2.53693245897441
-0.0771837046197631
2.05141869778251
1.17720153710793
0.728582710000297
0.983082741383161
2.21337399157654
0.0729354479263803
0.650873179528327
0.400941750950693
0.355474478665866
1.58729434830131
0.25705305052234
0.0723332767818365
0.384005130060795
-0.0133784115575661
0.993950106606521
1.20834671784302
0.434608339399653
0.367061052186625
0.590812105084366
1.08241270379346
0.294381754131537
-0.474265029805011
0.129840229051985
1.5772313241728
0.321199492691295
-0.829128146943195
0.286743732920592
-0.293722885110609
0.00276046922483614
0.607182888741062
1.86573508284538
-0.031010790819158
0.190175974062865
0.492117869991583
1.39488859634389
-0.0425841809776767
0.905222298024373
0.586185983348557
0.849521589336054
-0.418989375395335
1.53790955463823
0.230496504333707
0.540620188648254
1.6097702415893
0.219614778864291
0.807521593448115
0.854756072223395
0.236581067289096
1.77141417336176
0.725680949384722
0.629128177340272
0.391380891985982
0.262754017032862
0.323928595260544
0.925544778460699
-0.611989113222059
0.25208943988474
1.60347414477765
2.114131803552
-0.00876408199206139
-0.0917457615828731
0.851862205139456
0.0727553709253261
1.50053644246595
-0.34449157622229
1.07624241077686
1.33591829766038
1.45319988905294
0.74338560744659
0.410372645746675
0.519085355714792
0.957367800019436
0.105779152770962
1.081328947932
-0.230981058394705
1.4107814642095
0.113150820852401
1.25995684672239
0.542344628301679
1.46196249102622
0.0406773920145774
1.50928409903004
0.399359150112981
0.970006754885186
0.496114642513846
0.541296100504547
0.673929019337925
1.00676027323165
-0.0207535523494981
0.521737286566052
1.90669038932257
1.20654142722369
0.85277604324828
0.165539445614004
1.95877439219846
0.31000980643301
1.07586182092432
0.361580246298331
0.498313599958518
0.480378135640935
0.0908418062523302
-0.18716355197927
-0.239197220818527
2.75134759341912
0.748348146313252
0.605909140222533
1.82809987606549
0.818580259354063
0.878268558228065
-0.490464344022772
1.29069580616918
0.396434030058072
-0.0436488645472398
1.05572180980725
0.0625240931849747
0.308396328033333
0.90759588309693
1.765103564688
0.889917623398136
0.297902249737613
1.04314101616084
0.136596844944827
0.457902268725853
0.181226913199473
0.133972219380921
0.0471291367372577
0.390155404562717
1.43163957396932
0.940571774442601
0.276411498013031
