0.0708723515537456
-0.0838645235548381
0.85863310622303
0.0771826059584164
0.879009776993107
0.168370161660193
0.336968869158822
1.24513228226757
0.146002093447214
0.853936872329934
1.05354499137586
0.840632165746524
0.422295898316179
-0.668735885201205
0.615313754372722
1.78684079745823
2.45776647877321
-0.344192925134644
0.835832054414983
1.1024494291079
1.19274610481352
1.27717254307935
1.48993819058327
1.03659277502248
-0.21189327865631
-0.196396340151268
0.727367377557876
-0.39142069669468
1.16912165098202
0.150445229477002
0.511322796008959
1.24965224890486
0.748922165104149
0.025888567558456
-0.345250949946817
0.962967615804442
0.628149032821243
0.324248182617178
0.240849684064985
-0.232073581934516
0.193763032309136
0.0913804479137588
0.0457650353591444
0.869419844684926
0.405441748062278
1.29397900847861
2.52307611563416
-1.07080925610644
0.464524140153236
0.481995780859014
0.295171545563672
0.716632640488701
0.427970023680525
1.26636977437081
-0.0798180787469937
1.69274759496494
-0.107311471788758
0.703610778601387
0.271521376104559
0.730659341293986
1.74316245627334
-0.148090308056192
0.861244274396921
1.20609437591455
0.563743174149027
1.61978163568438
0.859233023679496
-0.142827701398782
0.738321667776047
0.0480659939732912
1.57402602868567
1.02710542492657
-0.0538091466868074
0.848486720294238
1.3661643479382
1.7314863113691
0.314845628984989
1.27270798474198
0.88010030443305
-0.239812892800037
0.500768220616792
-0.502551801198622
0.64105526185669
0.102756112932071
0.772925759965924
0.194849285244222
-0.548850165282949
1.32989500780491
0.721231859631108
2.54995752277052
0.448317922730552
1.06416188465283
0.502711716722268
1.0935722102934
0.0373371623304509
1.01760729781842
2.2956646362912
-0.139215217675381
0.626213967138105
0.977923688076168
0.248699816911083
1.83401952533183
1.78648148961612
0.548809233701765
1.0873979753729
1.07011757844833
-0.242609490115012
1.58101791742945
1.1596398276729
0.914880778007465
0.547621786240606
0.550436837722926
0.582434879779278
0.655151834727271
0.368544992340848
0.314274384620025
0.167714737588581
1.71779279651313
0.492799163526419
0.687485920516248
0.21465214028836
0.772515126709209
0.323460623238414
0.143445466786414
1.46088026595449
0.983866215675097
0.389274521499911
0.972839220199528
0.25124645314086
0.291033626841736
-1.31983651168239
0.597952353641791
0.195657873900189
0.915485012634095
1.02061660874273
0.381509289326976
0.794038675217634
-0.139737844114615
1.0599570987321
-0.433735265158448
0.845699012599634
1.25811246407954
1.21322652447692
1.50342635278851
0.208051734007506
0.523613936565602
1.0928204308047
-0.0233684515944959
0.523790658426436
0.751358694746223
-0.158554091124186
1.18452929295542
1.31140754134879
1.20693800117992
0.544409590201885
0.434686582815078
0.975704280621472
1.05016997310692
0.0951933046090775
0.0603796578073983
-0.437820239461305
0.0483392171820921
0.0965582156958163
0.565553553121135
0.625910413643462
0.358702418492174
0.438213982694935
0.125790615665003
0.295467547700472
1.03504694504135
1.01844109353423
1.00914980776429
0.219966937556048
-0.120297074410347
1.28479097873702
-0.0114770740608284
-0.451799425447578
-0.0748935857705163
0.755135681868699
0.32109592753402
0.520327626567618
0.742314172680044
0.072743710665772
-0.283157556733017
1.0712189205296
0.618609763575949
0.417375383917777
1.81152702415345
1.10609219569416
0.232097341663121
0.278672679444213
1.03609527789605
1.22036775951457
1.05104622398424
0.529218581961795
1.84272343623451
0.66754728618276
-0.419024474600562
0.302971713534889
0.540717266746203
