0.629010546337429
-0.498752662130243
-0.559624618833907
1.47852457653889
-0.560614793459975
1.62991726197382
-0.387699305456753
1.73265353768799
-0.585219079704298
-0.352988276861058
-1.07696635687225
0.502191895164555
-0.295812046273241
0.289337995240674
0.2517331800536
-1.19420007646436
-2.12217060238704
0.680864575947778
2.00743739796497
0.021743595070161
-1.0879181077459
1.12122306430113
0.988555641348553
-1.17560385403926
0.0625987532809863
1.14370305562541
0.704588158292731
0.572655573423504
1.51362428721359
-0.23930841896827
-0.694950562975075
0.075468570105182
-0.686071664389778
-0.665101127161298
0.640447185365073
-0.381655215550685
-0.122913335188016
1.19089003044095
0.341975965331259
-2.46793357334688
-0.961885289872319
0.00333086918640226
-0.515677109207316
-0.197185835100835
0.474019469929701
-0.365486945074639
-1.04898492257231
0.900082627671516
0.618262382606306
-1.0273684003978
-0.820255863552558
1.42666852504693
0.18320868592617
-0.739980986887667
-1.60731962987142
0.11578447621217
-0.494979857433918
1.27260880886254
-0.283466441376854
0.0100787106667592
-0.452062498693597
0.72205257615132
-0.90131113808262
-1.34991852170877
0.692093789592666
-0.590830732656852
-0.251995696739905
-0.0226176726286389
0.808281677699865
-0.310282845325559
0.909638535335653
0.619689588813971
1.09372709440608
-0.34301488123956
-0.707396967617932
1.52422303392858
0.952686697404236
1.51233248912751
-0.72093613230677
-1.01890951804214
0.24453155743415
0.507269751874603
0.67901429265746
-0.167997675902443
0.346118497922151
0.115151057510446
-0.477797765761056
-1.78997372969168
-0.688205521239024
-1.53881747664589
0.36642025759185
1.29465556837336
-0.751586638483817
0.368056622246516
-0.296832966808084
-1.56371095260381
0.105619518442112
0.776354628771449
0.529068994530076
1.4167238316719
4.08930894229369
1.7877169192363
3.93082742977286
3.00408016054826
0.92069823049004
3.88840730080259
2.05228195558672
2.59319280028645
1.71449033012514
2.73014309258353
2.86822386783273
2.62028387626916
1.9164676172149
2.34593725144045
1.49201777721212
2.53412825309196
1.50535044629415
1.22913543858933
0.769465561602116
1.0915176754587
2.13535245787479
1.60481006527133
0.7892841792481
3.19158946442832
-0.469167269382935
4.57117353013306
1.78528519392242
0.739190103299767
1.67591961878153
1.28438006936709
3.16252685907501
1.9182878576249
3.4214823356869
2.7858945055599
1.70637546671543
1.62314201809798
2.28893427716996
1.73684599576998
2.73765668207573
2.65614498055544
4.07868640656289
1.31383305408255
2.09599891642062
1.1872417766533
2.89696738361131
3.8868885950613
1.1371598732894
4.71694713275999
2.86008061094479
1.84988664010121
-0.642082402180333
2.70048006360844
2.45980161507964
1.70151891035387
1.11197249114285
1.35575303752097
1.1836685421339
3.35158257215052
2.93896627207781
0.954386289677564
2.1909873971828
2.18706360649541
2.24933136064407
1.56529588191945
1.56677825883717
1.61538769850575
1.65677208951233
2.72516694342121
3.39916336511416
2.3254888920055
2.27364347695
1.28763744650049
1.24767493448848
0.821053997743184
1.49925500672176
3.78763653987053
2.76449962193058
1.04388845479295
1.88773265898158
0.4082085589724
3.15037759541757
2.39071758720703
0.926370114800484
2.96718392632557
1.76331881564215
0.726226166143546
3.67419856796806
3.07124829157224
2.748773703872
2.2848599438324
1.03916879666553
2.87547553562424
3.17454966167278
3.21136059840461
1.84634667144199
2.97074448426633
3.10930869705039
2.01827600502253
2.14769201195307
1.35814586462381
