2.91391993702774
1.39116683531308
1.30054280427072
-0.133881057924755
0.998753052570511
0.117339615288414
0.552411339308099
0.234707973637558
0.297982143056607
0.439555540124072
0.630110594189135
0.262264111368599
-0.368660430235211
0.873730989707759
0.513611674491881
-0.508365043717804
0.689040603017952
0.378943518054661
-0.621703736342497
-0.599458238146784
1.85122873011722
1.43986188950672
1.35165368580529
0.321742040907187
1.17088951408943
0.387850098826638
1.62770483275723
0.595934552348516
0.667114902048677
1.64960756010941
1.93437184401434
0.490165602105687
1.59214511166415
0.393195072587395
0.00838514063173923
-0.218180280471419
1.85247507455097
0.5242159479401
-0.0786159169463379
-0.345583654668005
0.287942311378647
0.193545469986379
0.464419740210652
0.782081435780889
0.600087931925137
1.04424710259463
1.06501621397456
2.12865406854021
1.10975000363399
0.165969786488138
0.723251454862108
0.744160395658207
0.908518963596008
0.46632166516271
0.3782200056103
0.469510959384472
0.905880614767697
1.16333868885956
1.42627495709999
0.488900867608342
-0.244134471247154
1.3275906524888
0.656828140952655
1.31898362596492
1.1643043882731
0.262964665136922
0.58067089223358
-0.119414816077904
0.14542085552071
0.0220464056508091
1.02166531035509
2.45564978135447
0.365761571679279
-0.131347623723059
0.319068556950341
1.29759467723562
0.738411594996823
0.838404281876994
0.550505112568748
0.53845414540222
1.98006761029673
0.260796945639505
0.996316321713894
1.26755505143481
1.04029913047764
1.04096218976653
0.824244550600313
0.344466709235295
0.635650246660845
-0.166109741849336
0.737561576177168
1.27308612429558
0.711799191929582
0.48226037869663
0.816450845272797
1.18380374155146
2.39954001923235
-0.606000672575064
1.16626153630559
0.632939215063386
2.89952217721912
2.12046039348265
1.44295026752002
2.02410351827213
2.39948395279266
2.79440201726156
2.41092398213179
1.98963631773945
2.54152101349826
2.7069977772266
3.36463951522661
1.76701138868616
2.27954850385044
3.24423261908033
2.82072003785927
3.10485157025591
1.62680465265849
3.7449272686342
1.96700835053502
3.39197789814925
2.68765274648384
2.89817142607942
2.32122611982172
3.07604503601788
3.6201608370214
3.1542702246166
2.78252760636051
3.43805870765167
2.41985257205365
2.14058314642356
3.1604963893441
2.06997105038398
2.1301530165416
3.19995843949211
2.70343140495913
1.58811155400967
1.96331911415591
2.92556314077624
3.41017460725895
1.76676923434623
3.18165210930959
1.55594272485128
2.38157090904092
3.59384495744709
1.956142061443
1.61888795374993
2.07351321662356
3.09486424956779
2.18366919483264
2.72682742097608
2.33844819205516
2.14207627151992
3.21310590617627
1.9783805004159
2.5358836395592
2.76569184650497
1.74343629075514
3.54090827351551
2.47566246124877
3.52163534180039
2.88836487851256
3.28228281235255
2.05472636636055
1.46399894320087
2.24821152372716
2.79602439578508
2.67931754309658
1.16717614546432
2.0323070000718
3.25510861752116
1.43029644365429
2.63373035221281
2.40269038768521
1.85538229208819
2.76238474032134
1.6680049992253
1.39172962192285
2.90027284725717
2.44902610697098
3.97683130295928
2.78106211998426
3.2799949371017
2.18303836281734
3.10565468376718
3.18478567791342
4.14364178742674
3.3538675590176
3.48101772021712
1.39182486903421
3.1034996975952
2.97655655290986
1.66190246974464
3.07923535003414
3.33779463270288
2.83208963711513
2.28318929495354
2.37869573111172
2.13941884056949
2.16617224684272
2.01936789827287
