-0.140409699238537
-0.637242741020572
1.07784796104404
-0.619833585276446
-1.85270634627846
0.354664293541282
0.449454885207192
-0.511778284474654
0.313850677399383
0.96775569813938
0.193374759116819
-0.787432061507672
-0.954993194710653
-0.387801741264962
1.14633108493786
-0.667479485802685
0.693687717452094
-2.07846929899501
0.952224626865593
-0.00262356848078155
-1.05625166997281
-0.687348534512857
1.08299961730989
0.0151481485265363
0.633800204272385
0.134142914717909
0.658000120931666
0.0631753396568357
-1.07043680014796
-1.33378841270379
0.151118765798626
-0.880420202483537
1.18070826193379
-1.35724538743636
0.538490225399414
1.56261622544419
-0.546808518644477
0.816069948055158
-0.695785255994719
-0.0184033938272535
1.10152479208437
-0.446997173777798
-0.798675581526906
-0.012867671598106
-0.0285692255008312
-0.72698817519788
-0.567409865861325
-0.17100331358295
-0.224754486430245
-0.590359501869593
0.177859163345356
0.485244473714895
0.165405191287619
0.962251493583708
0.699152241394395
-0.590679583140722
-0.0664322738349442
0.781516727224775
0.171112667586283
0.350005062388074
0.916773204490771
1.06347936990969
-2.3499772930382
1.80011759896866
0.734442318604293
0.167320976166302
0.122519961226399
-0.148400835350227
-0.303031692063606
-1.24369043391697
0.515324321234385
1.39761447643638
1.57993870966356
-1.86710053969192
-0.462488268395115
-0.749758701610971
-1.40618580223378
0.083166092874683
-0.0192737758503601
1.55635827892867
-1.47448055949233
-0.0400282901101827
0.388866130499991
1.88347775342606
0.365453819150649
0.795321251468272
0.849669886297873
-0.779944463300508
-1.64100263784091
1.20384343151549
-0.61199151413829
-0.0510075398831098
0.437507327793653
-0.98450116070479
1.27471814864127
-0.0487267664718959
-0.789016953684557
-0.337074036571986
0.737613275401107
0.616764266426358
2.03877179065587
3.96150999502357
2.61059206208859
1.73052803309863
1.84021800279923
1.76102385014947
1.44608724197298
2.61977482960816
1.43522750526955
1.0656333489846
0.209764457162531
2.0367408070029
1.98277060386904
1.22124778633108
1.97594953339008
2.77496930062529
2.99063848482372
3.07220798663591
3.44396079711209
2.79882873454525
1.03712250060826
0.395803686076408
1.32410910499751
3.39209575304826
1.55184943863232
2.52726593270717
3.51114513901638
2.53483041426024
2.72139361982897
3.1885485559319
1.75968447049367
1.63366871000778
0.686328203412698
-0.0904676417978849
3.68080514910987
1.1008968811709
1.68020749704468
2.12070674013167
-0.948982082618829
1.90221791789441
1.61055177337885
1.58263079960323
2.80836683402345
3.2767982404794
1.58832658995548
2.13906701842782
2.99952305572501
1.57575790751454
2.50980279140599
2.98749309336888
2.12784940214443
2.05523133697617
1.61770953706269
0.0786666385831252
1.85410964256385
1.64668158470744
2.04604806065735
2.23810886800049
2.70741686830185
2.34152829954111
0.0449952618454415
3.24503153181777
1.82681378797819
1.56040188903897
1.48195549346656
1.5303323346092
2.0714850133109
1.9938261624147
1.90525667751234
0.715223684365894
-0.408249828621657
1.97381570080382
1.75412403378421
0.954495272309886
3.29589028629659
2.26424371612995
1.35768827140573
2.120844018761
3.56676660706417
1.4915605279134
2.54361787127491
2.04739777543529
2.17455828106987
2.69343269608205
1.99342328453076
1.65922064320137
1.25136299539442
1.25960694708103
1.77455098074441
1.61644509710394
2.68347146965582
3.17426020958716
2.2136657236651
0.973666119319654
1.63674001534152
3.32678308856207
2.33901143995051
2.07322231261594
2.71677093061108
1.75229280876062
