-0.331564962021151
1.85707448978849
1.42170845354699
-0.163966819245096
1.28178092780365
2.43627030458184
1.27549283696829
-0.284695834494568
-0.867518314456715
0.777158347707542
0.192618996767779
-0.596748754714835
-0.0931856052904445
0.321933519438709
-0.0290123145910203
-1.0375503011824
-1.08027997310679
-0.613763249174233
0.481504540651873
0.66693707939918
-0.329501438327252
0.418628978792837
1.19645352640578
-0.404281810388677
-2.53843717265011
-1.35795888500989
2.509957124465
-0.202475071531506
0.14284548538941
-1.07992755122338
-0.690599506296449
-1.65623678037677
0.887272110472117
-1.7014756183678
-0.827462051315627
-1.04714786154889
-1.12349431728632
-0.156721662939752
0.57954595338843
0.686454646467106
0.323333943251936
-0.465235214241368
0.312714839776506
-1.30149755963457
-0.288874909811159
1.24265432298063
1.03521070826817
-1.71998504076071
-0.364174959001784
-1.45623657469975
0.159942680221599
-0.00487292035135609
-0.403706942845957
1.91003924524274
0.174162345357287
-1.49772221033825
1.53365093374361
-0.91493349170744
-1.72980326453614
-0.378652111934452
0.858511396155847
1.69692428621165
0.119299877969485
-0.999228817629868
1.69862692612373
-0.588993143701031
-1.65632101734854
0.777401290548302
-0.360016674343
-0.209705417025264
-1.28501186792469
-1.01391283613302
-0.517381861444109
-1.2811857345592
1.2398579538423
0.227189039916473
-0.672675709580485
-0.536407114332325
-0.111575674918679
0.231374022335666
1.39143542765966
1.46006709763727
-0.692225600520854
0.251890849826283
0.553807323108819
-1.52497758391288
0.0602692025479178
2.03664680197913
-0.591709051297218
-0.591835746988936
0.155832893587689
0.173434448632136
1.02941469268299
-2.30776121707847
0.261168738636204
1.13883906134347
-1.29616989768293
-0.110280708137246
0.578413563006655
-0.392549040880362
2.76280325594892
1.7438943504578
5.06137357001568
1.94076200651611
2.09721268574812
1.41995147176031
1.41990518379198
1.61938929852646
0.972732704271102
2.81786269037247
2.05582037831997
1.24742257664962
2.20655131330989
3.50293248128753
1.90292128629509
3.28035594432673
0.477576558464009
0.666640147229671
2.42117837955623
1.63767664418518
2.6731808080151
1.09498141997116
1.68886969570231
2.23830460417182
2.09177514712361
2.18307892951549
1.79773193588645
2.96540189343648
0.985912264978826
2.63898848546743
4.07775466523882
2.10706483073788
1.77968880465017
1.04183091303605
2.55648771055121
2.16012396314947
1.00221252734752
1.98482995806402
2.19754148807928
2.62940847827646
2.62825247681408
-0.130879296106201
2.67065394194997
1.08740220263062
3.13580050216876
1.42003308314766
2.45544629775655
3.84524433220837
0.960597069282856
1.44619493003078
0.971998000790227
2.93618186679001
2.03830312084508
1.57374908319432
1.05778238640572
-1.11912444954896
2.26734472240738
2.60311976485965
1.14806177840042
3.48170151970201
1.97633776140926
2.16086366747841
3.85382727003478
2.05829622104745
2.50331187060396
1.54431858927717
0.633561197673317
0.815595358728833
1.16043164230967
2.19671943998427
1.26484164750759
1.59367198115509
0.987698055445154
2.70397548360476
2.973878287708
2.13037653138673
2.02007104950229
1.03887627546442
1.3023482843677
-0.520708097492553
3.9678665056844
1.83429723642926
4.88219542609377
1.76418998536438
0.923956496475803
1.49307433941894
3.77034622214683
0.674253806370989
1.68606063957365
1.9882812824987
1.73688850837688
0.70201101585039
1.84763559093487
2.5914015709311
4.35164747697537
1.30166818977883
0.00400730194686361
0.769058528233447
0.931721464286957
1.78990079509659
