2.1374109094035
0.148683360026962
-2.21335063743709
0.912825089267194
-1.08155512197495
1.56710737074917
1.05549042498178
1.77877485235066
1.6360532294707
-0.294599580000678
-1.40648670338371
-0.613701050926315
0.409625588868641
1.97001731730771
0.0950058334855488
0.797826779925648
-0.275922014979741
-1.40543921905479
-0.346205197945419
-0.699014414143898
0.917353382867891
1.48498154020835
0.610039541351471
0.171452934710896
0.754638072343954
-0.853572355048733
1.29732940993565
0.67698683251416
0.865148507192606
-0.524992948317776
-1.50372630413904
0.220591774256802
-1.23185117745697
-1.43611682700826
-0.786693727004461
0.40153927935178
-0.687196393562431
-0.4235719234116
-0.881325654889509
0.902100536575212
0.842542739406024
1.08316089575754
0.425295536544921
1.33022936070993
-0.28410464858683
-0.74381981790613
-0.347984737339211
0.526257579491161
2.4261509966682
1.01295509810192
-0.742539012517927
-0.99331402682728
-0.164378940430559
-0.676517253132767
-0.731321403538117
-0.203048768931188
-0.305662382656913
-0.0731835065893328
1.0192472964521
-1.09209977573488
-0.358317378937872
0.00176388152283785
0.405227057137517
-0.519254772573258
0.762471272758256
-0.0888965790774426
0.973645724704053
0.106630662251501
0.53554094411443
-0.835553305186289
0.0405759596382238
-0.518839551775502
-0.488887480118628
0.499538718503958
-1.01668639606343
0.988042444199434
0.392057992935672
-0.315567773510843
1.3139303334121
-0.267663111645663
-0.479391775970748
-0.141817974776958
0.794625855142755
-2.67053179013061
-0.0388911714150312
0.0260060636214581
0.442864009206888
0.653266478783331
0.806277400596436
-0.0164521393150909
-0.396527179960741
0.188268075118592
-0.205561516837177
0.859330492578275
-0.368444366618384
1.65787767911085
-0.640960728890094
-0.0475276109207219
-0.261053084406646
-1.1807473046543
2.35609076923856
3.49698065056135
1.58109114535602
2.01547676692114
3.18900879913534
2.10589760957828
3.07488519839364
2.00753887919142
3.3064033624457
2.44145110853992
1.67567324978861
0.741485953678675
0.544870732717214
1.12552982465989
2.19678683952138
2.49515981551902
3.35884673380473
1.56270119427746
0.547133691377574
2.70359795213393
3.41253091483266
2.81913258799118
3.76817318312965
2.40982204787748
3.15638268500378
2.76708223774884
2.75659413373601
2.83953312550291
1.77060093768161
2.30164080336597
1.48562085107512
2.16664603838537
0.914585161506784
2.7790012055342
1.79105460753308
3.18088591300448
1.8758043077009
3.22192251080565
0.280364726693901
1.81500797432696
2.68722484535752
2.02228346759069
3.68039169559012
3.22368664070819
3.29483985074238
3.07630290227299
0.61129463718241
1.12774863279843
0.943468863509633
3.83847351586694
3.18016571639272
1.38486884317334
2.71728110916883
3.35499772726709
1.31169222844915
2.04321210608165
1.02233483153377
0.325920892409665
2.22573676981618
1.17345037709773
3.29061405233483
2.49733629908631
2.02848215453371
2.28988059622878
3.17535768022336
3.26200589359096
1.9903777951457
1.97588385602142
4.57241563259314
0.237881131497284
1.18502747114066
2.42841432403418
3.91353586030083
3.39303549439029
1.08554539936178
1.70934759574056
0.153424746362903
2.59413784141601
2.53063922865675
3.72731656385597
2.88316583860592
2.72647356744582
1.16290607054762
2.07926801565125
3.32647750411886
1.40635005029396
2.44840554074895
1.30387583489799
3.83860761727614
2.34279181982205
2.56664586128737
2.61574963707817
1.74862618870609
2.02040225413223
3.23210244462464
2.48231923077184
4.40767576937733
1.17462063268582
3.5881480674389
2.26946047037644
