0.0558060727735349
-0.300208928885329
0.0955590196699301
0.0322235090225958
-0.101700918717953
0.319538934311597
-1.22815909394583
1.26237995380139
0.0244537768230285
0.842679774910628
0.00492264257380566
-1.4552394816628
0.288138916270298
-0.783235198681098
-0.332433912224362
1.07272116079083
0.169918138063227
0.270780735347828
-2.39609487289975
-0.846479044891482
-0.401604100078573
0.887546945060725
0.543606791533406
-0.110732355293001
-0.547203738451208
-1.96771358149397
0.685971803621556
1.71964752984991
-0.767289457054955
0.475341074868831
-0.824769502569414
0.00848394568538251
-1.17029711436174
0.0734706347725115
-0.3631658843414
0.0640159759805357
-0.352874091436702
1.50352122605241
-0.285488593301727
-0.488354292047168
-1.58950873600629
-1.04769252476067
0.758607379991338
1.08860125287439
1.09400322721681
0.413989120236149
-0.647531155092149
-0.769619574253687
-0.248348252097936
0.158600739989445
-1.14176043074821
0.12622752203802
-1.06501004098792
2.48816695316733
0.0371799867805668
0.229275254876796
0.927580715350345
2.10360568008965
-0.428162292138817
2.64375897523643
2.16291385351485
-0.654560756080423
-0.472951895050775
0.999489302483129
0.368276474890798
-0.684801431872149
-1.37136186700194
1.65266905900794
2.02161334059962
0.261860773022891
0.894490824450173
-0.297172924278485
0.733658822588125
0.989425064956547
-0.109752319801186
-0.335635673881401
1.95445323846047
-1.31912234891201
0.374147862796695
0.105775237054607
-0.905193414398253
0.364482950486752
0.772453791795197
0.235135728718203
1.67677218601308
1.96733818384486
0.55665678444216
-0.06438713821679
-0.154568523044361
2.93665128515354
-1.99905794536387
1.15310037221547
0.0762698280399306
0.546304137656263
0.428011884311174
1.18126442679532
0.241971296483635
-1.05952542681953
2.03487322771513
0.201877646140897
