-1.69099325846501
-0.485231475937572
-0.169838820003139
0.730711455661999
0.128343321968263
1.17819588619575
0.169459267435691
-0.357108159037983
0.474919054213106
0.380312549882681
-0.627344372749536
-2.15742244156665
0.883863087804817
2.58839100765643
0.0438535801030912
0.251036506267872
0.480002794766546
-0.0302920009697199
1.26989591015933
-0.199347203411737
-1.68608963273108
2.3846718117724
1.55658719091241
0.949565666643567
0.259539091946062
-0.0398041394091117
-0.833319769608768
-0.0897620357448833
-1.49692962898355
-0.0592332539783479
-0.296924260184022
-0.145954281811721
-1.4645355486706
-1.08337414035175
0.468352354962038
-0.953561388346318
-1.53122692760033
-0.878667880240576
-0.795737236929178
-0.557364661806906
-0.533033687390317
-0.179278389312239
0.573431205909606
1.0442699019503
0.550784962510723
1.27366457983611
0.438804941664197
0.560757515777432
-1.39738170485677
0.943291070212275
0.431306581617503
1.24728078869213
-0.00263469798684136
2.74918923242951
-0.748983568651092
-0.558041683561281
-1.58636701067578
0.583810425399083
-1.25064220560537
0.275138523356225
-0.35139441672705
1.2271337547068
1.18529573900833
0.399461223474594
1.4927467895763
0.402683885472043
-1.52577376421333
-0.0978160576559598
-1.57099595833824
0.54372278522604
-1.15635150062818
0.421354117771918
-0.239668228649309
-0.943690796453463
0.515475129209298
-0.0550151031874392
-0.942699658697574
-1.1482314703876
-0.595445115477678
-1.72165867345914
0.114078461835882
0.927943749408054
0.0415878812764406
0.214712153794439
-0.265139184538416
0.24300791113534
-1.01086269249229
-0.105543618112576
-0.647494867237848
1.07421243945817
-0.194834791009734
-0.880487138872505
-0.446078083455895
1.15595485753332
0.830732416200038
-1.11531122249179
0.502210190360996
0.851056179323354
-1.28773435101102
-1.11139529469424
-0.0962575056659202
-1.09570722522514
-0.10390509686434
0.349069760374356
-0.0397540481021067
-0.0503627854546341
0.997116639013028
0.207560456614812
-1.08851155333029
0.811979250264674
-0.311750546839455
1.69031429844774
-0.914935566334082
-0.301206863444933
-0.360843278366026
0.980914059880865
-0.568065956958415
-0.737071144966463
-1.25990056613734
2.95877134869195
-0.0555497974829302
-1.77674583804559
0.223237634790761
0.0217354907876888
0.259265141182557
-0.465810552232183
-0.13065149681686
0.557472019130444
-0.446527966793651
-0.695876313706945
1.17078454279878
-1.1265827548577
1.99429913545358
-1.0909907332261
-0.591956768266364
0.152745749394363
-0.384095380804331
1.91176382500617
0.375006156923802
-0.237791463392966
0.0573315653590564
-0.271402218560923
0.179092115453022
-1.71288550678761
0.39361425996557
-0.173425587400328
-1.09298544864499
1.06281140729604
0.447690533787736
-0.069317455086972
-0.303066442142561
1.25637475907328
-1.80414821384896
2.78887706047325
0.0706146600065168
-0.894033174414248
1.02063107692995
-0.242533410763626
-2.56856694669464
-0.262745970597631
-0.355469077378055
-0.315161831455247
-1.00830911801491
1.08247808170527
-0.303385648229034
-1.50848575397454
0.175545656776877
0.526150454824124
-1.01207366985243
0.915106867554
0.161284655373349
-0.19385387003334
-0.73744926029003
0.261479783345333
0.452337296339281
0.861102503441248
0.099919280571176
-0.75602617113217
-1.00492915697998
0.6679272231244
-0.732918423250019
0.022264727479258
0.797724855310715
1.78500195436105
0.35565342086221
0.0700241236666201
1.17544833233701
-0.702379796714853
2.23934965491072
-0.594175597938947
0.36988656469885
-1.27068847523514
0.324962914829129
-1.72696556719888
-0.406358101820377
0.450916221152035
1.21912696801103
0.603182033747508
-1.7713903403354
-0.290220754654426
