0.232757744822548
-0.451477243464462
-1.17366669802804
0.588108855831036
0.585853872367707
-1.00423182836533
-0.136198630240564
0.626837968790926
-0.650324280442486
-0.362330235352482
-0.0379504626559574
1.76396990505873
-0.621067999606625
-0.837543863176043
-0.376451753648062
0.0401055769408997
-0.676521917031329
-1.24306525059982
-0.0632101221572967
1.28079223025883
0.999097009515246
-0.842182614929081
0.45762385065983
-0.0656997593083255
-0.543796394251073
0.531420765105168
0.148233147931649
0.00369368122149637
0.800106867816207
-1.06798291510173
-0.0264786760664911
3.22505974291614
-0.399042426233757
-0.511986856015585
-0.695918689988849
-0.01021527482465
-0.642246506868717
-1.01385109624848
0.8703788917267
0.583211910626926
0.468148849973895
0.643745911335655
1.35486110281295
0.312914915469594
0.772612837647722
0.883395783005558
-0.566938642813883
1.17061680046039
0.716241607676435
-0.114343071955286
-0.0143649382627325
-1.04338780512017
0.701423240150243
1.4199474014642
0.25905648500361
-0.126275823266322
1.1891419446762
-1.46040002205853
-0.506522617483056
1.39351539140971
0.624877568109933
0.687731465422411
-0.244812439567974
0.440014559580567
-0.749795901115755
-2.45255850679487
-0.970617751273887
-1.37973904697511
1.20930570127193
0.219886756585812
-1.12338449307028
-1.08367251588893
-1.83368708147827
0.779563245050515
0.849253023700033
1.06729676326154
-0.322707216015571
-1.40696696305489
-0.00903605381570424
0.419884549673124
-0.433974358269843
0.871890042521832
-1.16417902907685
1.56062468199262
-1.41572092699872
0.701872350351997
0.265100630650265
-0.666408098178967
1.8657186426742
-0.94150344021479
0.650976629926102
-0.543898399048306
-0.326225302935922
-0.42696669690853
0.187114263241671
0.748690119429655
-0.337780088069207
0.779079965446721
-0.809726361799841
-0.955178100022993
1.19813358665145
1.29019563862532
0.32924463963599
-0.675055560753851
1.39146215234764
1.04971954513888
0.518463565171043
0.816803697889417
0.306417424823771
0.961881831959813
0.607771363694406
0.680032255150468
-0.85915706149418
0.804462528413836
-1.03308303356128
1.38675725136235
0.654046460833238
-0.435604059436743
-1.61600453329127
-0.302064021249863
1.15823858855249
0.321750658880692
0.59453665563206
-1.39420031435631
-0.855790619965351
1.47717718663035
-0.11775937552378
-0.889806275278049
-1.20910462575804
0.613352938850074
-0.980496922087644
0.199992531855746
1.35826062458722
-0.200688783692414
-0.373567726693967
-0.338681809397544
-0.819634877283664
0.215910917862857
-0.576211797365274
1.11185382492849
-0.533829121409331
-1.10878134430845
0.888328725414851
0.966126090723302
-0.72007032008946
-0.453412814547627
0.285675519033742
0.359621572232765
0.384846567117004
-0.62559152192093
-0.0996134756794371
0.338999541412408
0.383907173027648
-0.332387862477257
0.372199365745273
0.246850989795308
-0.0316704966276237
-0.769368665778775
-0.631423921271415
-1.8440725624086
0.720806606606286
0.691695409569073
-1.43362482070938
-0.499485793136807
-1.56394610264472
0.708037931685924
1.2175209451391
0.55806809852485
-0.350960722618162
-0.16039754007891
-0.190967570207711
0.00386643485003288
0.926882593121613
0.0499579383569886
-0.447041761204767
-0.362231076146299
0.845706954146013
0.869967422065745
-0.319650716921737
-0.956848704143829
-0.122088523538815
-0.44838773447606
-0.979934206841862
-0.696240307221467
0.366421404804774
-0.254633138376815
1.39780408484972
0.0436767037646362
-2.90495264242592
0.690713752421248
-1.99687090263703
0.352793532989775
-0.98943564596721
0.781385874375829
-0.889423466824605
-0.844290580777913
1.15884989514279
0.202886183328652
-1.01254623310178
-1.20037255805584
