0.871362482983506
-0.191509013989629
0.938660236810318
1.48210445371511
-0.0213726310722017
0.687217758710815
1.20934167467409
1.50354599558227
1.61645754546451
0.769292810216088
0.831686804932838
0.317717132253721
0.390652434323763
0.52664526509781
1.01480163344521
0.263429992855027
1.21227823579168
0.61900381734474
0.33374890773466
0.691211643997728
0.181207852714848
0.336986901987593
1.41752474974212
1.14297695986811
-0.141573964672985
-0.130604316337846
1.59876897792867
0.776642045881787
0.417798064720321
0.978104874489946
2.41721520869864
0.716098675714647
1.65588431103715
1.19631269279479
0.00927545916966183
0.626642159405982
0.515862483454964
-0.574491465676242
-0.182113222973503
0.400327884024049
0.685400268563975
0.602342919285373
1.38166088177773
0.0820850011847233
0.41770847808154
0.963434255329646
0.158375104670335
0.613945513255442
2.30862234381636
-0.0951023149884352
0.789688239160603
1.34690298051422
1.09771774292779
0.957193682873724
0.787464106115398
0.828337683038254
0.033060285274559
0.374907625311035
0.999766087618093
0.662351675061887
-0.644575938531289
0.569417664429385
1.21514269400726
0.504905745522554
1.54925445972162
-0.78579035309012
0.0446745446066477
2.14700319010806
0.378594259368154
1.2943628320437
-0.339707749288772
0.333281087608433
0.262564735506113
0.252852336028038
-0.145821888140184
0.549588959262929
0.752294457001979
0.690297891709189
1.81264411418341
0.577603928568664
0.0410317306536352
1.079855002018
1.25337599921804
1.76078058047081
0.605336935030702
1.13087655113143
-0.0400476168426318
0.299662303143876
0.168497810605225
-0.001503117170902
0.528638221737803
1.40370200196028
0.655739956713876
1.38830313455629
2.67703722135897
0.382189070138319
2.56800770174039
1.16119964794024
-0.882420331646064
0.851142690063971
2.89239466210551
1.34747619388165
2.33197730127923
3.87585517375797
1.98505266111083
2.43950764207448
2.71999600445068
3.3862661500874
2.27658681272123
2.65347899348501
2.46232109031321
2.93170612283175
2.85953356554963
3.24911323445404
2.51631099679722
3.00812406723188
2.46686717903448
2.4378768584105
3.05772733496978
3.00471967249796
2.15326241082307
2.45019082008963
3.17281154431876
1.8698557460611
3.93749714894669
2.29012906946372
2.69767209292145
2.67170050178136
2.98461501954878
2.95926240032686
3.78720075546537
2.89548468125035
2.64834992975775
3.15789123976571
2.6810006494553
3.59236651530526
2.30470252302264
3.12055855525845
2.13733649340701
2.8624273225999
1.91768640135503
1.55010410465018
2.55616004120136
4.1255067211258
2.93110763424194
2.62883171818666
2.6728554847315
2.60183878445578
1.86841479403897
2.43570754895196
2.54834893712231
2.74138792657167
2.50642719216534
3.42216249059161
1.33036943495946
2.29261143133936
1.87575372771217
2.53832867155913
2.56157247117137
2.59152390307952
2.67037783897484
3.03730839041976
3.2464600424598
2.06057000846633
2.23206670928396
2.63461872976566
3.13415040758607
3.3285048052313
2.06737116610149
3.23555552964233
2.95525950001271
4.46686543247363
3.56522901020962
4.44833084724574
3.31600577793049
2.26281489249107
3.0737059983178
3.51176984462877
2.71631891772926
1.7571365645317
3.9114035459657
2.57855195253495
3.28733252445722
2.80767426885555
2.61688037633761
3.76213557805112
3.04275294510521
3.1935681830849
2.40350356543496
3.42322440648043
2.45651687281156
2.66222689129542
2.03757079005063
2.24080329149345
2.84585821870726
3.4147681514027
2.42203363269058
2.43435147903951
5.68760277094455
2.87827289575165
