0.163681193950048
-0.218004232218018
0.666750310475921
0.365618891533999
-0.909892200743203
1.74115123058011
1.09742651013004
0.45267405301904
0.394554310121118
0.0741628556482776
0.289931773783829
1.9057436389776
0.0850250609163054
0.423267108582262
1.2570697303963
0.0994065302143257
0.238547689866799
1.06224909336718
0.465612261439281
0.102708138455523
1.14039524994747
0.603908795884255
0.498576883346909
1.2527666520615
0.316522266060316
0.172293565080454
-0.797335209661542
0.384059219942069
1.05248736576652
-0.0753061063579517
0.711921160548845
0.416833176024958
0.495910627797419
0.976351416051225
0.566764163506259
0.225647280919895
-0.303296844794461
1.83264268624005
1.08157154936734
0.793253513172307
1.33536006374224
0.251047184622368
0.0695331645669024
1.78835168236902
0.297788319396429
2.04969206607085
0.479313176399094
0.0836631357739303
0.366589564006013
1.19599389166589
0.871541276096406
1.01632500509019
0.518826804462921
0.425247031623077
0.25721861812119
0.0665440420254552
1.09995108045376
0.329198480820548
0.535281809696326
0.416367338423836
-0.175812836228705
0.224283863667813
-0.425108480815002
1.80080002614183
0.0497283715941436
1.26772369562408
1.22967813845443
0.508908797929311
0.739219628964291
1.33105887365647
0.313357657351334
0.580687878710633
0.674964436233658
1.18315208062789
-0.256535292888389
0.891445595290206
1.41463594353426
0.539206639096259
-0.0304691635842653
0.426042788900073
1.47332530497549
0.267062910718179
1.87446521775672
0.276380478349786
0.501597746216174
0.569619292218634
-0.12157127355106
0.238470296105475
-0.179042867483676
1.55975668834376
0.387364845726109
1.1683715129284
0.526330623881565
-0.179942077263107
1.01928197877082
1.03281644268525
1.22597161329448
-0.037678519192124
1.23280041840248
0.45903551753941
0.250705433105564
0.565537127524489
0.443773677911025
0.0202222124946966
1.34385597751548
0.712230250056886
0.758192184106072
1.25751884383939
0.779912845122513
1.1747646114586
0.417517238387622
1.27520409999002
3.06009758144591
-0.123290237123138
0.548270610606518
0.523869509542712
0.844160110714922
1.57476361981484
1.11880966800017
0.928257070709942
-0.262196583721397
0.579264445390546
0.751523276694805
0.850392803210104
1.03751894693315
1.06051894974958
0.757801221651747
0.185420580747727
2.13342961978189
0.431638489129732
1.21392020353693
0.483801157571472
0.387062727370291
0.51577879625805
2.68454554517663
1.62782309954412
0.967410697051627
1.28787309161052
0.31590470518924
1.21280012538935
-0.483271563911581
0.412389285735951
0.791140576371787
0.415783962670527
0.907758150623881
1.69328497383931
0.827632431538522
-0.0721792502270449
-0.318488166778474
1.43657703566474
0.320099510526149
2.77807688684996
1.46380908828024
0.351897142114848
1.77384874706818
0.319229927778206
0.435961340476568
0.549300211777144
2.14728758896796
1.20299932779006
1.50939054735912
1.52006348358048
1.4968568205141
0.61513618429544
-0.0161233873829459
0.578790020160297
0.76785806486982
0.398784261180448
-0.370775732276478
-0.14938825781642
0.582121383575368
1.62769649912887
0.241820143457667
-0.00607402960232295
0.090212492067023
0.203137380945742
0.650063967573761
1.11350539738709
-0.148127825181768
1.46157203700446
0.699549839887038
1.25277578325315
0.342500949396331
0.964632397120649
0.820074881193215
2.09959588545335
0.866892608844895
0.839853502869477
1.38503173489184
1.21109570536227
1.01969639321577
0.717757369854955
0.689451163171783
0.657458699378707
0.710098227187102
0.802495327142775
1.21781914568397
1.64770211049354
0.317975509621131
0.378567858196968
