1.33256070764544
0.300633581630472
1.70263613279851
-0.370306550466674
0.539743533536386
-0.125821882802664
1.16928934499285
0.420488398545014
0.643823641729586
0.95255043104512
0.462833049879999
2.15386622337137
0.73151435296028
0.302313543472083
0.198212571753583
1.86094843589171
0.509002223927459
1.96919657998959
0.322561021813468
1.47730010218608
-0.392761373172793
1.86826511964963
0.879395970202857
0.350728848721813
0.552926013582994
1.13688747192666
0.433367304987218
1.34928239201214
0.830208516573459
1.22516587654277
0.742284847729637
1.53875104704253
0.164301504322696
0.828954825404696
-0.0613222937668238
0.765877447725648
1.65952019250175
0.421199589893084
0.425354301334989
2.11841525618575
0.716252008515348
0.0776069989114087
1.16261913500431
0.669404454277421
-0.442884706670892
0.527660119146718
0.602362607414546
0.359987135909127
-0.403664447892155
0.398835942290257
0.731015563300073
0.561759420607368
0.0947638970639749
1.06538290470045
1.93586056961947
1.17130000962256
0.505200973682792
0.440118930985748
0.21747829531934
0.993379288732719
1.07820495326417
1.61778675136914
0.130817034282033
1.64458491199645
0.93767257474584
-0.207381208361417
1.16604596454778
0.26473173285387
0.671294479161804
0.374665937482219
1.42420335741791
1.29882890268391
1.75062535615299
1.35654371592142
-0.45007881907067
0.98326047989378
-0.323510417043961
1.78958260978299
1.71536500073477
0.366595766296723
0.455888234759587
0.237606715522985
1.26521630578099
0.594237678713322
0.870331576918123
0.212476657253912
1.14047337053678
0.705588596795359
1.53500215813359
0.292737285485403
0.288089840929116
0.589580746853416
0.571886629565774
0.126107870561713
0.574205903275892
0.865878345496247
1.74424235509948
1.61352941708394
-0.144755588900771
0.59588178374809
0.735146450438744
0.530357692553181
1.52963415590542
1.97493643665162
0.139052931549789
0.827654494390199
1.2844326595496
1.59731250328913
0.558901758249204
0.520336704059391
1.39044751370327
2.06191441440878
2.24646738936999
0.497296594874826
0.339124371591235
0.665789159786311
-0.441682330419926
0.138566979448331
0.816558436130386
0.0706143412319268
0.158651454035425
0.117108931870408
0.245786882310554
0.920564807121198
2.33154019901641
0.753523326773876
2.05928628350729
0.228722337258121
0.818929299458546
2.3149167130991
0.0391752884383056
2.4501067451695
0.575461811983279
0.736269247730534
-0.511310882785829
0.485174390353295
0.279092575589206
0.316971256860802
1.04871740025632
0.731658582317337
0.0482486844839025
1.53142975299569
0.414089007273374
-0.379831509363357
1.01116302097121
-0.0518007629250849
1.23909004484107
1.01836569160251
0.780652814108089
1.3947948642487
0.450358116905385
-0.0260202092051088
2.0386777992562
0.467103214489286
0.684696645451838
1.09164739200071
0.0542852936787336
0.364561891373878
1.53343149563399
1.16833752488152
1.32977582383461
2.67668009869608
-0.541049087425645
1.04084420821003
0.329889371843028
0.620657390309262
0.908288252274111
0.431478661227816
0.718236432285823
-0.136169557023805
0.658982742930902
0.573110245298156
0.260459744229149
0.633254550028434
1.03665630584051
0.320275308607813
0.890996507631802
1.57933778615381
0.572126281190541
1.60100153841274
-0.525997004269187
0.348169090291581
0.00549899811975074
1.00784314212119
0.998755881706213
1.18073332462029
1.39062010966277
1.61813834524075
0.151102376729808
1.17545854004477
1.93250240342595
0.439000886389795
1.27130219652281
0.939983644261507
0.363830398154778
0.224292342741206
1.09568518009617
0.551598985023406
0.707729617368522
0.390202425386092
