-0.238892630764135
-0.553208719336007
1.16823911475771
-0.00495838486393352
0.413474739165262
0.472059834273083
0.121275797237311
-0.323837006927274
0.61889707447245
0.735400209683004
1.37049620572049
1.09499896904716
2.12563073350512
0.410763912612589
0.0630653401164565
-0.902625778387092
2.29290023299646
-0.812820748431088
0.694319998695527
1.55765283357647
-0.193981549359227
1.34337058104819
1.18511354085847
0.406005783102386
0.523296344889557
0.104720223114937
0.557519275850974
1.72496165773934
0.293031444000572
-0.688350876831948
0.474894732607442
1.50717539014818
2.11068523117123
1.44146029669297
0.535173377227417
1.45337162751969
0.285927482864799
0.482029510896325
0.0640945197779816
0.967225591406666
1.12514627836448
0.510374533514099
1.95028658094497
2.00217029543162
0.81664494486794
1.76251854936267
0.496938760592618
0.841231764485623
-0.018819688355519
1.47981220392405
1.73632362435293
0.996011968294788
0.73211437845914
4.08147880627897
0.855778635081731
1.86872222596115
2.23054876551245
0.801775756227664
1.02723976159125
0.413041363458014
0.38261540984699
0.695022208873543
1.49995795590014
0.45395548939595
1.03990947104377
1.44256928863178
0.74018808373302
2.43849825367164
0.790872012331177
0.982329288776843
2.07569454266164
0.89763444499047
1.51770964310226
0.846765967540752
1.44302192154585
1.76238846332408
2.05476451825137
1.61753199575077
1.71455288739302
1.50535594409856
1.23546856780354
2.19912404133296
1.21800383840256
1.69498493253036
1.14989286618349
1.13827010243493
0.744822066424576
1.72536479805051
0.751060497625211
1.78055853345331
1.20358446010228
1.18732182358607
1.82101106851001
1.62235045553586
1.25925681759853
0.865473049631487
1.01517601262649
1.05958649686696
0.704738378143093
2.61146627601243
1.46097458527917
0.717582513850889
0.582014764666732
2.48052261632421
3.4831738942812
0.67508635216203
1.92727652853395
2.43948422069312
0.684552855664816
1.68872561710293
0.216790131623486
0.609944937587957
2.61677886838047
1.08446468603484
0.210881657735177
1.44167908562478
0.756152187565635
1.5557131996017
0.868537588946987
1.71781922117128
0.717778549601468
1.32069706003909
0.442895231159399
0.716636473506513
0.325810045895168
1.66128641044996
1.5450361319465
0.841775435206673
1.03737309413153
1.18724264202052
0.947075958218011
0.442244628652569
0.496612232362449
1.38146484285414
1.38636402842569
0.36694088670354
0.574028567477765
1.78258099652751
0.696272990421663
0.646214152528012
2.92921988541442
0.128351846870088
1.82159503013559
1.7821994524604
1.41816947659589
0.524092031190191
1.68315209625588
1.21056995361306
0.82226324161319
0.993861795984755
