0.933219188728589
-2.43656164490049
-1.25178279978812
-0.819221590780031
1.07095834011677
0.0624992479841932
-0.730583796910258
-0.219036722181089
-1.05144745472342
1.01750161407024
-0.10996141741828
0.502051376141885
-0.618996362859501
0.651606615904436
-0.675760521172187
1.28527114466389
2.41092336838328
0.730486886194361
-0.419599294959555
0.391528338782561
1.09009818565033
0.421920731082679
-0.814536435044081
1.25055850644384
-0.0247338965853031
0.149939553509543
0.0116931251154202
-0.616945947534599
-2.21197743958034
0.397297191728382
0.804374781978258
0.885623430441963
-0.401095401998041
-0.494042496017177
0.340060083453357
1.05623247418277
-1.32945404814213
0.772362067026248
-0.151082797809431
0.690797693935
-0.639623382093565
2.03427267126891
-1.18712028752247
0.12693825834552
-0.720503675826102
0.801934066459095
1.08752691926258
2.03938785368049
-1.89844011453024
0.157604328050646
1.01591048020605
0.571663700774951
-1.81751000579571
-0.655547053907363
-0.215951926624508
0.0964238936787292
0.241096086121102
0.28548213889489
1.76547358334573
-0.419841324820197
-1.79973033192036
-1.4369803381948
-1.24279803874925
1.92563160911092
1.90697972856622
0.0575269586835797
-0.206885039177916
-1.81909702004126
-1.94090153825922
-1.07625253624421
-0.938651384512283
1.51130901100358
0.149980183862922
-0.029092914167744
1.97191640605659
-0.517248370153514
-1.45673202088564
0.152173634042746
0.295248460547993
-0.0304572291873779
-0.349344136888821
-0.947466348693897
-0.42385825673071
0.998099285219402
-1.91059641479201
-0.267539717150287
-1.2530657484749
1.56310850909807
-0.865976236191531
-1.66373996073124
0.322912829128266
1.15164398786802
-0.242421273775975
-0.954248396276468
0.539435182987638
1.36793493157884
-1.2546258421163
1.22427517098386
1.42637299930997
0.628449857843589
1.03635737499287
-0.847925042307235
1.00276070668133
0.767353458583262
0.631140591246021
-0.539998028292733
3.05205844286484
0.586390430150083
-1.04413525133604
-0.166149040589415
1.54771837824088
1.40334884548615
0.114499027530436
0.247289200732814
-1.58458031958996
-0.149625756727983
1.00173784904855
0.096389558008835
-1.05209780574159
-1.80219893746846
0.571603022155924
1.1027088267289
1.10157238973206
-0.475829289578439
1.46503342976185
-1.22789324166242
2.67108074594535
1.95038364589199
-0.8866356221133
0.286899557315353
-0.853388886203985
0.338739745219128
-0.289563076383838
0.646290682865073
1.69153271607186
0.0888364577293164
-0.342014794212221
-0.788910071062073
1.39418430733029
0.0588165987934742
-0.225532225865263
-1.09113621160941
-1.0023783087293
-1.63308558169869
-0.0697236908698765
1.43543246797229
0.674058584245684
-1.5882392992758
0.447723989726384
1.4691717904562
0.372306721684491
1.07451480041753
0.318532580942151
-1.49683312178493
-1.24264285580732
-1.69437528050558
1.23202122197498
-1.82433946001352
-1.84970229035659
-0.120009068418301
0.218713124015613
1.13195821348013
-0.30693939518062
0.111827586450082
-0.259229299939234
0.0999131671485219
0.891374978446852
-0.657841094669156
0.178214719421983
0.839121296731037
-0.121560967291299
-0.801285073738466
1.15378286936908
0.875485990595868
0.699891496815502
-0.76623088627993
0.103173457121878
0.267085074421182
-0.383217389815011
-1.559304435963
0.886255275794722
2.81095994127161
0.100473207291134
0.027494852344755
0.542596953706805
-1.20701997276235
-1.16219528760799
-0.577355397799656
-0.714212916251672
0.541039398748384
0.494562693685029
0.87366002741076
-0.346443987582074
-0.998123818948643
0.282116975099038
-1.02660328647933
2.31683651386865
-0.585149600344251
-1.85214904815825
0.326270752747903
