1.00218449335557
0.188875091259012
0.131833493379671
-2.30819138263778
2.12705810052844
-1.3014084824595
-1.73349959878626
0.706926833027807
-1.72233864713952
-1.19478686811914
-0.0609967341877935
-0.0234122781394328
0.755004570322444
-0.634448657214385
-2.26456784912733
-0.642965613707773
-0.0088873863516963
0.754591753646704
-1.03832726936348
1.98635023770205
-0.988296238318641
-0.10290892371272
-0.58825081144434
0.545455748805571
0.0160372725701341
-1.67917752428267
0.180150637892052
-0.620496133864586
-1.37946103000762
1.65364359274199
1.41035419805215
-2.39878730017034
0.72589532230415
-0.75494280862021
-0.0702149737097387
0.615875079269177
1.21225638848267
-1.08031990136652
-0.313142958528749
-1.74415682038803
0.596365147594996
1.46131175617947
1.46437244310601
0.435782411923046
0.294310957033113
-1.32485045551456
-2.27834431852282
0.815542033633028
-1.60635136212315
-1.64904870125646
0.564847084408505
1.14265840690418
-0.881513828444906
1.6051355096174
1.05482630202027
1.21036306456156
0.820714027948962
0.742421723238373
-0.387748007212926
-0.667382180989722
2.46978933180072
1.17711987246407
0.46509527617024
-1.56961495954599
-0.999317521664864
1.22923908452249
0.0636139574396347
-0.907840142751456
0.626505917984791
1.2917533629824
-0.665729523286728
-0.599446391004931
0.267270067858028
-0.0280157440950418
0.0554173243487665
0.186954053298392
-1.04570448157543
-0.732839261265291
-0.483945120334333
1.57833523041956
0.512063158397975
1.47035893003716
-0.401341868444758
-0.951116053609534
0.0391084077475222
0.900601178022104
0.336649569373753
0.246662085967808
-0.936088436367622
1.61314148885494
0.894192733107175
-0.262574267376201
0.232939215452369
-0.133411396382638
1.19891606001268
-0.331902937740321
0.546311022420576
0.531514056681615
0.0702840325218025
-2.36336708157419
