1.58440305982873
1.09329927265734
2.35995450225591
1.37483924337995
1.14388053374189
-0.110953488926083
0.611587611224708
-0.101269677508691
-0.836942293428836
1.53005406758357
1.13891332545556
0.185274775621193
-0.089040194210035
0.103012585773889
0.590094595322239
1.38237313047169
0.398658016779115
1.4712521037219
-0.922371140239037
1.38885041932889
1.58002689554155
0.285207532446209
0.911316014721903
0.732807605775319
0.47029724866373
0.664309245249838
-0.721451155442933
0.731146876854848
-0.277449670709447
1.39572343042644
1.00454308323009
0.654771248311072
1.94764132552244
0.594197089257436
1.82297813179982
2.60964199630398
-0.148684066963222
0.495979930426073
0.106262234639573
0.611167543673734
0.9114524938725
-0.519711946881019
1.14236501517454
2.1542371228503
0.237197088542395
0.45813408744197
0.902279460499773
0.194198511687099
0.672037090522381
0.687618255093135
0.288916865872841
0.925306860570433
0.150960443724239
0.868452095855559
0.613343215057388
0.289453117263015
0.526636642113302
-0.0919103166887581
-0.67250379900821
0.640798267063342
1.00055471239891
0.667945992988856
0.916648257685822
0.565800390648045
1.02271378596179
0.300147776021836
0.965454465535958
1.52783927942251
0.545795151449256
0.490457932205944
0.585082074289193
0.228807896709839
1.18506237883414
2.38405699664034
1.2314477886336
0.66844250205952
0.182401271167338
0.603062203952208
1.21813192692485
1.12785591274138
0.0303433917913106
1.22001027334215
0.397712400079151
0.215045261046251
0.963862705633802
0.757472944507133
1.88437202880623
1.04854187391222
1.08613759634042
-0.0721644590555392
1.24896256697249
1.23994156470968
2.03709182734659
0.0633584268084146
0.57581844095776
0.548831160954941
0.876981096372058
0.47733508409497
1.69562453818128
0.445398855386285
2.04979196026894
1.1317246175347
0.282982691861463
0.367094131801273
-0.527944347894878
-0.124529440155997
2.04871258950568
0.523146887889625
0.78294568761731
1.11998718765339
0.985591297097314
1.39719699957985
0.169234167456895
0.421155921542198
-0.0906726583266905
0.811379057169337
-0.0358461035966101
0.555708602864217
-0.134185490972823
1.73847257409379
-0.154730094041188
1.74279919953712
-0.0675238307448554
0.0326993702798714
1.50451176800544
0.155147280060584
1.93508773430441
-0.624538376857452
1.91748574203113
0.442769877356983
-0.334573136319825
0.935393455691288
0.308846789356832
-0.24283143964413
1.4935720867328
1.58597276774825
0.907796939183103
0.0560800872343118
1.08439571518273
0.0734031099332547
1.23265352641947
1.26837100456279
-0.255469691552985
1.24941759286537
-0.0673930211338563
1.32376900628881
1.13050945347591
0.268403429488516
0.352874728322182
1.36558304370195
-0.788459332745839
1.44657337963908
1.35262440883124
-0.0749629825008379
0.480579339104146
0.024221547756645
0.780692663213612
1.2814449872743
1.04528155650827
0.235554306104396
0.519748663848259
0.652647765327122
-0.180754114870244
1.21646185391256
0.720674877680676
0.0635230538056778
0.112663340432378
2.13845967120846
1.55682298430331
0.893118267086194
-0.201681466823567
2.24020677608336
0.079951278626662
1.90768217688218
1.37024672808056
0.0674656501033665
1.29942279955998
1.38906842677888
0.346642244242144
0.469735325462423
0.914682120861299
-0.806497100224236
0.319283350482981
1.4680615473357
1.15291122059792
1.18759185870774
1.23893365387109
1.27891616508664
-0.330574221856566
0.314197265042144
0.79742357261036
1.8109421212038
0.302394065597187
0.513015220830312
0.482567648744102
0.893552614183527
0.933716067799248
2.35174095372985
1.2888517381611
-0.00862880970192864
