0.675423179400517
-1.25906638085807
0.91888883065447
-0.628967689759504
0.760672453634301
1.75777832945172
2.35646247745918
0.423972971377563
1.21841833259203
0.828074607713092
2.42953677073714
1.65672687779599
0.282963924730039
1.15344899955219
1.71570246066306
-0.626972944068292
-1.98383259521842
-0.00752998841887521
1.29150174575453
-0.12025455487665
0.744308854006612
1.31125591908259
2.40649788091173
0.186872719644093
1.11650140196177
0.112230350720885
-0.310380012261939
0.391539986123313
0.610121348380333
-0.432528617095247
1.0396658988751
0.734397736773524
0.932822904575437
0.518989341409952
0.677938935255064
0.713866318863712
-0.264865084650014
-1.02809786964498
0.168146644885039
0.898050812066737
0.359498764999733
0.482558601333041
0.691662357288363
-0.31409259905508
2.18135060604029
1.01422114203558
-1.03784320932262
-1.04101296126188
0.884670786809901
-0.320221720254574
-1.83316664066021
-0.313048188381697
2.82568066776262
0.730096253196563
0.788356964343608
1.47053115345585
0.057294912147587
0.607224402241741
-0.425199238340776
0.251825364761375
-0.0353066096131541
-0.665095827285401
2.74375660299741
-0.445505111300183
0.0556752195992375
0.505216919251301
1.54810610182317
-0.33752621463636
-0.555719283054916
-0.679155651687624
0.753821274360033
0.3463124417886
-0.186810618449899
-0.0262976489464179
0.714165867073792
0.429921131666091
1.54924600071747
0.0278676817509439
-0.382952494805141
0.0405862900812343
1.91975655931815
-1.3843813960767
1.62060496177191
0.883290255241724
-0.567926455450466
1.5010795344829
-1.3226143021346
0.288650975512198
-0.618201874701317
0.675723020345258
-0.0507649385981698
-0.29273889641329
-0.374558301609634
1.13824663042896
-0.662202826883454
0.175741164373233
0.990432783433272
0.0839710573292507
0.344934229687346
0.0772595774608399
1.81208310917201
3.08448834834708
2.22543763202978
2.14698302419063
2.46767582867925
0.533538010337053
1.31307694215504
1.05286836342678
0.442914104805081
1.85097862377565
2.61789469816467
1.10087652574979
3.15391182763899
3.48455766799815
1.15378508848463
2.89118062872884
3.15616269812053
1.37039634089021
2.88749088567447
1.03544080525878
4.09718161765016
1.50902738723342
3.29418952371239
1.66075504999011
2.01723159470733
3.43952121760409
1.54378302623017
3.05286464327392
3.02217765249161
3.21082561087751
2.60839663813141
0.897888804386107
1.94995097947359
1.21188729413503
2.67799150047855
1.41795253596019
1.69046800644408
2.82671126332068
0.235213437737557
0.691045957262176
0.266183885986669
2.73440164871624
0.952135223487818
1.79512613285986
2.63506839421557
1.78824677809644
1.84353644563418
2.51900756169938
2.76877752022546
2.59974462531346
2.0621711679186
0.0141282207540745
3.28059760469874
3.32238508155728
1.55900592555053
2.02255413387197
-0.12831736142386
2.14071454148598
2.39164289569867
1.26075125081307
3.47207826837124
1.82538404114645
3.4782299701141
4.06428238505794
0.346052348161651
3.52454611888344
3.99276095658183
1.30409328575686
2.86281684327017
0.955472911915703
2.10120453606424
0.775987293285392
-0.564867654253649
2.94884760791422
2.12052145223631
3.1963373346562
0.811465748552062
-0.962862965689578
2.65228192102972
1.19366356751297
3.24497511240541
2.61927802113239
0.433881182541542
1.08912291111978
2.0663809589887
1.33529385040768
2.32051869762684
2.04201702314556
2.32585434230917
2.14399268533539
0.663080500572989
2.25853815287427
1.17022770727893
1.00511766584136
0.873012006584762
1.46052677011371
1.99341935225894
1.33134404738303
0.534375634268853
1.70375138658384
