0.390224860385446
0.651919215292058
0.424783149480078
0.270599244482295
-0.0663264780806397
-0.0417167191302316
-1.14038052854686
0.672208629294878
-0.785259245220352
0.604669791145005
0.641276930872709
1.21416350579659
-0.803816849282396
1.0090713949456
1.21830882290598
1.87780862942196
-0.725409446508305
1.57379995572588
0.245503420753145
0.120809049266687
0.905554543326876
0.280626584503702
1.29352889378335
1.11674693045871
-0.511287220885904
-1.12489460413178
-0.139854764489307
0.80487227864151
-0.543549531049877
0.645980220789758
1.18929554739301
0.473392771146379
-0.232560324247817
0.11401386588263
1.17588272838688
-0.845607993353836
1.87459980255633
0.0398075275289125
1.46940976758639
-0.582754236495402
-1.34337549746828
0.613406323012146
0.493914591206741
1.84273728322392
-0.612021414846332
0.236375920741702
0.450258595349426
-1.74386346179333
0.905064787788058
-0.129463658572978
-0.125012084580677
0.550000984763388
0.0175404471607798
2.50855883131056
-1.64820016378686
-1.18485993167883
2.76017989953799
-0.331279317789176
1.63908010504215
0.168656248916931
-0.441866963254683
1.11187159263473
0.500027333173235
-0.0122752490299405
0.567557116062607
-0.121397355310944
1.680902364164
-2.09491836166218
-0.679601695322479
-0.409679444085374
-0.135859964197944
0.173436452261867
0.661985547725532
-0.576407533101547
-0.817582655730545
1.17169314155384
-1.42784744234843
0.693683418778536
-0.872961056693959
-0.327399996688667
-1.34912211018045
-1.232736054252
-0.433366597242565
1.24591605943555
-0.700886535474949
-0.672351257194626
1.49286871551289
-0.164391065402898
-0.640006606505067
1.18685383027109
0.20135001041786
-0.408901644246982
1.23956405702492
0.413688681172833
-1.53259987107027
-1.39791415156183
0.164601295275662
-1.1206640579509
-0.700986184631743
0.165899352073109
0.768917612990707
2.3897679480099
2.37590178478261
1.44224955848636
1.40238662141211
1.74395936274562
3.34126500126656
1.65056589354385
1.72443827941468
3.86534880702897
2.00459655960782
2.01135807933423
1.36577087689287
1.17622968249639
0.136286759276083
3.15771534333956
2.34675861606002
1.78315020970155
2.75798364887376
2.8086340419483
0.909349674261235
3.08415445912596
2.58019989431907
2.36747025459825
2.7683806377888
2.12397066073596
1.68414079547868
2.51080562272304
2.30204886620677
1.47013789903204
2.54072173298324
0.22934240767617
1.27802721015597
3.69116887822031
2.54552281877281
1.45641234376038
1.58775372675381
2.52659833704241
2.41387839746932
2.56491683970825
2.70203031653389
1.96537116140422
0.0406327993456341
1.35036593099337
-0.0746259097459983
1.22028611969224
4.45604673988552
3.90768116611352
2.62777405321632
0.675611321527129
-0.665200748680221
1.7378606219377
1.80479414577315
0.852038183455099
3.31712029903309
2.88574469666258
3.96460364313205
3.73143686274829
1.75219160730536
3.36216840878334
1.93079925208308
2.74540661986256
2.4594165067956
1.92964151166951
1.86774070977094
1.8655191225139
3.21739616006904
2.61598376365715
4.11809481692635
1.94573832183616
1.80028305338166
1.88681890266299
2.4366235895557
3.58194918155848
2.37425987952825
0.980101211300089
2.82609944476111
1.29176293213817
1.23729764280277
4.87290702812676
0.502765710224746
-0.0885822515900574
2.66974618102484
0.478206527354724
2.16660071087209
1.72595985998874
1.5684711589451
3.69337088577034
3.82377489698097
2.21255871693694
1.23718253434557
1.77918290980947
2.10455815888535
1.88285971912255
1.55847737607958
0.937222307603771
3.50180830532637
2.4311775546467
1.34196003658615
3.23681137731121
