-1.77913129883602
1.01660452421269
0.282773357993424
0.433170908394228
-1.11665709946239
0.562327105724936
-1.5475722777262
0.708211303834056
1.46032752406618
0.0664254960345696
0.694570417750367
-0.950331836257353
2.02113769808545
0.937957365509143
2.08152835579791
-0.387978132815194
0.399975886955833
-1.23052219553469
-0.427900828891941
-0.541784115286021
0.567854219345787
-1.43345660862978
-0.315531789981473
-0.245555000626062
1.1804237125563
0.292085214032931
-1.75663882727076
0.119760144559896
2.08227301718349
-0.530840977509818
0.71116429776949
1.0515915498904
-0.434413792769861
-0.132331039161273
-0.795106799424338
1.3561122006296
-0.882676073615801
0.332080663200813
-0.00403256929968972
-0.201084718797866
-0.0179402435816967
-0.892051594211015
-1.91339570090874
-1.12254988597527
0.975008232242082
-0.309818918800256
-1.62006040087316
0.340518617062043
-0.493859151977005
0.284276070602152
0.895500509804223
0.798157645488172
1.178056457225
0.931118128613281
0.929329624506233
0.156344907697834
1.28515636630856
0.467706773460104
1.75920269760898
-0.770109133458921
-0.197555541252067
-1.35969203078317
-0.0105735365786542
1.64139463916839
-0.192164383753677
-0.960501995589802
-1.17876868895407
-0.92306218747513
0.718745428358525
-0.117359576695663
1.37369031855464
1.8815051741994
-2.00784115659234
0.832448955009313
0.284267807423523
-0.317738914877699
0.0513616543538023
-0.625673666433188
0.280927670737513
0.429264631360755
0.826323240508531
0.173846932436584
1.04365588527703
0.120160007542921
-0.764678460632152
-0.643675262453658
-0.529991137136072
-2.19450109324542
1.71298324966016
-0.167804742516133
0.550414949895204
1.17969402636426
-0.204480422692707
0.213764579366134
-0.449657521581716
-1.04141345232521
-0.390076101699475
-1.51192903618274
1.75238996106177
2.25726863128954
0.848355125483146
3.23700232417267
1.69220877451297
2.32486479168303
2.2006898468591
1.75408453518181
1.22521626383754
2.22461162196616
2.97499786385307
2.58365301444583
0.663216182589543
2.14713974303585
2.57730311125412
0.953251649456775
2.10324245913503
0.927392884032331
0.663897517598896
3.29876250391846
1.41840776123238
1.88181021280377
2.91599546893493
0.291362486564709
0.480412234680248
3.72648175276719
1.12489740240018
3.30998276255103
1.99572063779088
1.91294866162421
3.33645964757164
0.926499108335567
1.58354355686332
1.62483176135933
2.5683161260607
4.29276508394416
2.95468768117994
4.33330600690223
2.38760488229468
3.03481506446928
0.189627980343567
3.47732969991697
0.881095568399886
2.6887954000964
2.89995664885099
4.07361663134674
1.47451878770621
0.442067632698805
2.86185829889191
2.83059970343623
0.943374230877225
3.77148684130918
4.7337871318059
2.69227851729903
1.1178268390806
2.88249263768911
1.51982490328716
2.00891832724354
2.49018063660635
2.64642075156355
3.00428945723628
2.25536629917486
3.73513117569424
-0.261963341965473
2.7533213663621
0.943327005627673
2.21163747609023
2.76692970950782
3.12332913813004
3.54732248805546
2.05345509335927
0.391690658020043
2.83159402674722
2.46938044978727
3.89398432291233
-0.143459702037734
1.89718117935207
3.41341310707148
1.01169536568889
2.46071501002822
1.14332125934525
2.59347190102676
1.39837369822191
1.19945964084469
3.00300871316632
3.22406402698293
1.42103340446785
2.67483313525692
1.59218706927889
1.36214027738735
0.924336248804993
3.09760205094444
1.55916687963409
1.75412977445707
3.52167628712538
0.982435164935672
3.2032697079123
1.85281502694439
1.14033526738481
1.22949579903154
2.32836439217994
0.839002006309555
