0.875745695502045
-0.16946267423056
0.496271300588575
0.702791606268109
0.77296324403924
0.755479989433427
0.781419955194101
0.596963762427367
1.39664032150681
0.61936575622633
1.11190312105382
0.488882899257364
0.443405364856204
1.6079475164184
0.370737096176276
0.674368305647902
0.91010482456998
1.11947635855197
0.148697797492649
0.610392056483843
0.432267022911576
0.222338542639977
0.336940300295961
2.31588179270897
0.471422495496065
1.145037091282
0.895581506249829
2.2375819003314
0.995970683645805
-0.382418451180409
0.324169480701764
1.00524249811639
0.885743833404498
2.08575648746245
0.786720325280763
0.197881462856183
0.501538583935727
-0.283683252064202
0.592901250658517
1.55782788120067
0.701788948929636
1.36816682899631
0.364839664473969
0.581215138599781
0.754201615447138
0.271013730414988
0.781931429637614
1.85398794362564
0.316545934237937
-0.144358256938487
1.45464496647622
1.36017432308831
1.14192920338493
0.490838978180033
0.07865366686797
-0.0241812760356955
0.264470940743536
0.58133793984172
0.271957386776234
2.29621836381875
0.975646228553043
1.28823476139976
0.88969932436246
1.05740085971922
0.115783639361413
0.435320675171601
0.710219165101483
1.56248162211161
0.287650328635753
-0.00552418707546898
-0.191079093967669
0.776484667435649
0.495673321792209
0.484258305743295
0.33159014853229
1.05006028271715
0.181474044901065
0.872187640066027
0.997545098168298
1.46779813387202
1.09898369180791
1.06479685800784
0.116065783394548
0.448536146900564
0.955179167448327
0.140277804439189
0.584850796007966
0.788632474390518
-0.128158129116062
1.89526872754006
1.92896665383807
-0.538728454629905
-0.160400821702906
0.728380835356138
0.49680320621423
-0.905959417620806
0.394253665226581
-0.436503664830043
-0.232409637360024
1.45698260401678
0.816378239576248
0.597324088913821
0.383676966033656
2.09934838935864
0.885232098721458
0.656388291709121
-0.263060875832648
0.805270021413691
-0.37185012727976
0.935172884376394
2.2535929501766
0.152058025258722
1.12835416761607
1.61182718008265
0.142479767918639
0.781422226112498
2.71643119960557
0.844974758289326
0.921045616841898
0.323138964758383
-0.0881455748254686
0.969313024470195
0.216122272227274
1.25913358559124
0.882071986612724
1.35187364356227
2.14518064625721
1.13320848089799
0.298817064148663
2.15919418562788
1.04466231426561
1.07075848882984
0.194408538907757
0.396930647226857
1.14787364864028
1.63243543522322
1.15253361261624
0.179672532126173
0.65032109078107
1.02774410734766
0.342780747167297
0.00674741966020493
0.23600818657983
0.429479253080846
0.754355154900505
0.21091079179072
0.447950200580971
2.15090424969376
2.22075529615988
-0.373384357872437
1.73455794309889
1.82593318004317
0.419646137073186
-0.265577890831972
1.05765837123391
1.45918634628153
0.98477654939951
0.387176735329881
0.431649939969253
0.361128912828459
1.62846249676872
-0.0491576673576463
0.617399538025031
2.11889969038275
0.817592302604585
0.132721918593054
0.704476357038661
1.01765627829229
1.75361192685551
0.475763901567921
0.940155038301212
0.486543332780873
1.23098160697791
-0.0155799462620985
0.364058436279637
1.19306037885484
1.17705458191233
-0.495547729525415
0.777260693962002
0.0814995680669504
0.951407102313158
2.20947090966739
0.159367397175363
0.935741311919852
2.30967004903127
0.730272876952801
0.568338368171137
1.12361897069552
0.964225722018977
2.38295823174068
-0.706776705955442
0.340456477975688
1.50140456275025
2.27523089885933
2.03969258645318
2.36643468789217
1.05052099930531
0.809445736106632
1.11709450494531
0.789360272337623
