0.715598044463806
1.12234245206253
-0.86049279644611
0.391961678748443
-0.848290065451008
0.276583257072368
0.616176814061102
0.678905494449778
0.0519378276159897
0.259248996723595
1.14259372940733
0.268179948754462
0.69369827176079
0.030563335668116
0.322052824052096
0.648814868663101
0.307910211057033
-1.28077800511436
0.0583700512047864
0.41389762614378
0.230258318009065
0.57465052272168
-0.386454818307966
0.0349833476552987
0.0804223600325535
1.16006399933595
1.03236143541265
1.54706867144957
0.837561870472094
0.275815156161985
-0.1995921303947
0.75686171055797
1.02110143468684
-0.0084446486893151
0.859538754901544
2.50066316723822
0.861686251432217
0.973041194701996
0.928618647982862
0.64485051427533
1.69362856026253
-0.24386983033128
3.94723865095108
-0.224417667685953
0.615317264152861
0.512576049143411
-0.785383254524518
0.825244412013408
0.557040815969219
1.5221176217395
0.371992545892334
0.00213892496852166
0.793614092855929
-0.428351404534813
-0.284639642133344
1.77339999055698
0.700301670528594
0.995563518393264
0.509027228029246
0.0343640549087541
0.457789626636011
0.353708039726194
0.676806291723386
0.661418033391878
-0.188726630395287
0.638856256721202
0.124292425382763
-0.514954270651631
0.277236578463096
1.4518544079889
0.871309419329702
0.792242909080253
0.801357211614452
0.839380905041791
0.0763170942992739
0.896058119162573
1.11637185377551
0.333918958321393
0.17953727850415
1.52233242579402
0.425119055221763
0.672271068501303
0.685501565367386
0.767671757304947
0.959284297815578
0.971153821698531
2.31102368479736
1.97628922446362
-0.270812540013758
1.8460691966816
0.421480264083079
0.425477913690569
1.02003102576713
0.735259316309697
0.927070723504572
0.684192996061428
0.525239520354691
1.33051666849499
1.16151986132193
1.24218844993626
-0.208073790323178
-0.0366619633703034
0.487648027324569
1.51245846841718
0.615590699114703
0.394942095413153
-0.0250404643024476
0.841187786631151
0.564118334804299
0.296817958277754
0.740399226588975
0.313818781393918
0.335652486824536
0.10472588545432
-0.300105432498779
0.935256747164173
-0.177054151884475
2.6003216185324
0.650183521747634
0.869997363475601
0.706174758923131
0.0753166072666523
0.470432809083651
0.9986984433408
1.03634544381917
0.727401159096535
0.554039353481982
0.156956059288444
1.81183048039911
0.321923726488962
0.504959520708799
0.443733160085766
1.15398432498522
-0.276151208840746
1.64734055421689
-0.548963703896535
1.45435395644551
0.497797660433004
-0.0853120120648333
1.47664138083472
0.668961805224561
-0.34346425303594
0.157920551559861
0.911382772556786
1.42422913519581
-0.59775996055514
1.50512340752747
0.263151700415044
0.564796422142251
1.02196730302676
0.694131310525284
1.03025541179689
0.661296223046025
-0.794046600020306
-0.0913524817927523
0.288139278964352
2.61122128211194
1.11340822722934
0.346392275811785
1.06046016460742
-0.0500246909085377
-0.00261533752058396
0.204631980950676
-0.160220157739293
1.14605391334105
0.125761839789681
1.04427938876864
1.14256714673146
1.47371688562356
0.458738315922269
-0.021124533837852
1.55280146840531
0.730424576554253
0.713234169227845
-0.141837021751981
1.49696864887096
1.84633538462261
0.838757163093976
2.10932360503187
0.871055204850731
1.50317964221913
-0.160626690776843
0.398963586347225
-0.252812243573628
1.47436324353236
1.13943953994291
0.254343392911753
0.039659695758424
0.417990479453076
0.77009081452392
0.280107577229611
-0.0799443103866384
0.825084637993699
0.550805889613927
-0.127723462566573
0.0995349383175932
2.43476482828584
2.12507933862368
0.639760900804522
0.250352900674663
