0.389286675380666
0.527823782187712
0.875432090900253
0.30839172820807
-0.533718359384391
0.89012926811995
-0.0565575922315815
0.254169850432924
1.94866258785092
0.626076022577825
-0.768221572162546
0.248977328298837
-0.205527221322526
-0.736206804840735
1.0738534055164
0.949752494926506
-1.23481516090501
0.314991825698058
-0.669489877492597
0.279547708378835
1.18546581697656
-0.302314340078293
0.942773351206764
-0.67576759467448
0.540216665348443
0.881709064855505
2.11619077583797
0.823772169275122
-2.26227814856711
1.21603432563837
0.257566529523654
-0.776203190655282
0.370689576528221
-1.6602052332465
0.377027000910041
0.312066082692622
-0.245170052878791
-0.544902066058174
-0.534709975682308
-0.200390317509958
-1.54299171849003
-2.06663263282053
-0.42442590733468
-0.581200930010047
0.217240869757442
1.16391286155942
-0.641119444645116
1.79700427646251
-0.530259860851137
-1.35939520967849
0.245381758511519
-0.0901690052649122
1.75926180583764
-0.924544136292605
0.79221939768857
0.0866414877206193
-2.06661787449965
0.13223055470157
0.441513065974739
0.221810798118618
-1.6266197478095
0.240465553790244
2.39612301279925
0.341962061491147
-0.894493095798755
0.630635809022632
-0.751823777466621
-0.322390426517331
0.494398662016398
-1.29937243694172
0.293487545734144
0.733022339893698
-1.74345599038447
-1.61686957405987
-0.249741177353002
1.55976371976905
1.75447837046377
-2.79766928101636
1.47477494376427
-1.28423188663585
0.972851218579658
1.07514552481752
0.627433958962622
0.116678236827723
0.27035745831716
0.478206288725481
0.765581383672901
1.68548050953591
-0.260589171547461
-0.438485779867662
-0.229337123403005
-0.527617265653308
-0.324448009177519
0.879702769088748
0.813309626052653
-0.840175309619721
0.117506452540871
-2.0046754273088
-0.0131072340549563
-0.236075571384522
0.807036431337674
0.548514301831723
0.150410985462377
-0.600705502220818
-0.0513213450595275
-1.36585868982707
1.04835715550902
0.483563756410885
-0.532873185485799
-1.9224899405678
0.701009122683732
-0.314981703896536
1.19241392678375
0.544211857851379
-0.971335823176959
-0.31635311517558
0.353048703823672
2.40607087405911
-0.415476719653293
-0.137457453884486
0.219048483669173
2.17834678968928
-1.70025286395447
0.45033123242447
-0.998436019742637
1.09728128651973
-0.658439351337522
0.347518708986675
0.674020032671469
1.04571528658171
1.06311331405375
-0.587182641656845
1.65805991547273
0.225754992764293
1.66890679643478
0.82583494604078
0.319033916352168
-0.697133370115262
0.71819482675849
0.117145635821554
0.664021652721725
0.0592522791025186
-1.00841976049559
-1.14679210227793
-2.83121670112854
-0.916366054807106
-1.52146683714017
1.37738920397115
0.406938300238304
-0.442954037132676
-0.80850964948762
0.290273880702546
1.04930135350747
-1.05330251852386
-0.479902340321331
1.1874152724024
-0.24712428876494
-0.178923964570012
0.678316014595033
0.877994526116884
-0.092518833707649
0.0825792096144772
-0.767561264821756
0.381733050597883
0.103366993722278
-0.952647647150341
-0.212070275777492
0.534535446804083
-0.240375408241567
0.939750481106319
-0.0313633298931037
-2.04491378099862
0.346560691441544
0.471962746934639
-0.702382178384316
1.14441994529262
0.0522501718684173
0.0538353634886747
-0.62466117830808
-1.68558553682421
-0.757330304229003
-3.33087752038902
1.07285342305325
0.0650910674752765
0.783438995149069
-2.77299709891115
0.356762389586155
-1.02725163341944
1.14257119347551
1.35187801789916
-1.54836763272786
-0.177721449868475
0.817321608547394
1.17093444132357
0.452256582568777
0.704390588680928
-0.124980093736542
0.56116605444837
-0.851204662322441
0.780933010154066
