1.2192200138628
1.68289461731612
0.417341672664854
1.19246031668726
0.368909517101509
0.805786994697171
0.804469878252293
0.949249084860923
0.766445540225316
0.0709106211018342
2.02774165437334
1.28409561257052
-0.484072789045612
0.844892002116716
0.691175995788957
0.877929089654847
1.63355086550056
0.32065476771973
2.00161587539829
0.430141264906242
0.533219817855984
-0.188134989751452
1.25640171153996
1.49050189079514
1.39779315675609
0.3125909246257
1.43363255505782
0.220425016253194
0.964600495568751
0.441160953565337
-0.578708931101752
-0.267158082492737
0.784066303467307
0.406862555651784
1.96512671734362
0.573184652865345
0.960007557156659
-0.278124427410745
0.849168361739208
0.830037418605546
1.13750571373548
1.08457217291382
0.884374181690356
2.1924078049548
0.848678228564053
0.379948541353939
1.25639137477889
0.594129892622432
1.20388798211087
1.20266144361512
1.33390517421057
0.204156009592056
1.05896674431887
-0.866100016517781
0.425412841757749
-0.00377777271556135
2.85262377355106
-0.140227166999431
0.165125680129114
0.51633777115534
0.0846287909462338
1.54503581305188
0.427748975317709
0.938750446857955
0.832318569380948
0.402139840241678
0.761121229163201
-0.110522280551874
0.737617393804396
0.069197872381392
0.22738903493971
0.527433046330306
1.19015293160918
0.0855172176680058
0.0581811680870632
-0.0388790579449717
0.894809799225208
0.873003852560157
0.260593519329409
1.82786426576864
1.14871237540867
0.0682078030646979
0.00542259521666944
1.24196864793375
1.11196981272412
0.171172671048958
0.45578160080642
-0.0596552026574688
0.644094489201384
0.103168726903205
-0.0822886818779812
1.29587179782332
1.54808018348667
1.77817499084219
1.20535819357721
0.970574275494041
1.04241786698946
0.387239253042894
0.195339485939104
2.84072074681719
2.29293734589792
3.27336187063837
1.97223111793158
2.52802786454046
2.89495098925845
2.82940921621529
2.4790649524348
3.10158307325168
1.21969048586739
3.83241261402788
3.43097419687897
1.59471313238122
2.63415123047289
2.77844612774017
2.64925213684168
2.05449666258961
2.30851155236315
2.09602953573638
2.55558361357136
1.67529575836725
2.59923722211014
3.37304367262855
2.01866950274474
2.43374833648912
2.50583836254635
2.81126770423412
2.26574877771843
2.89009326229893
2.76005278498668
2.30186681067258
2.45722932595428
2.9762360462866
2.27630306164707
3.15854261353594
3.07513557127342
3.53777632805993
2.31882860093818
3.18251404528936
2.34975832977088
2.88063471258373
1.19641372312925
2.76891251413352
4.29972676648926
2.51996841717815
5.02745592788417
2.72749242866547
2.20584016604997
2.316649213233
1.05534743282896
2.38022929783619
3.21930359238485
1.42244372076949
2.38499421766375
2.87833549306696
4.03869195817716
3.91953905930621
2.21058661840495
3.28292140566448
2.65286185489244
2.28518034067982
3.83344084344066
3.03853974518046
1.45530147263476
1.7862547551853
2.43840289191566
2.86750828687581
2.80213362147526
3.2635971611418
2.15732759067703
2.15469133309852
2.22114675172837
2.7779500855874
1.25424590135842
2.67341779248633
2.82738854758292
2.404978736367
2.4618666832443
2.81242199933165
2.84771762197226
1.60797733986797
3.81400485658537
2.41801014990775
2.68177557897483
2.39921186397658
3.98821436107935
2.16944929148998
2.9346106879764
2.75253990077762
2.33933709172434
2.61617703265527
3.29895589410645
4.80652519230449
2.9075165183291
2.98655670892459
2.62872604078244
3.44572579366068
1.92080292825282
1.6939200591142
2.70574301164973
1.91611330694302
