0.95980872199521
0.134479051016719
0.404132919230635
1.0161177697138
1.37359271203635
0.0984109514631751
0.521795703713339
2.12572541608298
0.764577249231527
1.57111991594169
1.85477512002061
1.43885179844456
-0.521716926693159
2.32954587819874
2.53424944299808
0.674185392523413
2.21514269420547
0.612816235538846
1.38480118652513
-0.309810624322476
1.37833918456225
0.799658377274183
-0.0825953422697781
1.9908623458583
0.647400841248707
1.14146289479781
0.310469543411605
1.0947349679657
2.27102865222526
-0.020400960200344
1.30600009009932
-0.0145768024830597
0.934389171615257
0.907817703092313
1.59944453690327
-1.01473694881224
1.1656343410417
0.439375667825633
0.65843560825777
0.884935078817
0.967762010476112
0.948331346600312
0.824129588077159
2.10382324564995
0.175557862176757
0.803090830418785
0.257898858145563
0.469980327831214
0.131056983015917
1.85592368882373
1.30056731201328
0.695414079230922
-0.152400739636687
0.643938021984132
2.00200591317728
-0.0763767336889262
1.51586491690594
1.3765583745603
0.593526855216246
1.85922066518333
-0.218501484815622
0.415154592228692
-0.321722978077789
0.707948124534143
-0.107700246692219
0.789011437378151
0.63614300137562
0.483037366206056
1.03849259307985
-0.0941812667856212
0.963256891153846
-0.526043072142188
0.34001809128201
0.463164974392783
2.75454702390455
1.34467791407552
0.557047446322525
0.516897574178432
0.381823405247302
0.0605791436265408
-0.48270336716062
-0.272024187657668
-0.771299175320879
0.216590266175257
0.0526822712711021
0.100136599443596
0.630758134743013
0.78615187400893
-0.6397026259448
0.328543187482538
0.870318773740774
0.671637359490485
1.62055934706424
0.771298016921436
0.199470549123194
1.44716419009551
-0.548525400467875
0.907478524921279
0.981906570522636
1.06309122322919
0.10392629797245
0.934548496347194
1.08881259389774
0.209178497290463
-0.0932740318417078
-0.50762951280838
-0.111517407256861
0.474870632661896
-0.0604824961307672
1.20928983700973
1.06490973980243
0.268239427838272
0.811540086322996
0.291493612103774
0.652516993429044
0.033689526852949
0.843765148932087
-0.165480756519135
0.752210165307994
1.91111356221346
1.64680453489732
0.616865504481755
0.128379133950119
1.65383070889689
2.06344787048042
0.0354145312716679
0.725664096404508
-0.0232107420356297
0.591841299250738
0.48337839580275
-0.398150472070237
-0.0662742192051767
0.163886341685269
0.0466853883066936
1.35088160713445
0.919045393514823
0.510546610093154
0.612524611334231
0.871465244821467
0.471595348276549
0.362129776499573
0.575466596270642
1.12459502920229
-0.17926080816507
0.36270401236166
0.61104315878883
0.496827403468907
1.46604971866416
-0.137575928458182
0.761116462524646
-0.3738586288335
-0.739656281680194
1.1236204311805
0.190383430531917
0.889258641540319
0.426092787085895
1.36504440102267
0.190750833962651
0.206788853365633
0.752893291892493
1.96688856101203
2.15203784083587
1.49006786342305
1.6336503094573
1.25021107877101
1.04292820946989
-0.0101730111759579
-0.0457829456775391
0.0815980754061686
1.24563987472727
1.20708237154983
4.04519846293673
0.184416672265355
2.60396921156946
-0.213416876505699
0.131390343367977
0.946128543748881
0.830190527727754
0.729510296906755
0.786981986250603
0.390811160459843
0.373276230145289
0.284182964025667
0.544383356844548
-0.096034060112067
0.469515685884568
1.89623982691317
-0.1062989148799
1.3415111787481
2.42936148968771
1.61043507615969
0.812243171146518
0.418421858167129
0.514787557373099
0.346832434795654
0.292461320950575
0.187109208156679
0.84373309028429
0.835278217261658
0.279212313629821
