-0.334494104105211
0.818108694111638
2.16096083899331
0.275182934637873
1.4540714827115
1.00715468912844
-0.0299885139810274
0.411407119391172
0.979269593720132
0.261519180423905
0.946345194574858
0.77298661441153
0.901387293262212
0.582992637022185
0.65548728985663
0.244643266359716
0.148297105422234
0.391318016533613
0.890934828458504
0.930781374402237
1.88667495421328
-0.000372024184317605
-0.360075567599324
0.452972248780481
-0.228940006613265
0.100287027031002
1.69029743614734
1.34844309403198
-0.538554243687449
-1.25586429069507
-0.499268348959186
0.64121058867499
0.64468362922847
0.319159950875187
0.426784546513478
1.68394640915651
2.13290265950845
1.35386205941869
1.5929274596769
0.0896060045241088
0.9812117487341
0.692323230380474
-0.464001764162214
-0.704142141560303
0.133397598631117
0.56103727147216
0.912178775238322
0.708671150287468
0.674113880281191
0.102958681926523
0.653927677556719
0.354300572258107
0.0201542875423352
0.778470778329775
0.519101026231681
0.139184376962199
0.290269061040732
-0.0873126269599466
0.872694076393666
0.407605091290186
0.049515260649947
1.15260698935854
0.215783303996453
-0.144491180971117
0.085558433138458
0.152984389243265
0.890370583053645
-0.00432192238998436
0.731200825347882
-0.108834505780099
-0.358349760959841
1.57493355690233
0.56176002523847
0.681041137415712
0.308288765113228
0.705082321753508
1.08329728486797
0.277110258023358
0.351564506678206
-0.44967594118274
2.40447607823933
0.467499720352887
-0.528096012322389
1.5329876703881
0.272053752601958
1.3909213517354
0.619147313642265
0.222013989068338
-0.107774552115398
0.272750962312447
0.5421181615391
0.757928540342784
0.413097170517279
-0.347342382710921
0.944647324719285
0.243554778140494
0.617075882619104
0.719446627760972
0.536828594664261
1.2423114917378
4.39546384021506
2.37809606785219
2.51594090963753
2.95974655772311
1.86496329943692
3.2423574837106
3.25614036188183
2.74027458352559
1.90644838512299
3.67287741145391
1.93625542629553
2.38754977549108
3.30676690970987
3.49445804745437
2.75420415039862
4.25462904558964
1.78734253196933
2.65309671763904
2.77870512890842
3.10290103390543
2.94931365182311
2.64697872770756
3.04356129570405
3.50523095808054
3.05846331901223
1.81180551596653
2.1920251339794
2.58983105171917
2.10943258362575
1.63540031908335
2.81944458758924
3.3091552353208
3.79432075897418
2.09075933926165
3.10161238471892
1.78401890028849
1.93499279782365
2.38408830201058
2.3158987531596
2.94402740015722
2.67880316579651
2.44475313197752
3.84260364138844
2.66767409989542
2.42100407918371
2.82270919287461
2.52473059291552
2.54696941547059
2.75634786834957
2.21654815630697
3.25754464667225
2.59208015276353
2.00053683435554
2.58582209390463
3.63903342130983
2.33585421156765
3.3209212716127
3.16833047014498
2.47502238424117
2.26294638777308
2.71609998591178
1.58672071523843
3.78227237069143
3.2508122099293
2.67641039422273
1.97181991297241
2.36280674954
4.45736367521707
3.06623467420205
1.82574629163174
2.03243710527325
1.78711061060076
2.24305330303384
2.05168302201925
2.63556384547829
3.14179393679358
2.59828377261736
1.95345315292997
2.93430982766067
2.31988934561426
3.77837081479381
2.7405829632253
2.99828128528882
2.48396733068756
2.63366036690691
2.44915845613452
2.73820701820532
2.01876199053124
2.58449580632181
3.04874392827732
2.31540646212044
1.98084688329501
2.73725291597508
1.71735639116037
2.54316886972854
2.80192670593218
2.2051988647977
3.76328583995003
2.97226565305123
2.46373480856255
