-0.754539637349251
-0.359722044419073
-0.812289795695093
1.8458198820969
0.414926182529837
-0.0393173746849637
-1.09859965115967
0.786765823815782
0.850431680411293
-0.306658618985589
-0.0816915160201355
1.75624142230841
-0.228446191102202
-1.27453217414045
-1.93997802509157
1.38532501824647
-0.888341257314986
1.058295875002
-1.02470043768049
0.438554879308647
0.856156196769902
-1.9641154221666
0.347682459075192
1.55086614722837
-0.0971844112540927
-0.119809060232455
-0.734920367370832
-1.70779129033287
0.277405103560905
0.653910586796157
1.23643314145061
1.1452244950604
0.949500212857651
0.366658287523934
0.978113070368968
-0.506707685221409
-0.611813161996678
0.0901925206745232
-0.190568144422797
-1.5266342150317
1.28485281267181
0.770129695902727
1.59694105755101
0.0620540306185965
-1.54282265284979
-1.14134659260358
-1.96306680397627
-0.290503124399169
1.10452401210797
-0.218009160400452
0.899455266156914
0.904488650154326
0.371734650738354
-1.00173417992728
0.92815222852528
0.534087087034519
0.426955090486576
0.0377032901570343
0.468069893169528
-0.565809499168731
0.636542729655857
1.90608419417246
0.838886736905305
1.79275611658351
-1.23068056804048
-1.520976001442
0.656166389865338
-1.7535494295342
0.21406555398778
-1.21988080226692
-2.45466417685809
-0.181257891295452
2.50076693775076
0.0947822564570847
-0.421020863212812
0.343744406155016
-1.20924053986735
0.216928090991979
0.588681894384619
0.110922321966139
-1.74153735091143
-0.261015717967467
0.0437702800282189
-1.62512863385093
1.58547547532868
0.533361713767484
-1.12261901753987
0.387967594827823
0.467380734622677
0.00253237765383605
0.35780808773175
1.30134526032457
-1.05164842126894
0.953991153755812
0.151694670336546
0.705159388337571
-1.87603765295884
0.81215637423368
-1.24155951253068
1.65366520914211
2.09080120179315
2.24594641667442
3.38308110759391
2.54919413468926
2.40153729948198
2.8367727172632
2.16793951981606
1.21790697147376
1.32079059765455
2.9989444234434
2.94921841354539
2.70202209154252
1.98308740724987
2.16248330865784
1.74432630134811
2.24423593655452
1.46679255269972
2.27466940855575
2.28139353255128
3.60383532687499
1.86115613074754
4.60518842529059
4.19520582290826
0.136869789066275
2.21656226979206
2.07386844868441
1.47367435833253
3.45410562427229
1.58398367825962
2.24705431395486
1.21510850531032
1.18772968468551
1.37647837693709
2.45406439493464
3.04276171838382
2.29865612057591
2.17223510986501
1.6873520757784
2.98945023705444
2.96761798438766
0.878286459362489
1.40406166668627
1.57518228137915
3.56867459061656
-0.0347713361913264
2.75089909176933
1.48325799374632
-0.842077156866656
2.00310233439229
2.37509155688691
1.74483958446464
1.79924717423374
0.754193734528476
2.56881911969982
2.30072652767136
1.41497947684503
2.26012671474756
1.74544818721392
1.4205271168706
2.71629358326716
-0.198142442383578
2.63928477120481
2.97038103519276
1.07454100381935
0.661801552087471
2.43077664251945
1.67559829753705
2.82756605630441
2.12962955078437
1.04046964165416
2.63986228462774
-0.143647016911216
4.30018065925767
1.82435106474759
2.12150374418299
0.560878135250105
3.63667286878038
3.44672606288739
3.5799227608637
2.57499229581147
1.28887266955358
1.8502083986786
3.10185838606718
2.09927944075729
1.01601385058712
2.56632694761453
2.03872368595417
1.88223049823809
2.3582265509802
3.33564355428167
1.84669278463746
1.42370402963886
1.82048823662157
2.74359095804678
1.37542674019172
1.57530567869711
1.57208295274723
1.37486194029913
2.60601802174867
1.71413763867628
