0.457893010935091
-0.645056301205341
-0.344600857461716
-0.959957184162571
0.704449395788636
0.158341694710263
1.33236559230948
-0.400338854410466
-0.305180944699871
0.585398542240868
0.101483851416
-0.413934850842644
0.517121673651518
-0.206218740789666
0.655193733636618
-1.78985611462734
0.042692715557973
-0.536111673008998
-1.9004215167018
-0.316439224437777
0.826968440415311
-0.678596706268895
-0.0345358115460431
-0.124093164462588
-0.33273192120217
0.329833497825161
-0.665181051587972
-0.0406569352663762
0.437412333287909
-0.0848913943434337
-1.85162481536301
0.303501546818246
-0.288490488774228
-1.24018012774034
0.282557549167887
-1.04686319248126
-2.09796493634224
-0.176211232348815
0.0930446347235036
-1.00086116642395
-0.642299127717621
0.228147377844635
1.24717604574856
-0.801471190352312
0.95953476593042
-0.919253106626398
0.186249859936177
2.42479498374728
-0.302828280013553
-0.0212556922630711
-0.964167640573577
-0.220599849320503
-0.501727774933354
-0.439353141143922
-0.203692864647999
-0.0151708171111351
-0.237062736436632
2.68120240352603
1.56822521795532
0.558687121772199
0.932450580724429
0.358460548849974
-0.998630737115358
1.31015937852866
-0.447872771008691
0.126569425802553
-2.23359932013921
0.878941158373657
-0.111194673781737
2.67158793934614
-1.15510575321545
-0.169486244355877
1.19171226617544
0.636421174132588
-0.626768958194528
0.380153182868755
0.865321974252047
-1.59419047108824
-0.410724299840556
-0.322749415848761
0.162427037853699
-0.288674851237289
-0.543124261569175
0.652224155563978
1.64783426722071
-0.736549533025993
-0.0562442857134205
-2.21957190832175
-0.44694484557256
-0.155731083985412
0.946862692666424
1.66267349122899
0.336806023991396
0.0209382470309157
-0.626799022570736
-0.226406388265995
1.58502097258569
-0.303478941134771
-0.978996473379239
0.0407621303397891
0.181938983962588
-0.213587206783749
0.166734322290736
1.65615465509012
-1.91665081929951
-1.60298388135676
1.35729969492371
0.601210638151638
2.29982029544499
2.62024873262174
-1.0744193051178
0.105987984546287
-0.953110435886903
0.268493949363733
-0.57767875657032
1.66574772409145
-1.97809290532759
0.789036183020222
0.365569092327114
-0.239366270130005
-0.883958354459212
-0.332148257712209
1.26181850150976
-0.452163897229528
0.801017544523057
-1.18778529663617
-0.710901406492507
0.81646949366381
-0.19222298602127
-0.694511913312342
-0.660014213792564
1.63907593463077
-1.44690332079632
-1.12439603677658
0.653822204083418
-0.232307250062017
-1.93399585026428
1.10031937624758
-1.02394896238011
-0.949345155074501
1.98890177865594
1.16056587281969
1.51541897299762
-1.36685478301289
-0.399143922667703
-0.0424827465530887
-0.073657774443622
-0.095110045455273
-0.149347631303931
2.16078878894972
1.14005970860151
-0.402998456417187
1.66127929478328
-0.0626942939610249
0.0317127137823608
0.217651710448211
0.0113037570112809
-0.154396349110822
1.08171912670157
1.65179379404042
0.423833232160329
0.019626087472058
0.286646111223649
-0.818474833447743
-0.997818514375751
-2.38172966695598
-0.337068176125648
-1.48852002563123
-0.800157299048446
-0.461366078142843
-1.09068531448649
-1.3858434788405
1.20220364944341
-0.882605536366458
-2.11057793064429
1.38170764541265
-0.146214890827361
0.320012920348598
-1.1864614913638
-1.64740642242336
1.5043121087377
0.149344970634734
-0.933027476159134
0.764800073601407
-0.154230209343579
-1.54408290516793
-1.31015543541871
-0.0741218837490663
0.566774290382786
-0.100899405547765
1.85492116932287
-2.39452545093593
-1.12295019447485
0.13626701579527
0.359185213693328
-0.319937490416077
1.36017698473184
1.03971514025351
-0.181882150428333
-1.09395994379535
