0.10288609855602
-0.783012251721851
-1.44450259987116
-0.634755689344376
0.824382213249447
-0.182853410024135
-0.472549275966346
2.06451737948293
0.707210696476009
0.0570277527350944
-0.551725809044071
-1.23096488782361
-1.11233836004352
1.01204048536231
1.44977073399896
0.846665834989696
-0.706235585291706
-0.054309660831909
-0.316742744782827
0.995983107751293
-0.483352065926772
0.134256463042843
-0.0902945629962695
0.946540847175694
0.213988964972733
-0.0649730139670605
0.140751690356797
-0.574666224641972
-0.0711287889071075
0.404162872122515
-0.728840117808696
-1.14277033792776
-1.29206969833227
-1.15183871444456
-0.756494565603506
2.6421498620198
-0.35271285922616
-1.13110887180424
1.87555589243702
-2.22265203195455
-1.55380417466879
-0.386033393479938
-0.694391639279069
0.992151595216946
0.0479515558669137
-0.318764702066266
-0.484734537056856
0.803497818391678
0.223905012921411
-0.586800128884672
0.198213113018467
1.67884403702552
-0.27802734698002
1.86213750323783
-0.724376862626036
-0.571103344715613
1.65274236160699
-0.186276230427406
-0.608135710424808
-0.424552847830237
-0.972836810618632
-0.40190513032183
0.631252893437731
-0.0687361048986701
0.783018633154873
-0.141872563667598
-0.124055040207804
-2.03806540172469
-0.581274728969991
-0.718062166824672
-0.00972664541286642
1.13413832620318
-0.152889759277681
0.922738497855602
0.875962923150538
-1.54413433195395
-1.59052438925733
-0.246270239555799
-0.0440510320770669
0.683137806317536
-0.809370766487114
-0.225168762270849
2.68874976751435
0.234802571315406
0.199086832088703
-0.0508734922385251
-0.869384006400623
1.20670462005022
-0.301074776657082
1.09383301676307
-0.902247116339602
-0.428208660036923
-0.75138015412014
-0.965814933732238
0.178648808945249
0.940740368699915
1.44784185984178
-0.895510614115772
1.2444921650513
0.1302968110326
-0.0773317564486687
1.07898491558463
0.304457208291506
-0.241558560453118
0.170557853941343
-1.884228702593
-0.643045189669209
0.756164676252146
-0.205916667588149
-0.293874734932782
-1.40643767734177
1.01667845833661
-2.38177676589565
-0.842100252437953
0.253200873125929
-0.440580496551121
-2.02530600806537
0.565838267937892
0.961875469962842
0.122951074415584
-0.411640939109949
-3.00110887760522
0.10492164797738
-2.09557292143302
1.3085197673515
0.377676975946731
1.04988327973056
-1.41792990278712
-0.474257183290208
1.47271644242748
0.860187561878631
0.739459341067921
-1.36281325757841
-0.891945007741776
0.477272772111
0.909384683240101
-0.477494340127246
1.02222187480262
0.386762142370627
-0.0462622009919013
0.0690697876356828
-1.49935624707689
2.15113125840078
1.44570737530876
-0.523414223687174
2.70604798123111
1.82952923732154
-0.791239678786753
-0.320111471827534
-0.628286193857718
0.791813250042768
1.26233784166781
-1.95102669332804
-0.795090405438153
-0.0911716756966307
0.197182572593753
0.154809167180059
1.83772328381633
-0.502814707546233
0.604406809618933
-1.43086654975556
0.636236568926429
-0.370750231414412
-1.89567563433538
-0.274176844960992
-0.948997986624295
0.49645371061218
0.116870985295046
-0.720844425645568
0.11636781028918
0.00486647444704532
-0.743623896523764
-0.332574732973343
-0.29339788039103
0.404721975332656
-0.51564632725471
-1.67733886696694
2.49945893259032
0.879983388536223
-1.09520385937977
-0.120643107820834
1.72335200028602
2.15142249209901
0.212223330390217
-2.16861664668389
0.420203117675611
1.03752294831487
-0.592908996128519
-3.32660336425973
-0.300656542211984
-0.772791423440688
0.164589108253302
0.554105819171145
-0.774319102131376
0.605823482118329
-0.991729554217535
1.1300874022086
-1.32033044337533
0.115636214197814
0.727798683229454
