-0.317952041037784
-0.498756093258199
-0.167679242828432
1.73992524041244
1.12330569385121
-0.256970740899265
0.0529765553577506
0.0988648546640045
-0.163101073456903
-0.960121215080089
-1.41450465004809
-1.04917584363963
2.18189619726672
0.661144352150831
-0.356474365321615
0.250635397697006
-0.763979081285008
0.342823749842478
-0.598848030566415
0.0491277090175552
1.45214927299612
-0.974314281139208
0.297002294890694
-1.1965333947862
1.4817700952194
-0.984050485542769
-0.133514927449631
1.70190352137572
0.755979057209641
1.69626282927803
0.713931799618993
1.21189944491344
0.18496520682252
0.175426851202371
-0.270327066172496
1.14799952677597
-0.544265419393966
1.83135773127869
0.431036319458571
1.37720747216034
0.799140981155433
1.76711373832113
-0.2177075626559
0.570240369650484
2.43235607371811
-2.50193328949824
-0.0509653798951828
0.623990699045462
0.633912983288469
0.420031258871906
-0.543684058640079
1.41098916563482
0.220730964973212
-0.10942594866025
0.0794580085833571
1.11382905131191
-0.530727704472842
-0.612802594806866
-1.00727416388638
-0.0392436030874393
-0.622069476646659
-0.289027780703422
1.28328418406994
-0.0824857349563548
1.21933123898977
0.830590327952973
1.54631391466614
0.132864132782289
-0.786988673042217
-0.613492562150891
0.889748698882286
-1.22597686582065
-1.76743940848524
-0.760733539642827
0.930696999594162
-0.248966043131207
2.57691120966809
-1.21964929824199
0.240099442019286
0.102225183363747
-1.28431028428534
-0.0227241276631765
-0.548685453593904
0.206313565273537
-0.142716970950936
0.391991917940187
-1.05220071138067
-0.296098628573383
-1.17491559223647
0.204975775072064
-0.63838838889493
0.0673877953938291
-1.6180389347555
-0.854600400371637
0.439233785925417
-1.7791504831167
-0.404188467798665
0.759038675785843
-0.477193565446775
-0.764464860340423
3.76020639648062
4.25789298752291
0.77730607192142
0.803949784653919
3.59467581625454
0.751507390164921
1.6069247812319
0.538901821702422
2.93331138266406
2.84499208635053
1.48743998998016
2.0678687125267
1.1672560905064
0.947140516740282
2.03612235609511
2.32696192225012
2.49950401452899
1.94552016524589
2.22988506812844
-0.647551032372634
1.39992830017059
2.45690961617403
-0.00521626138588349
2.20468345839897
-0.07958656039151
2.75054107231182
2.39862690711882
1.62442981265871
1.5057777325531
2.46479751130076
1.53219358668712
4.57649152534831
3.54291657671243
2.13838942653229
3.0185318170513
1.79454736461443
1.22268160925215
1.71149694606989
0.00526408566053949
0.526877742384796
0.674102875075752
2.42423673863469
3.38523034656945
1.57322602528327
2.73803923304963
0.593270375705565
2.26988449654166
1.17996833113991
2.1596988707166
2.33735495930475
1.07346706801037
2.21382221444769
2.57242951497502
1.71339411683192
1.00319516314123
1.1718752794622
-0.731470415580002
2.40393717482772
2.66412888305511
2.60059738049475
2.3622040619401
2.94386222708278
2.54268097020702
0.605976534505723
3.01210492414898
1.93304998642041
0.807649070947561
1.58892287193055
3.80299453450277
0.0405242087774225
2.73175310507045
2.21695605970421
3.89410010473011
3.56452260511636
0.883534741516174
3.13077320379621
4.37275769913766
2.67153980262821
1.68054620065694
3.67907277517325
2.34443353962119
1.69214688499558
3.00272040269116
0.738428379032981
1.81921419796017
1.06623025082878
2.1794987724337
3.37355400888286
1.6015674089024
1.63243989543485
1.40348358456722
1.45175915968195
2.07280799221301
2.18118210070314
1.68979808606199
1.50849824327929
0.326538461511304
1.85470722645501
3.85150319585778
3.02770258223697
