0.796795880674291
-0.825742263808406
-0.575423980744553
0.116507307599674
-0.898136037301611
0.77074653034726
-0.784586854827604
0.732351152751153
-0.0182278556422597
1.11299344781394
0.571057824195447
-1.19757994154428
-0.648839045472505
-1.80357496433141
-0.727925532405578
0.192495729139753
1.97275760452677
-1.52266097174585
1.27830994862964
1.97453380826464
-1.17666365129288
0.115337079755107
0.141380417246301
-0.380595477240111
-0.477509553478901
1.82964338024281
-1.39235165533267
0.871719525464227
-0.0507867881107616
-1.33049567797973
-0.259910316746933
-0.886541862868189
-0.868667611411239
0.429698706444569
-0.697502145519178
-2.05958254992523
0.692189937403201
0.867089619101653
0.783345483448103
0.62154346892258
-0.493123108977341
0.21720327563236
0.729586562184543
-0.757239588805007
-0.564336355949304
2.0995902993483
0.682299627956039
-0.784576496575291
-1.17690656952189
0.342991875700135
0.535571646615097
0.169300513224534
-0.320561883374382
-0.885141898585349
0.272123855993853
-2.17327145639913
2.25207522274391
-0.389617124076926
0.0954760146879101
-1.21241180208119
-0.267470653225488
-0.124634537792291
-1.28353067814262
-0.232805936197493
-0.545047996393362
-0.887596992833559
-0.373766508045333
-0.428753054271248
-0.868556435897422
-0.0366059411038387
1.4332223133251
-1.93684192719637
1.19167675468001
0.376305297234465
1.29128137029306
-0.976842548427446
-0.187689047130605
0.0439168065437288
1.15659889976655
-0.00354939782393545
-0.0987647878071855
-0.9237950611961
-1.74113181685179
0.569731510804706
1.1365764553415
0.700493846285511
0.310404818495766
1.34596685257461
0.551403330230622
1.12175701402299
-0.207830475148957
0.387825983411877
-1.30488980459736
0.456022755639379
-0.948923477365839
-0.513729522500865
0.711188474071297
-0.266636783631033
-0.307144084607282
0.0437244984851834
0.387198537829581
0.524001048198829
0.0331751298839065
1.29704097026319
-0.626981522199542
-0.143347737492868
-0.762287793987076
-0.988317076656871
-0.345247180469055
-0.262951094464968
-0.675122578850927
0.752179722456606
0.559466618484973
0.108464342213667
-1.29129664252412
-0.847368341713292
-1.44773262921435
-0.719803287611882
1.34528460416967
-1.40235811879683
0.0344050094567342
0.2950180566206
0.665109258659007
0.163344069247046
0.0247875786946481
-0.149423016986355
-0.458125147346841
0.42236536769681
-1.56868240357163
-0.31014987469914
-2.23882969900397
0.331703492983735
0.291226119431891
1.1553721472037
0.959584858967493
-0.499606651634953
-0.0365964249543812
0.0176956649693477
0.0222610288056282
1.34435369506155
1.25032067928455
-0.0474044113577624
0.667165746302189
-0.225782169626202
0.698900959347883
0.138980178660596
-2.13368233504299
0.545474511553904
0.574693580215145
-0.0894652659379807
0.736080370404888
0.00698656628957177
0.885637095287504
1.70174712337357
1.76782303887279
-0.364938875584787
-0.281874247927767
-0.561788838649734
-0.0516563230449304
-0.189072896376375
0.724004341214639
1.34881239684189
1.31727820289315
0.485804931745647
-0.860855270246817
-1.81378592282433
0.12753380955458
-1.45931395759263
-0.331789088093453
-0.263661367344939
-0.41202875539832
-1.2696209379988
1.382071984268
-0.817247774513271
0.751591685210165
0.730865347694672
0.354194529346313
-0.446763681346055
-0.0655258366696821
-0.122077875492777
-0.142855908389348
-1.67092370598065
0.418455202345593
-1.36036688318457
-1.24208174845797
-1.72384831967845
-1.19858203227544
0.47189561793079
0.0446132236107109
0.546627266718133
-1.09781564671562
0.669985702231837
-1.38139610655823
0.372707338133987
1.45149043987658
-1.50543358379205
-1.13694211189435
0.245384475345291
0.517747140797173
-0.42904827002804
