1.25012945195562
0.0760822155833228
1.48910825473127
0.159235129166353
0.53163972515917
0.0729449622717171
0.0794621128598062
2.18323640671968
1.5087423921849
0.454292416254133
1.51046230405232
-0.865299000069847
0.177226580170243
-0.485697959591184
-0.0406130138470572
0.191021863114727
1.84256372307439
0.764072994535495
-0.412277123706471
0.995170076663395
0.37914473452267
0.339793043573223
1.03615623842811
-0.571048724689183
0.593351818884722
0.338916871643691
0.458672134603847
1.03614722678334
-0.0311164870232601
-0.210369032996205
0.796526686129172
1.48141257976271
1.49911539460776
-0.0205951113499761
-0.56251936797609
0.77985124482859
0.711606972982517
0.718995335394138
2.13959244761528
0.280723184556834
0.955816687366072
1.26121980204676
0.856690370715571
1.12748605132193
0.564779030698762
0.153151861864925
-0.00429185924675551
-0.438404722863798
0.121385472824226
0.651393959926063
1.41436033386055
0.920830812544461
1.25241904511605
1.34473722418082
0.731780271850859
0.379798437419017
0.744670493166025
0.429011235920089
1.8577421855236
0.436969622121482
0.139053834915934
0.914996106684876
0.208468458612006
0.369571670464758
0.970098822310747
1.00725302173071
0.21098809478427
0.295647822844548
1.0207703073741
1.58861665331133
1.28681755791517
0.655328458566973
1.3001219495233
1.63013678314962
1.54094608285081
0.336096294891729
-0.661998415480921
0.886542990028193
0.973484900948069
1.53087319489809
1.30352057570938
0.126319053378671
0.0378649073050651
1.13081654100506
-0.121320205791762
0.451779250888884
2.14493481045719
1.37249256779641
-0.0602069534556939
1.27626332236875
2.11128365298005
1.17620196181749
0.36623417190132
-0.0621900233319508
-0.336214580874171
0.289456592346886
0.816854996408889
-0.206700366159342
0.0680465112015374
0.508419666631231
2.3903276671732
3.05542291431956
2.17193969586909
2.99751848113453
3.37095339478031
2.38827242747448
3.54401302875986
4.37047301872385
1.74325873514763
2.13208670221612
3.97942358531643
3.54603563608563
2.99771548402464
1.75603508432445
2.9947069883025
3.72180986931141
2.71175574871422
1.83630592073412
2.57222320113431
2.99170107078828
3.03623792239682
2.52909409987376
2.37967823569333
2.09327567134712
3.63964418262203
4.30881884590387
2.38824134741293
2.21861864858198
3.63180747786069
2.46251208622245
2.65306777223335
2.51136493535616
1.76681660012576
1.97524026125911
2.36562540702717
2.79553537882098
3.28537273867827
2.75426022089061
2.93938658075338
2.23714566598985
2.68609255331663
2.65172108141927
1.10828918129095
2.72505021904103
3.01751476464127
2.50695880175237
1.50004571099746
3.12105179971287
2.55081133963614
3.55077742326617
2.37214433227876
3.40616221389375
1.98082779959305
2.31411897287622
1.66618682829069
1.57588973694791
1.95989342313188
3.16794117774292
2.63475376096711
2.70075112938338
3.11572735686239
1.58201512788729
3.99069577986848
3.08058387203244
2.1584899936691
2.78360323881024
2.86605519611775
2.68248435185421
3.80728543940517
3.11784643834434
2.29736894007006
2.83753804678983
2.94265408638001
2.13443556177593
1.89610183058767
3.3209633006999
2.08512555757509
3.38467779845063
2.79651070287367
2.46447706648506
2.52021862614273
1.97994108239795
2.73474913451472
2.96568581764418
2.08009166018483
2.3886328388993
3.22627868647834
3.09180665906965
3.21413416606968
2.05087665741028
2.90073384243954
2.28486776960761
2.67672280160497
2.31726215484006
2.0656515712106
2.8754758969944
2.58746757108084
2.52020231887822
2.6114951401311
3.00152356749592
