-0.313435345374547
1.08286801910397
-0.281209455432401
1.32572599182861
1.2355203327876
0.344929638236779
1.16011628750037
0.208412965077675
-2.02998498035841
-0.925138771759101
0.788123790479227
-1.39068433133271
1.35186402858344
0.274101873993819
0.341214119277455
1.18318150111338
-0.712555973743139
0.617338412932593
-0.434723216479169
-0.955385593346472
-1.90099506051527
0.520565042768479
1.90162423629047
0.379241377503729
0.151734625225154
-1.02789178656658
-0.873994433801039
1.85810005105071
-0.406102830603333
-1.07430580219152
1.02763268388024
0.656670905111052
-1.31043097624188
0.13635718219721
2.30167228902125
-0.388602536141646
0.724773772842606
2.05525336187004
0.285492021440052
0.548975224477679
0.0999880822321395
-0.110525896376491
1.97026368004478
0.2125453275191
-0.111466020714996
-0.611284884499345
-0.237421476207648
0.5398954939736
-0.125528549216331
0.917270119109727
-0.596070805660192
-0.752693947418592
-0.75409289673374
-1.42618390254261
0.100834789278053
1.94392092743908
0.6143262175086
-1.30937033085314
2.41297215766194
0.707221728902098
1.25449318390715
0.285026425653904
0.580818827979625
0.249930748390972
0.174592733285018
-0.85158750805851
1.16655038788782
-0.722083791223126
0.547606221309217
2.23267969907221
2.13525625866536
-0.359350455445819
0.960647993774861
-0.285254955825399
0.84948413057278
-0.967963262573077
-0.703921125270362
-0.68323073196096
0.708321954123719
-0.0358532157822317
-0.777275749673834
-1.29317691616481
2.24211302248399
0.382589955427373
-0.204001370068542
3.49009604344503
0.186892598717879
0.0884712700820576
-1.01681583164495
0.356291561220416
-0.93409227013773
0.157426823209079
-0.819511252579741
0.0212551497954613
1.44588105108173
0.584844438841687
-1.81249252150792
0.328026614622261
0.816939453976208
-1.29598096222543
