-1.90627974511016
-1.24331753931735
0.67027560874976
-0.346160286831564
-0.899538907226008
0.0138893667660052
-0.309726999309475
0.501400286558117
-2.1840959475928
0.498693383341408
2.17241766031674
1.11790243676203
0.845541548237442
-1.65054203767749
0.281156919090799
-0.941631717361554
1.12428937736971
0.941856661758536
-0.744203872438237
-0.811156519700852
2.20018628678986
-2.84452401860073
-0.409545065944244
-1.90442197472424
2.73128316986364
1.02527797933987
-0.0584592952360413
-0.381019382936478
-0.338347318383241
-0.297329285250071
1.0193052257476
-1.75256977184572
0.265486527396363
-0.50908217549439
0.248684387074831
0.290868601967093
0.671945717662528
0.295717966562155
-1.25567927882436
-1.22481265272935
0.979772823482306
-0.0727265667426825
-0.415565539129164
-0.565941522901947
-0.134527210815538
-0.479818174470334
-0.208877663747979
1.75371666423036
0.475906448399122
-0.0095888922706075
1.37561608835973
0.486525499829123
0.972826459837159
-0.309732387396967
-0.567121786164317
1.54711538477591
-1.03212928653747
-1.97204203558473
-0.772760636102
0.981958285292017
0.78802691888201
-1.27849645548177
0.419677457375956
-1.05288344264638
1.179944372828
-1.59778033021578
-0.695195414177977
-1.34552940447575
-0.464561779427809
1.46113933556214
0.933279416803665
0.348617616614467
1.45322451073321
1.01583021354828
-1.2586392991317
0.671104920862839
-1.53419281142386
-0.7886832922635
-0.799065106777119
-1.04766833692244
-0.471571916481231
0.416190569835417
0.769560395948496
-0.441228810587757
0.835816955621142
-0.27386066211772
0.385997757137564
-1.83138609188732
-0.240194843273515
0.463876164741527
1.13930223623046
1.56330981452196
-0.820527567806035
-0.303283854246909
-1.11020825322767
-0.512005201971042
-0.253989894030366
-1.1500461105425
0.307083015398793
2.38684184218422
-2.17315343322261
-0.401792358205626
-0.579154059433291
-0.724555936118998
-0.961851790462532
0.344392621600878
0.405766515696578
-0.840716814397654
0.543508548382035
-0.0537277939254964
-0.0764693810709559
-0.715878778926378
-0.531029177879683
-2.17743346841897
0.981861148755688
0.228114883607507
-1.24929073501158
-1.06791635651216
-0.828478691485176
0.957350396284801
-1.0228095361552
2.62688299301321
-0.859879788571331
-0.274660381486538
0.321071010801209
-1.963090871869
0.16856305483968
-0.753186764684093
-0.517351260644289
-0.46565177172094
0.790008271800552
-1.07017172740255
0.185731502642591
0.334774359735214
0.415729992211105
0.890654880312294
0.0713008564227944
-1.15507977685339
-0.64623357686157
0.234612910012192
-1.69847789758448
0.84355374764114
0.800981252867483
-0.640096242378324
0.0747818625876438
-1.0474933709766
-1.52426375247779
1.45748785125484
0.161457627677078
-0.661604681803554
1.79395386585231
-1.46976892011743
2.01620174277108
-0.25820190010651
-0.300095148279834
-0.862035053559043
-0.715668053870498
1.14623258740881
0.24141948326859
2.32670160488231
-0.927759951203031
0.0140297898385587
0.733815968805485
0.418423778103982
-0.791760672946464
0.53606416483034
1.27907766830678
-0.853922228705525
0.190076423480846
0.615764606212036
-0.328050846525511
2.03151986783466
-0.0105652814939783
-1.07818181366258
-1.16811195620291
0.348157846032767
1.63063210615823
0.85966468146998
0.132557706328877
-0.208459522783401
-0.451930770881611
0.870111095308672
-0.496576703243451
0.726787053022811
0.138091864452177
2.48827732506508
1.84499397788087
-0.260259427634278
-0.291778239011966
0.28706017496097
0.923012561147079
0.772499674251136
0.16662243806916
0.626622826199255
1.08297583592144
0.498274557433267
-0.0163676319370025
0.0114717156650236
-0.641808529279534
-0.662102776084987
