0.102979634472968
0.927382982540042
1.41353253217999
3.40787389243834
0.622603036531551
0.0949814016444137
1.47514015201321
0.473373156384987
0.392571751222383
0.516487580245498
-0.186746438867813
-0.42692400675204
-0.57673052301619
0.403048351648026
-0.379952551029193
2.73903751332829
1.78928318642849
0.367252159252678
1.27240836254355
0.593421403348839
0.536588601003196
1.54908254592615
0.895503456359538
0.544290979662104
3.23914820140142
-0.394300977609878
1.34446030647655
1.29002155754064
0.983019745640729
0.304306527264728
3.05416094745246
0.918032913810418
1.02943217164969
0.292670251036312
0.860695118713305
1.21490500798239
0.2831513568709
-0.0867070236787441
0.326934897876734
1.3278990204364
0.610769552060598
0.546982482508072
0.0812537053833387
0.059712549442941
0.293578793883604
0.441579861164155
0.148854107655984
0.632288553111705
-0.604131643262487
1.27216639037355
0.378361082908378
0.18100611369679
-0.267261701667706
-0.419183920840082
-0.299992589098457
1.03977005345183
0.810242029163029
-0.118723878828167
1.82273212700957
0.490797594588409
-0.149217166945251
0.463526572342574
-0.0778668148974767
0.875607304482742
1.08370047487336
-0.2912616868197
0.120095582371694
-0.102661633612338
-0.225502547756848
0.947413574925763
1.48058190773605
1.73019878133436
0.189241158195161
0.920171729618903
0.457207225575609
0.735990001937489
1.3860788057092
1.19242229070979
0.834952000443556
0.424703679460797
0.202470065904568
0.393872385812224
1.41745994400114
-0.377481149010438
-0.445591337361915
0.875317935457731
1.09452928412446
1.37759279755533
0.959408657048989
-0.018001667174586
1.06894038738608
0.737178376129138
0.711913587362468
0.425261584500269
1.76586012591752
1.95031543871285
1.72968940226232
0.359007990592371
-0.0721259539245588
0.709417107108712
0.717250135768713
2.3327722972773
0.533502620598486
0.550806616759231
-0.378800354831074
1.59519290561798
1.55548854867174
0.961972677250017
0.160554487769853
1.01715120502406
1.25370661200329
2.31388810242043
0.380772776687238
0.289005404345011
0.05257122149826
1.25409431738908
0.522481589375655
1.285570031988
1.18197579780379
1.62174429164055
0.512953898427777
2.35729128870804
1.11820485547825
1.22491309536463
0.107923646240937
0.469607497872362
2.41420269438025
0.956424889340111
0.195630048907608
1.0539396295572
0.986354748710277
-0.21412238346789
0.84089912295909
-0.101616965767619
0.508135443042674
-0.0272963216791457
1.87910641644483
1.21677065075069
0.938527991349101
0.608951120222915
0.425516976056379
0.615294987643363
0.710782816618168
0.10221580616572
1.58928284627034
0.398927532338375
-1.16968924685542
1.81015859294674
1.00475881430529
0.483468078209961
0.613559516144418
0.154958344127795
0.307133713068457
-0.229493184379035
-0.206246054390549
0.0987066775789721
0.874477943763756
-0.386907118463202
0.664847635599469
-0.226179471781778
1.17406339876763
0.209246309619868
0.685856724329678
1.7167778491946
0.952396105385553
1.33614608415279
0.441208745226298
0.0240995712379707
0.260248055984142
1.11773300644286
1.324521468384
1.52667792683903
1.71983829116926
1.94600458960608
0.195158380589242
0.574617137070988
0.719718994139897
1.2989166870237
0.563332555500829
1.03428222381037
0.0837787608159091
-0.00524737613743842
0.533406428510724
0.176378859111382
0.422493468349595
0.92345037597147
1.16890665040182
1.34794947066754
0.259877240350798
0.77275578466035
0.864456546917117
0.992524978926257
-0.0102545995006482
0.665640935440669
0.601939573166733
0.515194995279291
0.308271318738369
0.466283059435268
1.60319491918687
1.75014595402139
