-0.0234127491163658
0.45323267403687
0.605371109870672
0.197348134384879
0.143457182736175
0.120804800367617
2.12754699658623
0.374649110180759
0.954633445266812
-0.0140043988962377
0.105794823575776
0.214618162779633
1.60809045536769
1.03240267072397
1.72603825218783
0.452073943224831
1.42479530450773
0.833647162542332
0.831414857331166
0.103333351316087
0.130299853500763
1.36957542697788
0.191164337054201
0.613176305042008
-0.546873924352971
0.587438290953733
2.0604721095219
-0.166511120548119
1.95931537070714
0.445100018472448
-0.052450295061794
0.14498172308045
2.21724436128149
1.17486958146202
0.304080373776078
0.603681034629344
0.278739636283432
1.03135145124989
0.382329846061136
1.20335997658877
0.299284705118687
0.561961335562912
-0.390754328323599
1.06736471863286
0.826221241497286
0.903702220894456
1.00658894403806
0.882071820691414
0.31398973525531
1.89474471250338
0.510269732303037
2.08103791355061
1.76220356972695
0.684319159980695
1.02774024446911
0.380090956041169
0.260977425848412
0.503636412381038
-0.53998623196142
-0.137149562329005
0.102823982592351
0.473680222362564
1.90726831825792
0.498396115379914
0.749035231902434
0.0749973249568394
0.556942196986534
1.32560392776319
0.489313234064374
1.03939930094248
1.63584992466472
0.777256837981286
0.115764857873601
0.41430536123304
-0.0919174193265889
1.00618051716691
1.10893335667466
1.26910851269952
-0.0319755931509496
1.53906346572914
0.354441125075165
0.219454776270849
2.13310324315924
0.00556512314736285
2.0306853269148
-0.0799986061355866
1.3347442097482
0.304475682208543
1.35417323421265
1.00085513311861
1.25953345371385
1.70256004155496
-0.335271821374346
0.153407776541761
0.281645195345448
0.911381032042469
1.06218260405755
1.37511958324795
0.341139801873263
2.03455847702902
2.43515922407589
2.06389883057935
2.17942302240626
2.99578370575974
3.45815587592401
2.04927123424952
3.00619259182974
1.93496254550966
2.52697553610747
2.11009537831186
2.66444067535705
4.13071275866496
2.96435577930014
2.45964505768171
2.63648477625509
1.97659848731391
1.60091116590459
2.8024084109698
2.31309868452319
2.04318136523564
1.65951282020773
2.67729002874529
1.80533599921887
3.32854147145611
2.33714514833279
2.24105214810914
2.95950699808265
3.5900641737216
2.27441404050755
3.99095029821634
2.06582539122151
3.51084112988701
3.3782473645863
1.89713038934236
2.58394347013811
2.62990779140803
2.9025531292797
1.79849239222237
1.78973313954909
2.29575993520709
2.28283856355717
2.7847008833074
1.64394895750728
3.20961145174799
3.71512658857696
3.59334370430296
2.43397963584122
1.40177931305691
2.63819301102087
3.8417488121767
3.83671919791271
2.41352591606419
3.28511928867925
2.42947722027696
3.1294447458615
2.76831259354471
2.11440978370841
3.92433430208467
3.25420133273023
2.20730836675868
1.51942997535296
2.0861251059148
1.34774583921659
1.95562499936502
2.52280620921417
1.98151938926025
3.46209845736284
1.94802341419762
2.31040714390414
2.88203668778386
2.81467098338599
3.11587932019623
1.61243819881948
3.40354512891016
2.8150529062922
1.40750978961515
2.71622721194323
2.34265947764222
2.22607228584179
2.4924453014764
1.89472442891123
2.78084344605208
1.74444188238743
1.72588925374534
2.38371833106224
2.1456562223864
3.10884499342695
2.72934142635151
2.11705565411679
3.29900405044988
1.99678453297981
2.0190946104543
2.42814378158666
3.28533372480206
2.73273667072843
3.09620989256418
1.9436284351016
2.9267013933878
2.96148939764853
2.27415548914994
