0.65037877255469
-0.661641454157555
1.97936049620844
-0.0700546235823049
-0.252531056066392
-0.110175648289922
-0.347258905056854
1.17072240519433
-0.247930774243105
-0.0445019172297742
-0.459660694871685
0.207803786219509
1.10441510250406
0.738715638129062
0.00157311279938659
-1.27361307152463
-1.1423158053784
0.212592433653897
-0.191740710899957
0.0461971188747965
-0.188359094660938
0.564317874018385
0.174343229045708
0.25845481956879
0.755253862169707
-0.0622038854132127
-0.317900567872461
-1.49213628754434
-3.14319376610249
0.67787345406785
-0.0444688241788552
-1.08541496214174
2.47686945228116
1.22079878517827
-0.556365220569906
0.519025671207467
-0.534410955227842
0.562171573840314
0.922757097737907
0.983304392924192
-1.74208729860276
1.26349585741033
-1.71434812917482
0.0200780254683666
-0.790528330970584
-0.729964603233287
-1.3003825142289
0.222414053544209
-0.603172965022675
-1.7489388913571
-0.260388301522047
0.337239805586972
-1.35216491697441
-1.17247862157122
0.318758462042775
-0.0805707352654926
-0.817269860780495
-0.38220132467946
1.62649285692952
0.749096841206697
0.0656696256012187
-1.65363305723082
1.69422956509689
1.07736753112977
-0.215812501694495
1.40075245127931
0.279814423853819
1.14008523646369
0.965850801238305
1.08924562169171
-0.896846119613726
-0.284249054589197
-0.96477814653925
1.11960857356345
0.166559116633732
-0.474455964636991
0.986902107161854
-1.75448650690632
-0.370352860755725
0.0302474270896137
0.666075805165541
-0.0688142431904569
0.378453300714295
-1.10694207188212
0.42062089100907
-1.29954814800336
0.511660637667441
0.423911825621638
1.66371635640433
1.49497017415455
-0.858668749000323
-0.119994297233937
0.504979327816059
0.957921558355155
-0.0760484360817568
0.0322155817025013
1.05907211178249
-1.70839374728234
-0.253967957216576
-0.252954584016597
