1.78343554367804
1.44270876904877
-0.326718438488897
0.688182029658947
-0.166857273951424
-0.103417615912545
0.155200351521962
-0.0461816382755037
0.744061405855557
-0.238066374475469
-0.999802832109273
0.647243047892659
0.30549975186814
-0.593466360799122
0.231428282426669
-0.653370825361354
1.43642862400283
-0.0572939756406936
0.618287112808225
0.8935575641142
-0.857355165408386
0.658381659185988
-1.37022025130949
-0.95182951803381
0.389332508431747
-1.225399471047
0.892393891311058
-1.54998627650805
-1.40264852220754
-0.123952628953355
0.226830111764271
2.20099710529642
0.526843710507756
1.29196022291656
1.59650395796848
1.72705446988099
-0.414736199650573
1.23917758449195
0.63526754127678
2.08304384067753
0.556099383668238
-0.014682827627713
-0.514871064487087
-0.125546807168889
-0.709752787178965
0.394073295554228
0.542897170648012
1.18820639666016
-0.60763168781885
-0.974282278460941
-0.236908591199523
-0.181404350683587
-0.749974393153504
0.631837828097469
1.17608396568269
1.35439272862831
-1.31813566354788
-0.181606963694929
1.98778691993706
-0.264956304036341
-0.360944522695842
0.189026922303222
-2.04844630047028
-1.60602365806682
1.05897770243164
0.803474794504346
-1.15284773326043
0.343062488854386
-0.998197106293994
-1.28157697755152
0.0365228423121437
-0.570929712749402
1.93115062732233
0.162453843008557
1.87385015143537
-0.529198472836274
-0.387320829625367
2.0296314124214
-1.16992813180412
0.437317163531613
1.12930523942065
0.688388297481149
0.0339524191223375
0.535446150449424
0.29699759312644
-1.36309154264495
-0.00762977131192212
0.0558627792461827
-1.10017233111421
-0.411490094721118
0.027764797888979
0.30046647083588
-0.187481902168776
-0.142564183032843
1.04916952462055
-0.824529447469334
-0.126408334308173
0.520592628125928
0.217730341550524
-0.800479910775931
-0.35920402330702
1.84431880236464
0.399218111850936
-1.16150802511931
2.52652954784568
-0.509950197628882
-0.94813135008769
-0.0883919419155794
-0.827446144029355
-0.731952999593753
-0.562490786168807
-0.416089179001207
-0.283446124404373
-0.623447694485406
0.695366596860761
1.74993463934519
1.35247611444137
0.440490660568856
3.02224884344451
0.657167348174135
0.291361500759882
-0.818748791760178
1.73212432167652
-0.123394484124909
1.5460901625462
-0.129292122752927
0.791106598815888
0.0561747427978286
0.430332011400122
0.735553739941925
0.0351967147974309
0.735499306266719
-0.235914379320787
0.652121638427226
0.324830830214832
0.62967806454906
-0.667887713356185
-0.349926969737565
0.90264724843224
-0.878548213862375
1.49951718356957
-1.17506750961797
-0.461920583344769
2.41513998354677
-0.855935865953671
0.394092868738136
1.23130895950225
0.403165359693483
-1.63919202802597
-0.260078649901002
-0.856764204558919
-0.183102777158977
0.996792523948659
-1.72288718245406
-0.530702195966799
-0.879171377359783
-0.556910720157979
-0.956233577589823
0.438244513449288
-0.540274501589641
1.19812132040569
0.091855060683083
-1.6067068048709
-1.23234192989628
1.17142141935024
-0.0653494450323045
0.0991140774793244
-0.220876394854912
-1.07900999536215
-0.781210504344993
-0.0101874768590206
1.17615705713283
-1.03261959048805
-0.611416471674495
-2.15447895811735
-0.796432531535801
-1.26714927992247
0.615048612257652
-0.0490465637480521
-0.652521694063289
-0.540063053366942
0.430691794256971
-1.15271875815351
-0.307918085044766
-2.10616281075177
-0.311636115073299
-0.0187517776910085
-0.686742555676476
0.0303890793580699
0.905907556897302
-1.53835279580302
-0.939068032062155
2.09983866404753
-0.311471918833528
-1.0148782246281
-1.26452458649344
-0.717804738161056
1.04634026734929
0.405345599661284
2.16504452991969
