0.467942149651481
1.04719261061133
0.6363748217072
-0.585646378103921
1.63621295933674
1.30179062197323
-0.0447602719896045
0.841465686791747
0.0342333068116814
0.256125486220571
0.172169946764151
0.622748405404893
0.200462572242797
2.08162721314094
0.45957159119811
0.611384642893969
1.712047278671
1.12029436731894
0.424735168012571
1.29259022818925
0.57644179081362
1.92319006922638
0.347644259114406
1.46466361497738
1.0650174921875
0.274360745126488
0.385322535984287
1.35729843794923
1.04771553606856
0.231600869712441
0.358734816476396
1.1398654506268
1.87235169694168
1.88299059916623
0.542151999185742
-0.159612026158974
-0.169480807062092
0.92918601202254
1.06034076785162
0.868240193805137
1.3236319733095
1.65109618515739
0.484827648371506
0.406447258947641
0.229917950509934
-0.194337908804486
0.199172945885715
0.894774076730358
1.00902308947536
0.991381532483976
0.943205700065883
0.0264246928903175
0.320944591567982
0.459137519488468
-0.0773668115794727
1.43164604337187
1.20133387342623
1.40505415732502
-0.222855010378406
1.37833565629805
0.877655963345722
2.0394752415468
0.00108151109919064
1.07924359597776
0.431004062214603
0.539085983329895
-0.382556216765009
0.56782293099094
0.0259344282692593
0.336742377386056
0.799097865975519
-0.619665974185896
0.188382163683588
-0.34184193942878
1.17711954191937
1.6568951334519
1.4441140244286
0.964688609166084
-0.399715048521654
2.25690743186608
1.06477477331149
2.01524739793516
-0.477988247309324
-0.129184750506734
0.0570730783903681
0.174767044080914
-0.22243642075837
-0.24598163684887
0.837550079870538
0.655910744758791
1.46339828060723
0.398436944709404
2.33578592258729
1.05831916477687
1.69964530975318
1.41695196268662
0.359751355864373
0.711172363693546
0.914896583603945
0.98132025136875
