0.594033023640571
1.14337052181775
1.4212682171533
1.8219690905006
0.447398037534736
1.5274863342087
2.02272020755879
1.49287974058729
1.22005486740718
0.691823187033477
-0.0675650009550477
1.22076280725803
-0.400356774339644
1.23392992957441
1.40796113687454
0.940749179157887
1.35662715633431
1.28273124154999
1.57728441746353
1.00460043393943
0.251236746545791
0.909952597610798
1.13447371428563
0.939672742856394
0.443496312565721
1.23150836141885
-0.0107103950386621
0.743658011106734
0.86849932379655
0.409940474362076
0.410260580808803
0.247642686563301
0.9429281633567
0.881726765347822
0.234408025580914
0.0952027328910543
1.04158594036231
0.871246147179874
0.321458037133745
1.01691036894346
0.229709670653504
-0.370587673389537
0.300472368396468
1.43229242383691
-0.103908576044414
-0.175744899963939
-0.35520687374332
1.62697019872527
-0.11734187585148
0.446030219766802
1.37097586835136
0.307451523435772
0.288333046185681
0.73069518017158
-0.362417204084875
1.37106089229505
-0.0992741522515619
0.385103826790444
1.48707689174281
1.78651264314125
1.29480563701936
0.315490658552724
0.90917319117027
1.23478314824433
0.440877585976584
-0.123051152555726
0.101210143714841
-0.270544989162257
0.988938618608754
0.750158509254996
2.11371242222158
1.87034177681119
-0.15326782956606
0.574728773476172
0.818761132471933
-0.119860339775834
0.379261943483986
-0.198693939631468
1.4042078012931
0.0930032143739299
-0.570322747187759
1.46130938065903
2.82451857051031
0.946207533452588
0.941492951672305
0.458835900770471
0.896680192622931
2.77232700221865
1.31214876490848
0.492183601358626
1.22698051426897
0.0180513890072188
1.48666151543929
1.08025111157682
0.41976176558
0.792832751076018
0.0600111940581545
-0.126543362033457
0.867801986368894
1.00952837516775
5.09333623320999
2.71745018773931
2.4494510900856
2.65031756276602
2.90377627553543
2.90543299902166
2.99403477433047
1.92661783382632
2.20859337790776
3.15003170451487
2.288599773214
2.70721107602299
3.00077326137976
2.98681185347076
2.79407988820491
4.34271328593395
2.36352822725202
3.59932419143574
2.27616227067668
2.87890763502882
1.86646045897204
2.02949660080101
2.64699761917287
3.28717860050035
3.25216263222762
2.54883778850987
1.94173540712258
1.51713387895717
3.02260581296031
4.63573998268548
3.24425814659448
2.84965465591721
2.52537446606578
2.7723358525211
2.68533503728552
3.20920519320331
4.09927972615917
3.69012190358595
1.92742589296196
2.56792208991643
1.74541857953821
2.16000895077973
4.30553366575813
2.99454521941272
3.03126819480976
3.43049461842302
2.52855395387578
2.23403668386719
2.61980972425097
2.46378507678315
2.58731794288608
2.22530125048219
2.87777636825259
3.94432298342187
2.22418456957964
2.72858223454289
1.91324404965863
1.81278762796196
2.76783773731851
2.65148529347873
2.35752299921877
3.15609148037499
3.29659645655824
2.88223131273021
3.30212283763969
3.39663828833984
1.54233951765566
2.72689947466984
2.95209732251632
2.56416195966724
3.26715181700085
2.23197505626001
1.92578555719696
2.82223668639332
2.96781229949242
1.94654899924664
2.09589618278479
2.5423704922395
2.9688729621673
4.27937933233608
3.66761833912072
1.62724089244282
2.58705046029582
2.93563658053344
2.82125211432732
2.18420656732138
2.88088682790094
3.03557910249498
2.67747389037896
2.60249820394586
3.5590388305101
3.41165158014373
3.63752517213645
2.91306521992482
1.99559313021763
2.22472077561931
3.65941592182844
2.93932390753785
2.25479984540032
2.96778870752089
