-0.355652319279265
0.602158569723377
0.787029823962291
-0.191196914045121
1.06237051930088
0.0496871961393159
0.32549139629543
0.774921488577434
0.350673784991495
0.370263154879914
1.51413567483938
-0.0738627215007104
0.287474439423164
-0.0950547114773526
1.03393442270696
0.984326407981086
0.177000052162038
-0.673923798769965
0.0686050656307654
0.265558070489271
0.921785773712233
1.09157873718767
-0.0549691686724989
1.69215418800848
0.336307681640822
0.933613628574224
0.689145801431855
-0.382460269370261
0.0634885625437734
0.899081353438924
1.3478635446918
-0.263894858033675
0.222070193651091
-0.0162413194037746
1.21224842171968
1.17354487445617
2.17045015148323
1.04027715390368
0.122314484143085
0.595733519670867
1.22585841352818
0.12434650537227
0.596501533288949
0.511390715911249
1.15270417701725
-0.285329649744397
0.385913717017831
1.36970267677872
0.235466211376343
1.32226307463325
0.184780667870476
-0.64578238758796
1.57900483428119
0.222961804399416
0.217792795632039
-0.279284382663542
0.59782720950158
0.992095925791937
1.25938293440481
0.460474007494682
0.895299420654238
0.395425806550983
1.29573005053992
-0.17898904161679
0.0363712524146679
1.63308146666236
0.279451958252508
0.550393964333299
1.93280754884687
0.466413971608885
1.03819451195091
1.58452217076744
1.54186942699133
0.816177507454846
0.390608595284722
1.3697093455366
1.45276970983228
0.524857288223684
0.462561824217612
1.12824820083587
0.203244746829308
1.23721267135792
-0.139398256155599
1.40775352002472
-0.320557390865117
0.71463900313615
0.852357119062696
0.479832683225239
1.90664122130287
-0.140001364823208
0.978213317519183
0.593681001471177
0.466540307037163
0.941023230130335
0.597010091718883
1.57551340643627
0.91822029314639
-0.00484853964338624
-0.116146996813417
1.4431828794061
0.75654358625495
0.308340007186825
1.84688237963425
0.373111247378033
0.58987004344409
0.498777994951833
1.37842765861991
1.34134654779988
1.75627126952632
0.165452717137344
0.592276329108113
1.17659891464426
-0.219272972149172
0.889596341973587
1.21285242826693
0.0532717308612218
-0.254305338110267
0.279175439385285
-0.111627442209071
0.373863664238082
1.34397894893874
1.27547090330011
2.70216301509072
1.22328695859112
0.0537943342929174
-0.107165984006825
2.10687488375616
-0.282050983985626
1.34535024153658
0.221396301133011
0.906625004026369
1.79660673539856
1.99737541641524
2.03429967106589
-0.52646654819573
1.23278663388718
-0.626029408426916
0.954563264808326
1.65677437349763
1.74215596674267
-0.430508210614113
-0.399031413135453
0.479959776404311
2.28887357169551
-0.190935501653909
0.295119108770754
1.59467423078495
0.630471176157959
1.19046950499601
0.285381610799439
0.765874996030725
1.09934247803388
2.35400718357075
0.534765237872318
1.27562284024581
1.16899977031999
0.818241645834983
0.664983219453313
-0.494447380226208
0.497343733380175
0.453916798718334
0.237821662354946
-0.186101287995461
2.10241914798066
0.319258299255815
0.0700949597476248
0.775407614134343
0.136931522137159
0.7617045947048
-0.56935558959515
-0.215346736624978
0.203349027894026
0.673823229520365
0.218623107497554
0.642318444693258
2.71020361521521
-0.687639458503818
1.20653950016802
0.425789507887978
-0.884428881865928
0.399968121677633
0.237176446045465
0.985368524579726
1.60483284183078
0.729057068320742
0.232002599692093
0.529991882623015
-0.530240477282184
0.248320257445542
0.591825706405807
0.122137542715733
0.427330986415392
0.82170920326216
0.782163228932686
0.664837421007166
0.450069465529782
0.897970135747651
0.458398442833992
0.919552512162821
0.808962473143494
