-0.220011765815224
0.167650459553274
-0.470258101274048
1.39189732654304
0.340080801073448
0.924069707303943
0.466545498423352
0.664488811186044
1.50871971879037
-0.111031953558401
0.919927521623997
0.229946103214219
-0.229694369891523
0.715163532873354
2.29391439248198
-0.235467698893099
-0.344558367196365
1.74044124172452
1.84778385859516
1.19996387024916
1.6185608134675
1.28904756558647
0.862641268807059
1.5120387294015
1.68307535127219
0.204013417581969
0.318021265096268
0.911754070416654
-0.714471720227339
0.0345892318222504
0.838484615310572
1.14871105818583
0.700791742663844
-0.0238381092220642
-0.043260655524043
0.859522872386115
0.554901600810127
1.32994408649075
-0.813379410680888
0.270514143501321
0.850841348132068
1.49270851698213
0.391772524024945
0.676225796607295
0.189683929411629
-0.298607088603777
1.82429193981906
0.449190064340982
1.62605069929672
-0.134655603234521
0.976840653665721
1.00588020073486
1.06886981943049
0.425922323871099
0.345085236405635
1.82869406220694
1.61412508654052
0.374881158395362
2.80778793531673
1.69985712860298
0.594122658018322
2.36402481258522
0.112250894313378
1.6072783732404
0.350655164990989
1.09158370211202
0.166380847757571
-0.195517427481869
1.02742600417406
-0.439053361643099
2.21059551675547
1.00393713397426
0.35931168811263
0.000932432333265989
0.115759207271096
0.191590227285867
-0.132713493480101
0.98810319771979
1.01613106427174
1.48602233285073
0.849121104095367
1.08068649596394
0.722979129966732
0.603229622479798
1.30495241770589
2.86076231668945
1.02482602202089
1.04075204254183
0.330712609287919
1.26413723734612
0.0618757811041701
1.09090451807771
1.05974622420801
1.54597683946012
1.05574794814947
1.5309514095687
0.271610756450047
-0.209223233140201
0.260098749555204
0.0126805204739566
