0.409596270026258
0.335521939452812
0.816535236304698
1.79954959543885
1.74409600965203
2.13109110451715
1.26344792351365
0.17277962885574
0.523754368332086
1.99163112774768
-0.163220272638478
0.516079578059761
-0.44628088933238
0.51147717185153
0.308881242135161
0.174139415075868
0.830643308962918
1.1110822241352
0.253320417782211
0.590262127413601
0.791557748213916
0.673761114222428
0.366067016401726
0.405681725782457
-0.0436252660036717
-0.509781873839394
-0.252600616220471
-0.0398416782603707
0.583235816899616
-0.2091995697536
0.070587502188676
0.961963035728095
0.37648834938734
0.429036941566673
0.834979182534906
0.0950070531281978
0.395678591711334
1.03785516394524
0.0528027127332063
2.11295883037581
-0.0863776601512543
0.673774163861291
-0.578338006603633
1.44857475868836
0.439561801784179
0.53028307500955
0.499095588045372
1.22005401920329
1.5059934302178
0.151465642829266
0.585983336697833
0.980005951520157
2.64675173788824
0.622225047585653
0.969066560932881
0.562553653600573
0.949612447284579
3.47661254374088
1.21566713466796
1.14609176256504
1.13864338114486
0.324959979615844
0.340264887566683
0.95930012892301
1.41325246080831
1.21385665651673
1.74935165162495
2.38192785478218
1.69409347811646
0.836161094474949
0.447758890010373
0.454102195401676
2.38854724560508
0.862003119626454
0.597878478447697
-0.182641044780151
1.21146584641927
0.661488389146439
2.07804157036632
1.13522007646584
1.03143738255095
0.771500833224518
2.33687021490548
0.924212797049864
1.17306070994408
0.66326618612797
1.87523252791118
0.689665477752227
0.979959186460345
1.74705384480241
1.01958793152512
1.10349088893507
3.09124882387405
0.921087592657316
2.15097546657109
0.525146251986306
-0.0535939033620551
2.76555195488073
1.95501817364683
1.20943965627432
0.894627158608767
0.942069716787684
1.33023372590099
1.33735305350323
1.03776190688075
2.03336610854085
0.776745184823596
2.55226031977953
1.54524482111004
1.41895185016733
2.32737784602367
1.37305887132307
0.635094203936914
1.54694609968666
1.69659465512137
0.971496448240974
1.01126426562077
1.7945984742046
1.41263185269954
1.3898115800583
0.956920548990774
1.58065789554645
2.0571789830627
0.849086409693194
1.41643641406034
2.11680754104093
1.77324463204262
0.493993877872661
1.24037742318661
0.00837473278119827
1.70740898409449
1.25309506266926
1.20689404999099
0.489652168565188
0.183256873695249
0.423277600812816
2.25463280412367
2.52989193459823
1.25227040912321
0.257067567108145
0.986196199848945
0.946069587892515
1.60778433887335
1.51138021737143
1.48939232543095
1.31743261697652
1.49782733827812
0.47221023189636
2.87201808053539
2.11185749701269
