1.09389886834271
1.06914673852297
0.565318893679283
-0.187507766017363
2.68764314102514
-0.38741236512797
0.108732300527455
1.05029754925861
0.874898705263455
-0.226392367548942
0.110399404282
-0.154585583487039
1.6692721986606
0.864638401314811
0.774489649649807
0.662500760149834
0.88305388740044
0.910810977543446
1.71394475964937
1.44668112974165
0.385513067315998
2.02557040444931
0.633424914501273
0.967815335927003
0.463496204375155
0.755993198448992
1.56479229320527
-0.396439401755441
1.73149574948945
1.38509745634332
0.0575591470539416
-0.0709505218430889
0.0925038109134634
0.128195099687056
0.00360200687958134
0.54238304905705
1.56749144420978
1.57645921094475
0.880897999449339
2.37326562532708
0.456210198160655
1.16383393598934
0.247563355853549
-0.0832339308710285
1.22613933880877
1.21944072747071
-0.208084377900014
0.24200349906079
1.76608068459293
1.73530312832241
-0.18538117723763
1.73117814659481
-0.462525741383837
-0.177256116897208
0.673411195556789
1.55180990662339
0.391954363049688
0.786545347578911
-0.57794920982355
0.620860304180116
1.07157942709068
1.52022220021609
1.72921211325192
0.409253654200225
1.74904049053113
1.19541544714945
2.12117963700572
2.46103351423583
-0.231786869180394
1.25358772181926
0.398370822853345
0.567231703684384
0.374150535050476
0.0675071729943989
0.132403883200542
0.517372702250251
1.03836026982991
0.331328476903884
0.620048122685876
0.81389945382661
1.07646618896599
0.947418934914288
0.448239288508836
-0.643312976601156
1.44537309590148
0.61523664460347
0.902162356752592
1.28294614756119
0.471398888832269
0.0597251629308306
0.211767150341729
0.222777081574213
1.36504343478161
0.484418436040512
1.03735149511353
-0.240740382894646
0.408647685270568
1.13218687684903
0.364112176643847
0.359689636277643
3.41107342405337
2.24731268847686
3.18240955881181
2.62213672990229
1.55460003441619
3.190257765412
2.59953486727712
1.79897230548364
2.12233024866232
2.07826618942787
1.3115216964421
2.28978732437528
2.66890179139979
2.1396704750512
2.84289545085762
3.78588156355841
3.38575312309163
3.07865217234064
2.77821869769942
2.89416214945906
2.84985573302808
1.89607923511514
1.88684434435061
2.0856154173425
1.62131395747947
2.46466072391026
2.39415743996216
2.45129829638167
3.03223177231839
1.68683507427979
2.29085834693888
3.74788306008521
2.39532496157698
1.61923189984188
2.71855801909409
3.35858111995758
3.59109407359101
2.85348673019073
2.2325579733928
2.32296087137381
2.93019236101846
2.27387770515125
1.53625210811423
1.78630527877437
3.7336287401912
3.29122682213659
2.5741135028427
2.82635900801663
2.10102643514234
3.39470444524771
1.98115617311136
2.17887342273134
3.91879352890223
3.58588956793421
2.93604545510593
3.92418514739729
2.36608058606009
3.41317443993397
1.68676611985124
3.58184225370515
3.73795101003871
2.57455571769647
2.38942658823485
1.90283489265672
3.00357057129217
2.88972019688126
2.6451432516779
2.47506393942349
1.92276533838502
1.70661897176151
3.02064014695907
3.2355917550775
2.91331472722479
2.92725223526788
3.12703769960106
2.2810133964635
3.03729383752475
2.37766895246665
3.20468688610645
2.40712400333103
2.45001174594446
4.53294732751084
3.02783721043861
1.50840260910325
3.59381341987445
2.86373000218305
2.35633673576504
2.46058057848919
3.09339369536421
1.81828670812075
3.6402215831342
3.05360268814796
2.13701759369873
3.50482828419622
3.64932848349096
3.037975188936
2.24247822278543
3.36034430546393
3.64553184804271
2.86067768277546
