-1.32444026952355
-0.893849799172466
1.20745205250821
0.123181754184708
-1.63992075122717
0.338595958570925
0.315848526174497
-0.426790687614534
0.124674625917277
1.22143074276804
0.384219702433305
0.0686478797439276
0.017586510832211
-0.223479488541758
-0.833827718153051
-0.557826250534458
-1.36518068536391
-0.198984824270313
-0.860069069907043
-0.759882295115018
-1.14085350304733
-0.498231462660931
-0.700220029121597
-0.144596137663067
-0.787340128985627
-0.410026442649794
-0.197292946671293
-0.537218505657328
0.304042444257625
0.259365747697994
-1.11502632465824
-1.34685143146234
-0.622141084434149
-0.810980673555587
0.810935710313951
-0.365393080016709
0.793725469484839
-0.517526360332334
-0.50268132547553
0.29624712327045
1.35796553069497
-1.06714807530288
-1.22952264095396
-0.765394437846322
1.67333655648278
0.42184438836926
-1.06313107682825
0.609741771703494
-0.198688589686913
0.739409414492184
-0.0212727225293282
0.268163415057606
1.31214913508854
-0.186137827098675
0.0163963966595228
0.799063145763158
1.87922823675572
0.106850357466177
0.727023098455109
0.695854756456969
0.575821032762409
0.819160337970658
0.470274026691263
1.59110077054314
-0.458512336350253
0.280551891073005
0.555271530672754
1.62877813742789
-0.0505068413615196
0.219289801407057
0.0708291520163675
0.332811065325129
-0.374803417596553
-0.180712842439871
1.22611474107558
0.959046856967942
1.04834882070143
0.579732703515132
-0.45527397848152
1.42749452406265
-1.03529590960448
2.06507212980363
-0.409190972091942
0.529529016821338
1.85783937273656
0.968216546607777
-0.248644925498019
-0.450006508256277
-1.09657483707704
1.28448421342524
3.01908837615277
1.40912185977668
-0.598136088351784
0.281139409380064
0.00697830495292673
0.480842429561896
0.215853056089757
-0.13651369595929
0.821767696910063
0.454088039194179
