-0.90328950736766
-1.24922526030938
1.40977720134877
0.992155124677741
0.818308013919196
-0.716687757322843
0.832718281017949
-1.01790000916012
-1.8180140429109
1.06936266717124
0.901568781851136
-0.26574807269232
-0.176009972148767
2.50402562969278
-1.26698217004459
-0.0436113219863085
-0.544010089412374
-1.19493414219548
0.175469547044621
0.705616368059655
0.906860543010135
0.153421628007787
0.832849442865778
1.11181470332732
-0.834465327793598
-1.10399120465138
0.200791309120061
-1.18787876830211
1.52832636974927
-0.158068063112469
-0.138852492257933
0.912532286057604
0.0350100576683395
0.564786682342403
0.148158335894556
0.721974213930855
1.30679552920665
-0.92277706187496
0.227293329994358
-0.814214999423438
-1.33863983914511
-0.816043941616858
-0.248778473442358
1.10689922735407
0.926119284183263
-1.49187214267882
-1.1894990545615
-0.167981439360004
-0.142395343360563
-1.14823644921854
-0.748129865891091
0.561094150363323
-1.3236283212236
0.375206695931005
-0.884445823850828
0.360332324424261
1.30720370998061
-1.0160635309639
-0.133537272523199
-1.13450223756148
0.485889960953158
-0.0761183980530354
0.556243564347392
1.03150178517916
1.28120325084995
0.199957163175358
-0.391221306418723
-0.187033499565848
0.292476564077795
-1.04881762676318
-0.176732045055937
1.01413872786048
-0.0657355386401976
-0.652410938912753
-0.690538348920213
-1.15704591587639
0.366801271940924
-0.947010853770694
-0.681592761153662
0.0429051709788828
0.557855999059671
0.0869470121850158
1.47029654451797
1.24627446566495
0.301755759010875
0.461102160162435
0.340924062714529
-0.861693009792553
-0.40733965944852
-0.398396889714337
1.3046080424421
0.777411699091183
0.206693351821565
0.819920845892727
0.452860348236794
-0.0954710820814693
-0.196972591086146
-0.327482218124475
-2.02980957959695
1.10597607606662
2.28116982993631
2.0497032318782
1.46506462659575
2.51660653019005
2.1113667974246
2.13109507831956
2.82065624284583
0.656221067522868
1.44576353974982
0.418629862121149
2.68864736910078
2.26924925984697
1.84943583439846
0.558545681459656
1.68296669449184
2.13654547844484
2.18959889824674
2.32853601361553
2.98985965379417
1.44688626149569
2.51282885338168
2.27125471041691
0.854856157712416
1.31230607211413
2.80919886922305
3.04629163418204
1.7862407726358
1.78829819228197
1.83554342461569
1.65870825403887
2.18067469209744
1.37312560321717
2.34426422097091
1.82728318731981
2.6390512160221
2.93361753113099
2.37666181987385
2.8604692625898
1.75078892923232
1.39268973919106
2.64425565725996
3.21658624498848
1.38049009539722
3.63408934378179
1.75540539559307
1.2895451450314
1.92584718680062
3.98746810622081
2.90456633638245
1.57210846973296
2.54868352041377
3.68283034419695
0.943747478273894
2.74038291806896
0.700586545525111
2.84191792011462
2.57294198884827
0.969024413310642
-0.00988926174709048
4.25278312640832
1.50010388679096
4.28549777020012
1.03428346155932
1.87964897640042
1.43898202440779
2.18234355851089
1.87186531930218
2.90266416050733
2.58890792584177
1.66635947224203
2.16240170604813
3.79293531630952
3.19250651672144
1.94052688747375
1.20001069929272
0.788312584318794
2.27284103331016
3.29016496754924
3.02754089174287
2.20055076355217
1.4958701367747
1.82910616382396
0.529269980313175
0.816166929200219
0.461599175506833
1.14578482767665
2.96953405723077
1.69591191229038
2.89527526336623
1.95164837146182
1.19795695571741
1.0470292005967
4.67699132918452
2.31136554933958
0.855669175756799
1.18440751185655
2.63458806255934
1.08302996209065
3.12782893605328
2.48216021167635
