2.03216276025595
-0.259140388602598
1.14783740265705
0.839253349318951
0.246935496219888
0.308202857508967
1.95835655402943
0.544680569757811
1.02490601632932
0.947089173719547
1.31022579298786
1.47174731555701
0.757012753415742
-0.400682565585411
0.332095194657363
0.965503890561589
1.9795958086262
0.148410133264488
1.09342724067491
0.628806038265714
-0.274329695882045
0.146004901540336
1.63207890605516
0.503910754904789
0.324286166024962
0.880093840216578
0.634940773923891
0.182973493590074
-0.422250855863291
0.872139050730026
0.317396082206411
1.34590647371908
-0.476022935661808
0.0825772534775055
1.48461596326483
0.418639288405121
0.719384806807256
0.414415652708746
0.805659682113429
1.04887959991337
0.045755968484486
0.585578818016838
1.490435093597
1.09872626082469
1.05286640353752
1.06591198042094
2.87092723709352
1.63004971033884
-0.00761040982750558
1.51434684319215
0.281067904025308
0.0543758438364008
-0.935173779118256
0.889471610287721
0.367823230288719
0.222043793423105
1.43665686140298
0.233869138331485
1.19352855432531
0.764911463902186
-0.0895245002300359
0.932958337377873
-0.150396622044904
1.42513402898424
1.22475394534268
0.479106753198062
2.06687297991098
-0.106530998693448
0.739439476782583
0.500177754261059
0.23799886915795
0.621263740695721
0.425519903849146
-0.608465193619264
1.24792012079193
0.599422066318974
1.67541836418474
0.147472397967035
0.676866514737724
0.963835600631053
0.0785798763409093
0.816609826154094
-0.250419608492122
0.0277105085009903
1.47077128923198
0.409184502902831
0.620592148276909
2.4478803681961
-0.650326522231059
0.193123294365625
0.738913795175715
0.307651409274981
-0.0369263651254072
0.974920890622324
0.540385288383346
0.247766768672757
1.14366888143573
-0.0333670494111428
0.623177983243066
1.42727026611111
3.24913635643564
4.12971240513236
3.17022130469817
3.90590060194847
3.86286627459933
2.81026760171804
5.07687516716854
1.80111044581687
2.8514337766207
1.77041178528469
2.95191549595184
2.68861520963974
1.27361024493633
1.56865586710734
2.85094750379076
3.26467970261538
2.66987700657769
2.21735294653426
2.96002346845733
2.4842511921303
3.15610347104914
2.00425791349664
2.74718867195452
3.91518677254733
2.83999560533432
1.77215314328825
3.05059744933994
2.19679979200368
3.72569678647354
2.38132213935076
2.61785978966202
3.39521039967236
2.12121348646296
2.76367321338632
2.41220422049527
2.19107617513636
2.2528806021672
1.82863179889713
2.8319346024182
1.81616474751807
3.21244089238852
1.72813607301773
2.49046287110709
2.02662219581427
3.20617286734569
1.80391435572737
3.15742378255279
4.02722774343555
1.96621560162987
2.53195339509273
2.83114667871602
2.29597026756673
2.04551319032959
2.22168749158635
3.12855986706534
2.89369599294997
3.75736218824549
3.6986689638096
3.29310362747951
3.64065549151273
2.92086967492549
1.78874020999189
2.52170957686449
2.55630797539849
2.62585888771142
1.75579707999265
2.49323085224315
2.48804292738772
2.27286327730654
1.72726034859253
2.11503062375729
4.15911706699759
1.9957544284912
2.03282452702433
3.97418262103427
2.88655674279873
1.88942306741959
1.90193477254517
2.65490740608997
2.82377693511706
2.87923413761076
3.02720730727711
2.46983747604947
2.55795034725569
3.28490857828273
1.29875946379784
2.85498087513809
2.51573103240474
3.53092029968897
2.24415968326062
2.65662330531967
2.21879033077927
4.12884893983839
2.82286277285465
3.8534424401451
4.45927189471601
2.05933305017453
2.2769451088442
3.69898983463911
3.14207291918011
