0.321645452569519
2.35130269794377
0.495108263622461
1.59983064045424
1.21457191134327
0.0521603859777077
1.06299468372752
0.893630401463436
0.54211780226518
2.53635636733285
-0.326169652759545
0.919312521274826
0.377991594194846
2.83559180054624
1.68982936929522
0.846070714592803
1.27607089324817
1.15979726985158
1.20529008111801
1.01490328839891
2.53641874781203
0.856367640985
0.234836222145516
0.856826891089123
0.484255073893947
0.71079010630857
0.281377607547965
1.29768628321641
1.34537045948997
1.13777251491716
2.14194745811632
0.884116251962988
0.801640288899711
0.786359281934855
0.227076968839788
0.282473766791626
1.07390287937372
1.81816294592212
1.27228601460412
0.215771725581432
1.35845915879749
0.694660917395546
0.6274439013402
0.38519473500142
1.22737545242065
0.55352553721743
0.169503244254153
0.970989263261139
0.25659810708563
0.540766711643404
-0.22448716669631
2.89966154109483
0.578286230623571
1.77331857500757
0.587849338217419
-0.333899429036975
0.223748110771874
0.732435306226101
0.568054075590628
-0.104113913843617
0.464604011845064
1.56213958633024
0.745590532613479
-0.0942904648281188
0.391246840837721
1.41468461052145
0.590898234594271
1.5019300573727
0.0879041095773919
0.791482706066242
-0.369845566233604
1.33250570259794
1.66357454169038
1.57595119929971
0.852425760776621
1.15802929957209
0.237642862779943
1.29288746445655
0.861201835679927
0.0859741134456048
0.15790692815094
0.712246393081847
0.0217852586476539
1.31092970759025
-0.170173757022485
0.656076362336336
0.0275259213251985
1.37858989973469
0.622643319219315
0.323934458043624
1.12863662312445
0.322353532032054
0.535153582267916
0.845611763034325
2.3398670339829
0.204142783594667
1.20238199378416
-0.396044953005713
1.42237596314021
-0.354399502704592
2.47327426163556
3.3911671344292
3.19825507615736
3.16075535114681
2.34216742540837
2.14339996045178
3.50189376103991
2.68955418801493
3.31016671189019
1.3398560254738
1.76053427702192
1.97536248290251
1.49174945613745
2.37616913806312
2.33267202352163
3.30320922107154
1.94188410376161
1.67099835986382
3.14955714872939
3.24158384351248
1.85038120959514
2.72740294558115
2.79293174065119
2.94265889504029
2.51292755590696
2.59756303332295
1.3093998531153
3.01549140254128
3.09071788654292
3.1339010894072
2.59870154587926
2.42484204246534
1.84038719949037
2.73856332504952
4.19084990185721
3.52545235093832
2.44121552881231
3.25585307975217
2.29598243090733
2.57637076364196
2.58275126666146
2.9926474694481
2.62082089014076
1.96924519471838
2.01454597834172
2.12119685523189
2.11519376266846
1.86445340186162
3.74618588855741
1.87990408133193
2.9205989055061
2.86877211213533
2.05750750713917
2.20468315094356
2.82825689652923
2.97779804618543
2.71988551101306
3.85680521164408
2.10072791527339
1.92368339563093
2.36673469102092
1.85699263718122
2.56593371539151
4.95811608040531
2.14829217306694
3.15565037180125
2.54042015976189
3.8780378245805
2.15515940292562
3.85006115382961
3.4971250552491
2.218663034227
2.83183247286968
1.50153032607369
2.62895056693981
2.92337542391591
3.26245910011229
2.54468732348316
1.98720187966756
3.0880582816598
2.99904815468564
3.37009009037634
2.39288264794737
2.22634388211208
3.20822094988087
2.4364667994567
2.41276175804836
2.06732454521359
1.71251656484769
2.32486063291582
4.49329567324906
4.44003838045873
1.84341793192636
1.79400549572064
2.98537804987595
2.58016033751226
2.57709546680588
2.77581912089251
2.85692780350571
2.43633028955435
