-2.5720552416172
-0.410499955518684
0.498904946855648
-0.180007780900948
-0.370409528981214
0.653352937595183
2.17594182654652
0.223039540770756
-1.0992071187992
0.33092034363489
1.52058259236264
-0.381032676039904
0.36308857833703
-1.68621662579392
-0.0560995841102711
0.793356776715773
0.267220207504205
0.833370091822547
-0.136304997180089
0.861320996267912
0.720591898970291
-0.225628702204095
-0.998525670006661
1.94097628941098
0.499660487505646
2.24459132721348
0.491887162553839
0.937056222199057
0.50974001705118
-0.443995338841873
0.862658962830242
0.235135935955507
0.172149017504383
-0.496739021129113
-1.50447535340656
0.506024224857201
1.62459510294051
-0.645950014980034
-1.41544108240614
0.398928647592899
-0.598003984889408
-1.22142876357332
-0.500913191668641
0.884153423341956
0.846831957480145
0.318344680082797
1.07210770557458
0.132878418985121
-0.697899946118619
0.734013052620773
-0.140176621013028
0.857485383755832
-0.434702893325307
0.294514714625164
-0.461422136926694
-0.492310633382836
1.64395964375308
-0.181962429750727
-0.0228391581958898
0.698844166462408
-1.30827186030051
0.82485377084154
0.173335007923726
-0.64552176649146
-0.0605396255437954
1.42965797181955
-0.584055857264977
0.886577410738132
0.821172426858493
0.510935330102354
-0.00720886858668118
0.224189947023997
-0.461814055394051
0.248759493242421
1.18695067397638
-0.657200147923135
1.06926550533541
-0.232678214785796
-0.841071345388267
0.212983700353736
0.417515191010417
1.41207820087464
-0.577464558329889
0.917742569100025
1.1091259580108
-0.203527760127627
0.419464728060497
-1.01593087257123
-0.320963233469671
-0.560093752066687
1.92667587105064
-1.07754618427218
-0.799464298090938
0.253928956705589
0.245249805647136
-0.414174328326436
-0.442500683832116
-0.480351052016293
0.544394909901325
1.5634180707891
-0.0302972609525162
-1.27359239286875
1.90637363869395
0.105343916649337
0.295611017275834
1.43272592835432
1.52997934198058
0.252592193819248
0.538714969339262
-0.218215882708821
-0.39864241923307
1.04869998577393
1.31796137291939
0.337283990460315
0.479043255919204
-0.543598073896836
0.503647934963944
1.44164385559765
0.188614075691603
0.128710590124772
0.858657641886614
-0.390260404697879
0.899602038676152
0.663894423208938
-0.898233749709198
-0.308672495995753
-0.0912414972349613
-1.07553048252621
0.0239062827703962
0.408874221962617
1.06514743736745
-0.194516223587734
-1.50055689084833
1.96571517517012
0.283890762471766
1.03764182354216
1.33839423124794
-1.6119821844507
-0.289953807942927
0.980932075366378
-0.426527483412425
0.0347998576893746
-0.613785521629925
-1.15739694181807
1.13878165537824
0.277496582259163
0.0205314843043847
-0.354316312036282
-4.26496432051828
-0.717213452003817
1.19498250777544
0.205204232676505
-0.156501969350905
1.05451631161701
-0.485021345703539
0.536633134899659
0.0282568780684717
0.307781669876219
1.52570796317955
0.537083923914833
-0.656978166817635
-1.12345187683783
0.206301602146615
-0.377466800215428
2.16848355162896
0.000609713426419566
-1.09932299645936
-2.04628659592522
-1.65556088765746
1.13135989302556
-1.14986936986182
0.674325610183074
-0.594198384608319
0.857416038248482
-0.806996424847556
-1.73067308465113
-0.736460480201395
-1.55679612806334
-1.44719342546251
0.500072269113477
1.53531742094059
0.0548269178161817
1.68794787716602
-0.818255911978064
-0.27476668252673
-0.641006215991353
-0.736367888545866
-1.1400186000316
-0.583014122679614
-0.367671700696755
-0.00820387274207945
1.90998832162629
-0.417876772999309
-0.497443459585609
-0.224193544130944
0.312619384865927
1.15613562116619
-1.03662128408527
0.84651806161845
0.733771406759283
