-1.25813060619847
0.858858936211125
0.918778865436835
-2.13149094985956
0.895744483407021
1.62434403348347
0.256988311117167
0.380428376888666
0.607717317264091
-0.788088704651751
-0.683101617152144
-0.584646427425294
0.921726063178874
0.858890789275132
0.588116640922971
-0.377637304193526
-1.14916886819985
1.49672761779509
-0.245198851203769
-0.636751106239089
-1.37555430866382
-0.012048780862149
0.0237787029889679
0.110237224745592
0.0406106170885972
-0.459915757124069
0.679237791458189
-0.114500080037125
-1.9251648546702
0.166675206902823
0.717403491818816
1.10635724596397
-1.07421261936543
0.857381460544029
-1.71571332550545
-0.760469797148072
-0.177200089990977
-0.0660895574004125
-0.140890740483036
0.67695088540562
0.540971176675276
-0.231070557439898
1.91457635780696
1.01371393247428
0.330199763571879
-0.140573620366989
1.71763794489649
-1.11132381706504
-0.395031817825395
-0.303967498079341
0.146586153316367
-0.318496172710768
-0.392517958179428
-0.687698938483472
-1.49450759950798
0.571194407841872
0.226531773113669
-0.702994560886875
1.8042803872568
0.427281471199396
0.859000643327703
0.473481315157551
-0.827513449863988
-0.658263398093635
-1.2679937214713
1.13724851744665
-1.0219694847211
-1.44098646054014
-0.501702734577587
2.11485260297924
0.613721415399163
-1.35883555431983
-0.510532493536808
-0.846257600414095
-1.38298785859889
-0.823904779780798
-1.94371726948029
-0.0325263432866706
-0.285776625526124
0.652772846047489
-0.90074835926152
0.830017265571898
-0.0469777439030093
0.341500369762314
0.214758936433247
1.3577906903791
-1.16936066370763
-0.340494383478251
-0.203304903222225
1.34487665547676
0.584182509802568
-0.919295661147302
-0.667009638485017
1.16644280160199
-0.957240588426728
-0.473209944059551
-0.123993270648418
0.672595205943815
0.797170226201823
1.54390216442115
3.76634282728999
1.33800786417526
1.26845949491839
1.38734453977553
3.33760389685408
0.508905616383797
3.27524098474993
2.37072757674858
1.55462545347499
1.04729010626324
1.31862649082499
3.91595345047932
4.61633052100392
1.96466818393654
2.86940915090113
2.23712917436176
2.15129131257442
3.53123091185785
0.383705886496599
1.8999940598474
0.246235790018636
2.41795034771101
2.04902452772792
0.775382494650861
1.50200455708468
1.27377787487457
2.5855504971015
2.3419328244933
0.533531947332702
0.47769395680206
0.814423727316805
2.16168068296945
2.13352484210767
1.18947628351742
0.391744744253056
0.827124683269403
1.46720200918821
2.81120066988858
2.32931644064466
0.375234438545967
3.49435084868476
1.96104586113101
1.46617815770075
2.74934312046348
2.68378770126806
3.08464025487545
2.41728840488493
0.689993049874066
2.29590664062129
2.40692705448891
0.781218077388982
1.99735046660525
2.24689385248569
1.51801077814489
1.9131797735192
-0.214086275552035
0.916092522712901
0.922945801569355
2.44763974415431
4.29072962307059
0.897681626916928
2.47660889376429
1.82497893318774
2.41104408849857
0.92476890416668
0.824041413268078
1.68110349682909
2.56628772472548
1.60133213767719
2.47026032574715
2.33543771262546
1.64355330632497
2.53420307555705
3.07175038766989
2.93534502531335
-0.319634179128312
-0.0687904236688475
-0.502301751677052
1.16134299644462
1.9856240348831
2.86942557324067
2.53198355947732
1.53634794437908
1.69704294135882
1.96597053927722
1.29492582289541
0.673373549641197
2.88285671709076
1.35296884440542
2.28907304559457
-0.0235372004957557
1.09516500405223
0.760711111643173
1.94526891992929
-0.717408161442139
1.64727816632956
0.0287063461004595
4.06692131205291
2.33942328818431
3.00656920045254
