-0.168600265223831
0.863361181415156
0.326142074914681
2.02785896426355
0.701162736502928
0.0703111802056971
-0.526040756291742
1.55312086602992
0.731475184567411
0.73469363523454
1.48749725968638
-0.413959415176014
-0.671023682511132
1.90137246496681
0.251824120945321
0.641418123535865
1.09136182547803
-0.0644435313923549
0.670752041710866
0.283856377137508
0.86693635099846
0.821655788751707
0.46400635275919
1.4722723774858
0.0863212966268157
0.262911354113354
1.84510781799349
0.989542167723153
1.08033777815552
0.591904284857141
0.530337076787111
1.29238273591461
0.445302767205716
1.49392043210101
-0.0559510409682613
1.22784431332655
-0.00377019212195763
1.25650198342453
1.68781476334302
-0.0425129094483792
0.292831599056251
-0.64132954078834
0.838869141510488
0.664401038103391
1.13101138859479
-0.498761219294894
1.7319652625637
1.09727449989858
1.52069317753275
-0.369779445051786
-0.311094955994459
0.538746670069021
0.457661167905277
1.52839414694964
-0.0443072278707397
2.19852966248229
0.189773762815601
1.02993191635699
0.743452691477255
-0.455186012631747
1.04588459516832
0.330403598743831
1.51388428237582
-0.425555293076856
1.71425188435419
1.43530007178438
0.950259488810969
1.88666786394495
0.366641475001712
0.100481755203289
-0.00342015633851551
1.24231023517029
1.09654910333403
0.363696895714107
-0.0851702895965949
0.54307174065983
-0.231373753272334
-0.106186277500806
0.73190070870333
0.511759395297386
-0.0555929524963384
1.82147866909924
-0.069300804088946
1.8889585235769
0.0443547466294944
0.439837166635734
2.1416056772081
1.40134572018539
-0.0289637305664053
0.314686445298631
1.13679559188105
0.67265549904087
0.689245087199987
0.89393058918662
0.502027082034062
-0.325095274554956
2.04071581648417
-0.590683097041743
0.846133261385119
-0.722244748526486
1.45389626377377
0.921839814949306
1.15054683105242
2.43383545294496
1.06729334000907
2.07513033276905
-0.0783795850105032
0.515465058863401
1.92020655862018
1.12887603896286
0.101660127214756
0.455877474647951
-0.712112372964574
0.190246651167174
0.117923143578132
0.925405396968861
-0.100637921560691
1.54086389168918
0.0834415249336504
1.6836439966046
1.03936303842468
0.644589499948792
1.02924219522132
0.127973211881785
-0.371538858798346
0.538053486428723
0.530960293555738
1.01635297107993
2.50679458582708
-0.0227042622750373
0.389272937919735
0.808440330752452
-0.349239020677143
0.878130607149528
0.229148760947909
2.09057010790119
1.30743051923343
1.22066511252393
1.4364329829677
0.91718994213494
-0.321181937394713
0.410179812885168
0.568794240289454
0.243060474394645
0.262880866166679
1.48266011937995
0.813708125153349
0.800210998670205
0.0547773727093404
0.220829566676793
0.627969271403894
0.697408515972929
0.791802311254202
1.09986005501955
1.23975901693261
0.823720338831087
0.297682298922527
1.12919621878629
-0.0148965081148529
0.505929116631447
-0.377511678420607
-0.0507003786294598
-0.665239681305519
-0.334638198886411
1.28451792508468
0.606508243540553
1.69110791295707
0.811282157211612
0.825490673910899
2.08809857668429
0.972599636928893
2.63827664887353
0.647962923461734
0.962168869997338
0.235271121174807
1.28249273441362
1.00128130947406
0.609671611332154
1.74789972549209
1.06421988592427
1.66867109750962
0.426920248307905
0.843001057767448
0.926848653988928
0.996109419035324
0.752062603899609
0.852926740135592
-0.356970016650833
0.165690395071441
0.0367171143498894
0.739204136216845
0.632050326667484
0.187701383889774
0.250277752237121
0.266798820571445
2.02627136517522
0.677626320745478
0.22796095142637
0.932293737883968
0.756727924854247
