0.768878410341028
-1.25346140479621
-0.92975225748878
-1.1621626171199
-0.617571610859503
-0.583779067243044
0.221363140236348
0.169341752702455
-0.578279468385183
1.66482343759114
-1.67198943731799
-0.00903803110070343
-0.512393935832898
-0.310875030009381
-1.70311681327658
-1.68134028743999
-0.274159531051444
0.732691349880375
0.466834572145122
0.37923740086902
0.827387543812993
0.0204730290764337
-1.65717460357862
1.34146434368065
0.191667073147095
0.796986399093223
-0.453074582637099
0.945920591426565
0.21429947933319
-1.03556668651634
1.20245736669558
0.0270039951316487
-1.32631359752928
-0.21815217389103
-1.88576308671311
0.271375889547834
-0.461463941912093
1.45623736549756
1.74145860618159
-0.26768794987194
-1.12399528664695
-0.778322888776458
-1.10422231271856
1.06460570828154
0.408963725956913
-2.39590665330379
-0.348488068706689
1.25341366543057
-1.17674455115503
0.348927695414652
0.931087479624833
0.390644705642398
-1.07763059024169
0.530351000278684
-2.14562308397127
0.292542206970427
0.0215328695801686
0.352375167924826
0.45791856510122
-1.12265881286582
0.324003646712725
1.47683876091043
-0.23877659692237
0.105301236913402
-0.0649569874657179
-1.48264458093105
-0.117811947646127
-0.539071479389155
-0.183270917786384
0.134596079956638
0.567895479665089
1.49964046802576
0.238430393465226
-0.942553305906913
-1.1738074942671
-0.899107256365141
0.798011298565189
-1.46016970068838
0.124418545229577
-0.276125763404887
-0.236692778930098
-2.392320710218
0.709109656770992
2.13221948746241
0.557143303977847
-0.259771152446467
0.045161869775524
0.112650233929133
-0.955460223160346
0.127482884692794
0.175029632421453
-0.149271567035718
-0.834783649998267
-0.25222729311524
-0.565394550332772
-0.446465505646588
-0.0495846768425572
0.141069772175349
-0.634280615386882
0.371760208234138
