0.721730328057571
0.449920529966543
-0.467536321890373
-0.0352199689123169
-0.354356652007634
1.12332547668586
1.56116439963456
-1.67864314918031
-0.339002872378451
-1.75071084423545
0.522424002806321
0.159435289612701
-0.12792118227875
-1.86728626006736
1.33906407898728
-0.912159101535227
-0.00347033833811436
1.59001452404795
0.503082528187817
-0.226872528733958
-0.119723332780074
2.55936849566476
0.932526330320194
0.248677943774714
-0.0706932995558602
-0.837210975409799
-1.0605653857796
-1.03163547248831
0.513863297853034
1.22285091181511
-1.33669053424404
1.11635919142479
-0.164640996978618
1.00921470812379
-0.441006906988956
0.0076824308422625
0.386422568996025
0.124224783979255
1.56984938290623
1.00970004600203
1.35535541234595
-0.764529710184
-1.10709801530319
0.0542541291478752
-0.351065149457376
-0.733417633358649
-0.672142384977455
-0.580833222592986
0.47550842779797
0.0845132813480665
-1.13497946493092
-0.342243516058786
0.492399201219364
-0.799827373295994
0.0591092319689358
-1.7576342523035
-1.16994278806716
1.44257891434751
-0.798898039151978
-0.64111112025687
-0.572227318577342
1.58134216233419
1.61144666669675
-0.7336198527049
-1.25052614449343
0.341409711263432
-1.18422515222986
-0.548820097719655
1.40357304562975
-0.289053647562262
0.201929232817387
-1.99780470938226
0.162958775086135
-1.84286942657883
0.171367895649594
1.49891202527678
-0.194422080914998
1.0920684417848
1.0058425753707
0.11625874027131
-0.275909021472665
-1.48590725457327
-0.597337237632945
0.207666400411921
0.584147028366397
-1.87498299093805
-0.651858260961382
-0.944361317717086
0.420988423041786
-1.16713191036543
0.328953818094225
1.47834034793152
0.436711909932628
-1.10427464911341
-0.577646348911534
1.19759362341558
-0.492366863322492
-0.733286107660202
0.251270773691792
2.68051858493866
1.09376519087136
3.03871841225752
0.91425531205531
1.76643465764892
1.59348049267632
1.63938377707706
0.0630326834511457
3.01977148531106
2.48969974773975
3.71847595448847
1.96136268255304
3.0921536977274
3.35928637658892
0.234507470551179
0.85476363643967
1.15357671115205
2.29920145317745
2.27112393709018
3.2982710852574
-0.202383692754963
1.30082423704944
3.10790330354113
3.44724944590726
2.3356189440776
1.01003421728749
3.42411694959813
1.61329551805887
3.86118338274824
1.29820549589893
1.1821275566021
1.16785406811405
3.20794025066231
1.12834594360545
0.868385522588545
2.31285117231511
2.71856592329185
1.91304451341341
2.59998842004664
2.44207458939857
0.184099928283325
1.82701712785511
2.33620343625404
1.24459640491114
1.77281585247373
3.19476480273697
2.26234130061746
1.15473628868397
4.52682027626799
1.55225380752617
2.41421767518096
-0.137329238468501
0.89253992361614
2.01294732803659
2.82225146701977
1.86105937339232
0.266392530477678
1.73865053773002
2.52655915788927
1.99835908353515
2.0850330662382
1.30853868302732
0.894963972981461
1.75616066480254
2.79332537042425
1.72033264147425
0.922505492378177
2.76030740699341
3.80286318167692
1.21441225897938
2.35362369067983
1.72054342055087
1.7774956652758
2.18292022339425
2.33014063263483
3.66803509609091
1.87475806358446
1.11363193831644
0.665536115728053
-0.0406134894737145
3.7816540314813
2.51826020734049
3.39462831318519
2.00874348097005
2.05560350686561
0.967757303769934
3.25245732548669
1.06136511971441
2.59171802193447
2.3984664643646
2.28177665352204
1.99334318680617
2.21477459226153
2.98888485829674
1.31080891269527
1.92438839766009
4.0028801460679
2.30460756679848
3.10323561650122
2.9848253325985
4.45531430304581
