0.646296197948083
0.447964111579246
-0.380299226840913
0.594578324357818
0.547718361617256
-0.46648476708965
0.822945247221665
-0.0492520347972111
1.49402248375565
0.815561427440488
1.45762914047377
0.889309735555823
2.21394839869112
-0.384681188914297
0.354256314663123
0.708895719709874
1.33649993303998
1.58783609153439
0.829159424455453
1.77769522441279
0.585546396605727
1.37987224643728
1.34130816772587
1.22104523622279
-0.353374391885806
1.038540708312
0.480727251757795
0.866728058689474
0.540891242788223
-0.0994969348016984
1.31629206883849
-0.231760755215611
-0.437636998027346
0.879037858692486
1.13892197002697
0.486434001925581
1.70592637690101
0.364663203576405
0.639341432750337
-0.420150283789348
1.55667392376962
0.0557305066884826
0.058942746477282
0.955142928099392
0.59569728122125
1.54414120249664
-0.0429201961713409
-0.286176854870731
0.318934494464954
1.08251462081704
0.518774814550293
0.119045040788327
0.59159342925663
-0.457564424750242
0.410834858285779
0.593726800828416
1.13829199072555
1.35416384763932
0.968039218977248
0.46145394500538
2.41509179329435
0.721608967043056
0.0707353575633408
0.599790190048071
1.51414856694687
0.00110148130038124
1.49502705009767
0.304724880126327
0.395674411714526
1.86637548200954
1.65251677546921
0.915952330699944
-0.2232256839282
0.0640842596232347
-0.205346133245788
1.3021103503876
-0.226903265302544
1.39912188329521
1.6043020246637
0.599305537076521
0.0832038132035929
-0.243529337091911
1.74028098109111
1.90226816781673
0.143941815567319
-0.0346425684558062
0.0707386670129123
0.771159165865504
1.03731598423169
0.966235751758795
0.402392785579258
1.75559510465978
0.493500651070662
0.163843647647119
1.67028715407876
1.08995635568761
1.79987249833883
-0.0871591109172343
0.428968030311125
0.364817103408409
-0.186227791525295
0.529471178047701
0.694603614626168
0.4761437310295
1.48792981482739
0.888383948686313
1.06294206296095
-0.13918366243381
1.33514080456961
1.7088530311758
0.602326537648135
0.785271357837554
0.488390333011103
0.490005779006645
0.777645070259765
0.260586137935936
-0.323659131742583
0.575319181885445
0.949138772452992
0.72717954097069
0.815845953184717
1.70430565794045
0.450181588109393
0.600774541296247
0.507527210284344
2.69782331313253
0.848733487708953
1.57674821708752
-0.351014913432096
1.72639274338219
0.866375030811685
-0.131499340397395
0.702301550422958
1.4620232858411
1.70908393579138
0.32906325593976
1.5647980522147
-1.09150169904071
0.00288227927617524
0.190575417847803
-0.0363572826007301
2.8407919309729
1.18043993114401
0.738722306631745
0.0678445385442758
1.29975295605032
-0.332908008611598
0.943302889705749
0.504734038308804
0.979869054576112
1.44233349452566
0.645616265774653
0.358173833397434
-0.110352405343722
1.78139071933802
0.0152687205149465
0.563547008435592
0.349113956073795
0.754733759532996
-0.260726813740581
0.384901840663441
0.709231171807891
1.89605387997026
1.68767865511565
1.13181348761071
0.219123801888156
0.266300531704271
0.622719116488181
1.77585720623331
2.03504865850812
1.27190478401312
1.0720696608766
0.214959362201733
-0.0576909444392699
-0.0267497042084029
1.01171552774646
0.480932255318743
0.934088805483312
0.211828941721555
0.233889993435827
-0.211354370172416
1.37984698489263
1.0397035682291
0.539001818594819
1.34498907101175
0.977849644532951
0.807099545669858
2.24926446772554
0.394746290726904
0.728872432612504
2.56128273739474
1.17622464030658
0.693749011668368
0.50066004919168
0.621752387590631
0.529791004246165
0.685525129534428
0.776911030208447
0.240150598528345
1.03843240974991
