-0.474422048856557
0.51261832559737
0.527050239472537
-0.18246579135564
0.322642974090479
-0.0909254431080731
-1.48081967500807
-0.797093611287518
0.933242361830563
-1.02633796371484
-1.89459049049536
1.23054437730027
0.739471883677086
-0.0221480506840105
-0.215849727343619
0.0238748686279857
-1.64409605581453
0.760834153440554
0.201006827399834
1.45317444965251
1.1951192814054
-0.260095419582836
0.986168820129607
1.8265812816086
0.843012530328029
0.357731142490284
0.256327202807502
-0.616841196952921
-0.99433709016259
-2.52003609016744
1.80229178446241
-0.960486734973503
1.15210626377242
0.257306506145692
1.64611268196561
-1.249402296903
-0.290387410790299
1.3699427013998
-1.23481048937319
0.00293450992557502
0.23943551082105
-0.895691973004909
0.736348276618308
0.33275721191272
0.54987187149993
0.408035444948615
-0.819676201586934
1.4299747956303
-0.204717051944924
-2.41942850389471
-0.780819699362878
-1.68669167313435
-0.252541297265778
0.307644124225556
1.31451029682055
0.510350416779215
0.76698034941556
-0.895522272468829
-0.854610879352664
-0.275895681555793
0.205716025439923
-0.155821492122781
-2.03380842050903
1.44959818667019
0.767745253168711
0.701690960808745
-0.263507177348219
0.883106019067249
-0.241961100454103
-0.45863040407176
1.52086998041984
0.879170074506145
0.381389369768382
-0.754786930278558
0.20161930777578
-0.890477868672685
-0.617572513852588
0.730618275292824
-0.352154886975745
-0.0887523420837267
0.102646813206791
-0.528038705386351
-1.44691719062169
0.366357629271369
0.677522614274086
-0.0979529272627703
0.0569363702333871
-0.786048293864236
-1.41607425559997
0.0272494609027215
0.569892156517991
0.0451946395221253
1.17381132579984
-1.89185599099426
-1.4441317413606
-0.239298695054977
0.116906017847257
0.177109670283015
-1.29300994502967
0.64673073088121
0.695390004171841
3.1192493334504
1.25896563822456
0.578664407266149
1.51907503571248
1.5256746115947
1.11992271806495
1.3239719292606
2.12916590965399
2.64255864877606
3.57833605670636
1.09801595360836
1.01745265641926
2.34173902475546
1.38645315140753
2.71389396582121
2.85041936552921
3.08063482192943
2.783862620362
3.16548655708234
1.11406220203611
2.41991460875333
2.91830866037469
3.44445947102324
1.29798524379054
3.2181090039815
1.45445759228052
1.26037153234529
2.21956797776134
1.13097131410727
2.86334096677284
2.84349380244379
2.05257984720322
3.65305360550847
3.75357574144588
0.955881096664954
1.1515910818778
2.63470848978294
1.2798221449353
2.81401664061225
1.51491883430833
2.10085523027971
2.11782790338265
1.19488345851342
0.899007502713398
3.35911023973294
3.84285883512232
4.54562755861129
1.60482304429767
1.57607427354221
2.34386257084032
2.03446512945324
1.58452310216526
1.82965583730582
1.47707865917853
0.6577484387046
1.45612817088048
3.0249563430867
-0.319263924403596
2.00238620009977
0.486631967186309
1.69146724294315
0.813516371856008
1.57144212965846
1.38062572773092
1.79772824350089
0.571892483061725
3.40610663306392
2.16025349983119
2.16435091682248
1.20504125238124
2.5874635759236
2.91389942666606
1.7807725175725
2.19116404714382
0.517409591673027
2.07533022259222
1.85137371986137
1.95380465885106
3.62523012119015
1.7788194707953
0.910427302319855
3.54814622657216
2.63907915300162
1.10549643881761
2.20783626235892
2.09972238839226
1.58218934772723
2.37170923040672
0.908600296221663
2.76884851624432
0.489502863163397
2.02758176939009
2.19115728974969
2.27336558004856
3.65517419092552
2.82530952538067
2.20786376551837
1.95044213808911
1.7953385555064
