-0.61828703046987
-0.648564777930128
-1.41476591953223
0.138922957305145
-0.787262940450118
0.329754713197211
-0.772494816390837
1.19393737655111
-0.249048486469504
0.842574958386998
-0.179145886065104
0.255339412868629
-0.34677801658474
-0.652621721934793
0.828334021483476
0.482545781347361
0.703942285925168
0.114163625879318
1.45971012201946
-0.206351591318849
1.98994960972031
-0.129312618936998
-0.380701005213619
0.18811337182839
0.118291933285943
-0.691561022601933
0.136443765230377
0.0450204416109798
-1.0647548513607
0.512281583898085
0.405821027109913
0.0910547167951798
-0.301076793851021
0.338276170943186
0.556746615440867
1.106811254047
-0.240154014389189
0.912225460668598
-0.581840781815149
0.762419652165388
0.125955493870709
-0.56667023718847
-0.526728384353017
0.268421332183087
-1.09297880437408
0.433768156713697
0.599166996757034
-0.869686387881514
-0.548437587991258
-0.295492748116372
-0.354746204124251
-0.0616723856079928
-0.0500390698068191
-0.409238497073424
-0.612044479708175
0.581575266082331
-0.90223328953797
-0.490143720711153
1.40319916190181
-0.662717093047294
0.234019710020011
-1.32134450376297
-0.0566427554019165
-1.7887039503923
1.21344681779538
-0.983979749595926
2.08896519717998
1.06165304529566
-1.12574277457717
-0.887426151236422
-1.00657445220323
-2.31404344691896
1.24584455594439
-0.0592783475511194
-0.474790450258361
-0.336178998052557
1.92316245588763
1.24136358651958
-0.59147495365333
-0.335570937054766
0.322751938124533
0.196880868481129
1.33328420088167
-0.254859570493688
-1.51202638584937
0.32179226329884
0.415448596740797
0.840863986236436
0.605660542818179
1.10777100038554
-0.669438432606395
0.603264987205132
0.584620666444228
-0.757239716751165
-0.544793174597779
-0.762845701055395
-0.297990744516095
1.40555405835205
0.0423329678928719
-0.75822333806255
2.31915567111465
1.48498553107772
5.46515301503934
1.16438112302486
3.31752677793749
1.45658414531779
1.75931960117821
2.99326772495056
1.80856653060709
1.50835810863989
3.18043794006314
2.1538364551878
1.79282320867476
3.79119868320362
1.63378655130827
3.74191568658151
3.08808814907069
1.3307310460287
3.41326853998176
3.84617969733837
2.45956557040627
3.25761300390795
1.93105707384544
4.78689926428019
0.198085776018835
2.89319592028645
2.1191212898254
2.63227420725711
1.65405795447052
2.6522101112649
2.29455406291581
1.54664415893592
1.81755544247445
1.53036724738723
1.86813452333319
1.38020754004296
3.77494543671315
0.715514472175648
0.608351653285413
2.47166474909731
0.774184427813192
0.0273066174551577
2.25541732828017
2.00250366492705
3.1744826329283
2.75952678941661
0.260636014853747
3.1510708379717
1.49932846343123
0.526653860747765
2.57019301619777
1.36026754959306
1.96378723777541
2.99009854435207
1.53228300503742
3.21109666578865
2.5476217278785
2.08712163571818
2.44458177673792
0.94911852535586
1.47626509032974
1.02493258957984
1.02450955438521
1.02926497034234
1.75338007984774
1.11139272028179
3.22649917855504
3.96991070203499
1.84219202161992
3.08256526783827
0.295785386415852
2.60197139394195
2.23603593435311
3.14681038196603
2.93240456930601
3.53804444933511
0.335882561311331
2.65972144161551
4.26528027390454
2.24350925864035
0.97550285031501
1.99337901098848
3.36206825793124
2.13288925890162
1.80979425831262
1.47963283833552
1.74850297227449
1.92319593435383
1.55247825720697
0.578639638762616
1.86454894192954
3.18111611767389
0.316264009874624
1.0731766307169
2.67161446579616
3.12308754633423
1.67287644311343
2.85861309854613
3.2237951234723
1.03621459981964
