0.356498486234031
1.03657650292453
0.493543178789448
0.336918210340733
-0.135691484421806
-0.086546643130993
0.0896611611333165
0.534110179749226
1.51479817171658
-0.472645003380783
0.821223503089227
-0.181936925804501
1.46582975764353
0.387621048762575
-0.0147891564002214
1.04841444785495
0.481345005336932
-0.21691198204468
0.658185204702944
2.8378514305103
0.418104356488924
0.531311157003406
1.47858565489536
0.725828920977762
1.89311718824616
1.12481754510395
0.798065046715343
1.00238630728261
0.398191114882513
-0.207209810962961
-0.116677596924147
1.10399931477289
0.856162840565049
0.52646750762624
1.39663303697128
0.274344461538385
0.12360171591268
0.484633570734077
0.220501657418438
0.741735136900606
1.39774717586371
-0.102264867947971
-0.458083888728794
0.483716404903954
0.170500807785763
0.510628324637489
1.13529677644339
0.338456073172871
1.62236564783041
-0.212407536427627
0.851381830930816
1.28489492592462
0.817012010109919
-0.23697285004067
0.778789068094882
1.06327113116899
0.0552476698039123
1.60865959674994
0.0558924128008112
-0.123187973064029
0.0625984773490757
0.741292343990847
1.12533683177123
-0.653216619892387
0.378834507472066
-0.78641577346429
-0.381683562137025
-0.098969035806431
0.863638420350493
1.31494762877308
1.09759043306806
0.232394483617447
0.854045100944818
0.492330650978729
0.487383428945375
1.16190421179374
0.692716543120313
1.4987385884377
2.01181940354675
1.33885064450962
1.14198473680965
0.258709237096524
0.163696185729323
1.02052249879675
0.604571712494234
-0.0814852088257459
1.26302184368967
2.17190403980011
1.78727564059281
0.648789730694665
0.185102549756164
1.10711931462045
0.00284433792574515
1.29097252620323
0.699204785846907
0.688422961158716
-0.455341350028753
1.1613210485069
0.986680056030006
0.682969090891191
1.53276574372895
2.10301987219357
-0.112819144225477
1.54461438087267
-0.325539484051556
1.83663791528758
1.51959580603029
0.141697017707498
0.98302617494658
1.84836202349483
-0.331637157620789
1.02910282528349
-0.0344833033015011
0.531649003498348
0.698392515089438
1.18248166020971
0.0430027008439523
1.89531496033502
2.03057641531641
0.390743702880551
0.0497348512522718
0.886929912911417
0.190298145656257
0.212643969171267
0.534751648314881
0.144812151123103
0.482229743866747
1.47689496834149
1.10845485803655
0.151447941452921
0.981120512314864
0.388112313109593
0.896610951114221
1.29958917112096
1.4831078347604
0.75251515474522
2.11982130167189
-0.314570579559453
2.6281204111967
1.9980866116929
0.927534748414937
0.696341084917618
-0.167316085069663
0.994359148003747
0.793190123621453
1.08499435748861
0.139583372894684
0.100741722304614
-0.284405708152903
-0.622259805945622
1.55971826710577
1.00946951690912
3.20572876690369
0.723005834919508
0.305063419500284
0.382977122457121
0.338350919445641
0.584434853554271
0.211282855768755
0.764543626275668
0.492561266628412
0.239403959497954
-0.224703335325886
2.30049076776167
2.533293660282
1.1060844303054
1.42694308339747
-0.0176475770697692
1.98684074887113
0.939503825213435
0.86303492642499
1.41567629845104
-0.855725163506911
0.613975612431938
-0.0892549734285141
1.68037284400961
0.549405437381049
-0.12416948665614
0.160093584499008
-0.0573737313943753
0.36761123866898
0.374293993486431
0.849654103325467
0.744931352369597
1.11519381672122
1.22379096507609
-0.136565887712024
-0.223797942928803
0.666177888570684
-0.394516656097405
0.851217143621673
-0.146101549028564
0.860738797838396
0.732137921772279
0.835233512486596
0.0859717402212806
1.78205806183657
1.38749756077596
1.92746142267377
0.245862168004957
