1.03169491190597
0.355250587110199
-0.0106026564520805
0.3077114136168
1.973939885914
1.60710971791667
-0.183695001325944
-0.204551457792711
-0.367731039801132
0.193761606002793
1.46413033129917
0.594803293089512
1.08730235453606
1.13069954776275
-0.218935568498173
1.39000871691956
0.223876796293712
0.498898245205277
0.99711121766066
2.42981161751359
1.75161886668942
0.975756661067524
0.510153348228835
0.77750205382326
0.0450448011898756
0.768176648131993
0.985008792359505
0.836447102587956
1.76130067115197
-0.671286552579527
0.609580729216818
1.21039658458548
0.385714199069289
2.53793261354546
0.556757115329078
-0.0174358444076828
0.664520968984976
-0.363231896249134
1.24659470576979
0.667673887387128
0.710728183420836
1.26070150884175
0.961787868708676
1.02845490470855
0.851065722415522
0.29174774757707
0.639085113982769
0.251648231093487
-0.477212454430339
1.96530312802553
1.13877613163337
0.194716408170137
0.755380995638234
0.20429016429052
1.56294983432472
1.55916009370103
0.803412729319796
2.90447743729142
1.64103358774101
0.974583673305449
1.86079251163724
1.85702885031992
0.816064438790055
1.2384410476353
2.4224763037021
0.49720147898206
0.888675489850123
-0.108979299174888
0.498403555538137
0.941455286823813
0.509000483428272
0.881161450967381
0.850289492215449
1.16584836525865
0.0520415684730926
1.58390079209765
0.590318089517148
-0.0119717821668109
0.234730572080087
0.166215003647005
0.885557287697293
0.323944760266492
0.462518073744496
0.849742412202672
0.988458141916989
0.449960932941289
-0.331281383461877
0.702109169297351
-0.0233956318696368
0.923974950094958
0.19876519356972
0.488855935466177
-0.122666878623643
1.4037315597101
1.02152212958895
0.443141749656039
2.00989791949401
0.604669777241948
0.578744378745977
0.603940796550184
1.94352002239473
3.03939740492322
2.88330001769345
1.69647512177788
3.00427616170278
2.12466335974885
3.58145651103638
2.67810120872906
2.92888100906688
2.25102075425723
1.90675441337844
1.35536106936572
2.24156107206463
3.87745783869001
1.71927086175152
2.59769013454078
2.19267477362875
1.86913634408741
1.80554199510517
2.76976952167203
1.37732633522725
2.91448918142302
3.22140136928583
3.40009576871432
3.12084835289607
3.06167902005017
3.40238958777483
2.66907550017021
3.12729674763803
1.59559458406398
2.40011641121693
1.7452525207289
3.68047114666608
2.70113334448701
5.12940172407639
2.15479128136141
2.82689136158016
2.59303981479176
2.63530558093915
3.37415491462719
2.98311356458138
2.80677281883526
3.64077588274894
3.15240341280826
2.29308952921783
3.54982851308649
3.9031946702325
1.64283908797146
2.89999442147326
2.77429142592122
3.0783712490523
2.29443825889528
2.80729072897786
3.1513857058807
2.53702979534643
2.2811334886533
3.07220166560313
3.72975922866521
2.45850082374144
4.30390502516389
2.10074567232889
2.18491683418109
2.66534308804243
2.82840947825111
3.28747511573053
2.48166358868269
4.7102053183186
2.86122560746995
2.38369259304982
4.12684317752588
3.58683648428191
2.57372961237205
2.43128079286164
3.42452553958946
2.05079711769038
3.04278089614967
3.17345296937793
2.79787432194176
2.88929784343635
1.60272642570624
3.79637434265845
3.2481451398501
2.98861049311828
2.56925418913634
3.67569298111433
1.81897687112397
3.10716552582087
3.43585202052069
3.9117954948492
2.00305512718431
1.88826723522123
2.29856575991171
1.53288117287026
4.23423569628027
2.561167243549
4.33476384327036
3.8699973634165
4.60807649340181
2.25870961295045
2.25081502488368
