-0.468791953486267
-1.83022789915273
0.607777447446623
-0.745491551381176
-0.522072107870635
-0.0146861922886268
-0.736767982278777
-0.0892170387987995
-1.60574902951239
-0.905430037003919
1.40546683995897
-1.15440699602721
-0.00444574754579954
-1.41020774605668
-0.227668293721766
0.947758614517953
1.79450465412733
-0.227947302141634
-0.0619128905029914
-0.417485616411782
-0.0503931150679355
1.89732193073184
-0.875746784955659
0.593997112678415
-0.398170424401618
-1.42650495634632
-2.66581938642832
-1.88707814088408
0.19832045894582
-1.04169785025782
-0.0652026751512539
0.640526887905235
-2.00251984428133
-0.839307952316689
0.653815093745963
0.695774408159454
0.0996658762195512
-0.739518630346791
-1.13593467911008
-0.439285791606449
-0.41899276904598
1.11744872832109
-0.141929998324768
1.11201078139778
0.0818674581724419
-0.942888739643815
-0.566943864372739
1.05658420739762
-0.21201041298104
0.89794814604463
1.3216936618779
-0.101955915541878
1.16840530989779
-0.484632330725023
-1.34535504242284
0.593150203894395
1.24213097789316
-0.688090140570398
-0.34901955465756
-1.15604719747283
0.247823017644201
-0.41851272038076
-0.257403571680971
0.652939014629981
0.618617166689575
-0.223321566933294
-0.877570065737439
-0.661079733314862
3.12273238753548
0.64800195804896
1.02267710717183
-1.16020055474401
0.316553278239278
1.07102231436397
0.267878796522051
-0.21321225856395
1.4713154079789
1.5346871987045
-0.589124105758917
-1.77248664796245
1.54234444285666
0.611793925477368
1.2922762034378
-1.79829046650565
0.637826601480579
-0.180969077108363
-0.258951849166654
0.0973566296688223
-0.440817715702022
-1.96805640647708
-0.253968501445791
-0.373145772779224
-0.864529140574712
1.39032999105243
0.453881376327429
1.72960189940076
-0.693756599361096
-0.637916013207352
0.0759793094660719
0.691480721377556
