0.237968895262826
0.617868028856569
0.916000285951497
1.57678506294088
0.726393978839612
-0.747269752960739
-0.0166310888712131
1.35719171858218
0.651946523810666
1.30725745503353
0.818557653546043
0.666725798595807
1.22481834152722
0.607717655559703
0.338917548014884
0.0250286638822017
0.812911658719422
0.344381124752583
0.818487303377572
2.36179102588667
1.3621025542348
0.504926346292987
-0.781173350251618
1.44630557730648
0.291370953240408
1.55308875569725
-1.14759414403339
0.0526949155192498
-0.0147477921788282
0.492346774960648
0.971823929435171
0.404087723538179
0.972821477090604
1.0536634611165
1.34387415048207
-0.568943580590204
0.0155391445354135
-0.176115464283637
1.70852436305055
-0.17535397890903
1.57526655303794
0.847908320140517
1.66883227138991
1.56964342872622
0.317798012732553
1.12157245781212
0.135297547136518
1.22408924096421
0.879279911567154
0.355064444694919
-0.312202527977248
0.461383812178792
0.536928243889786
0.82001911242442
0.412534647640834
0.389092717555302
1.69528191556669
0.53032060054514
0.057081046715911
-0.152279950155865
1.70737385407496
1.42428660366212
1.25876919690434
2.0482420099212
-0.30697025805234
-0.213553892968206
-0.100228425403992
0.968629935668092
2.22731293115128
1.86100505786368
1.52241636782883
1.52192808239761
0.698941723759986
0.957492714756599
2.10027621440984
0.344362174907311
0.379133163118309
1.36082420642209
-0.3501068222117
0.0683457341011638
0.245043277569008
0.400205400907198
0.585865079017571
1.83726125752836
0.0434639472580959
1.08442873419051
1.70756882038374
2.25612410022379
0.0669637375481941
0.918557561687266
2.67464761541945
0.894206691842918
0.507313323053901
1.13852209264016
0.37814584010448
0.519664164306408
0.00171130596915156
0.641779635359327
1.19641052291546
0.00896361507143786
2.82164019986113
3.52902461666177
2.35877186039322
3.22432520189815
4.07066062920089
3.88706072231422
3.61129284401107
2.73712224437934
2.32277290823425
2.73488264462468
1.92464285406215
2.45137998494952
1.76843171420393
2.2346977447959
2.50508640065596
3.04523516214116
2.2085731401443
2.43366228062611
2.11985192557989
2.6966265786128
3.11742835349364
3.10190643774156
3.02149583047151
3.35542055711462
3.42140097173815
2.04537026795297
3.07591924146674
2.88248979896891
3.13792571627908
3.15534779952578
2.44630332228789
2.9974588412376
2.38467040952433
2.5130316199065
3.26937999249156
2.01381013246789
2.47710499242189
3.02746873354089
4.28180923439859
2.55671685206825
2.1915580502599
2.26494614187354
3.44251228938819
3.32538326448786
2.93627571097761
2.72758306687508
1.92229012349471
3.08813843806305
2.28170492245057
2.41444010285064
2.06545562972317
2.57993934978474
3.27463389573433
3.64196196494963
2.90359902875723
4.67672993338298
4.53941054841284
3.23908025215731
2.72168056487023
3.07547712203464
1.945988078969
2.8732380702648
1.54142753173534
3.36369918894529
2.23225353112697
1.78764816715926
2.80405471891023
2.4138870813084
3.56800482819529
2.66926953507751
2.83116826464253
2.56969147849002
3.32692055315374
2.18045373782114
2.85699647788857
2.75190339033603
3.56474926179004
3.06580432715672
2.74179029901123
2.42831176592819
3.15054471636296
2.83309904901753
2.09251428258547
2.81796055803501
2.31372152523332
3.06898707989563
2.35408640178066
2.28233116237549
3.13203829340628
1.51834769400409
2.80442216509541
4.56856170780484
2.48517558918627
4.03320464352646
3.77654764724247
2.04654447235383
2.45271118081111
3.41108103777429
2.5296782654067
2.04885163990019
