0.207620027369497
0.892098452226701
0.205059679684667
-0.441397994001298
0.352844079885377
-0.0823672363466882
-1.34137719692861
-0.172677698192663
-0.0668369587965132
1.83190493224552
1.13710744448087
0.111707512469332
-0.844715624267076
-1.00343511203412
-1.78129744827921
-0.547424996669012
0.929405651623474
1.12193683955409
-1.0366320655553
1.12467160154342
-0.218785153512903
0.441825899929771
0.811171906054523
-1.40491916647922
-0.331811183161558
-0.36750867027455
1.40594833898514
-1.02814207108884
-1.97170266448283
-0.337296655371676
1.82576344674856
0.783935950048736
-0.775524805320799
-0.107664925699575
0.628769814066463
-0.0516007240889738
-1.7765668427257
-0.469184607718245
0.135237135842426
-0.95009265877186
-0.378400626817544
-0.70188704036306
-1.14000815833404
-1.35974365373881
0.314758353807207
-1.81952309951007
-0.0372692845495041
1.535222617541
-0.00719839151051554
-0.845206819499952
0.479253898876638
0.624223866623932
0.339791100138503
0.537417629166309
2.55862658291809
0.623360308569622
2.24203758447551
0.862815254408483
1.56683605924336
2.81411988557801
2.17405506526719
0.938681093252012
1.36514103908598
-0.685278531621401
0.301457638408801
0.115675298908546
1.54176990227777
0.718272766854271
-0.715572927066615
0.551197968468565
-0.109557160860643
2.34501425065343
1.64216941622387
-0.128459850878674
0.705797638017215
-0.900006165717964
0.656703138149366
2.10416272660734
1.98588818443257
0.0607673683934459
-0.645659661793101
1.18005424980187
-0.213289386685999
0.489895326765662
1.01941086583205
0.436244230186712
-1.31220446802908
0.17083126812959
-0.429427234177697
-0.830898095564603
-0.414957579112238
-0.849338564884388
0.0110185178548809
1.30270173268194
0.334628829669861
1.01138641354715
-0.775632381764741
-0.190357840449074
-0.457767106785393
1.5431261566153
