0.942850915823586
-0.163379182226497
0.910579532721027
0.943211284286155
1.44917767242364
2.21742139975308
0.750301650599033
0.177719325822433
1.29688050846946
0.963242496329426
-0.0794078977004994
0.960434969710102
-0.043560537409411
1.01943241464772
0.113190824249423
0.80114151211671
0.758163409813425
1.16063265215536
1.54875379180459
-0.460607211203043
1.35767991232212
0.0133454392663057
0.334774990399055
0.21682947174918
0.194565544016097
-0.118691352312715
1.53605396560191
1.36485525475126
0.825901683073484
0.958181103247304
0.685717315437376
0.578073208609036
-0.446406610697225
1.40737672349744
0.56990010037985
0.72839772475436
0.0213971044100325
1.52380108317731
0.562542199755626
0.63130216943983
0.0395950872709893
0.392953575504511
0.328028192174029
0.928072970429201
0.667450851008253
-0.0100363954864779
-0.158245824379352
-0.634072600134162
0.740567796935448
-0.161398172487605
1.35744220799611
1.91270669603622
-0.038879097042911
1.29979700383545
0.531726194915772
-0.0195280426077147
1.37933142332186
-0.164336288419703
1.23658200573903
1.22032879294368
0.448178266604424
0.742037871807343
0.252479948703878
0.464441907181128
0.356008410735218
1.03583670175741
0.338082404348606
0.26225860894241
0.846251715987302
1.48282120853487
1.64508715002313
0.0301252651641912
0.656766702698927
1.32988960797906
0.568097955877083
0.611339062724089
1.14004588193311
1.55164291232945
0.78572221972253
0.0242744780089608
1.08385060885197
0.815077297639667
1.43696334730141
0.188910984550711
1.12171113964798
-0.107364470750305
0.483278456445348
-0.0598040967423532
2.23084976098431
0.592015157357438
-0.243150336435645
-0.256398254151978
1.13394790752183
1.52647679672859
1.81301204855617
1.0655710722761
0.140924462068311
0.307938083993415
0.417341110572697
1.17424621699041
3.61371842757326
3.54611854723077
3.63375357291563
2.28079574085604
2.65315266258168
3.11003264505854
3.72214176865908
2.42531787244084
1.83374571325238
2.51134235939024
2.65200122700081
2.3037831116534
2.75860467854308
2.50564207818041
4.02579843454853
3.21516027700245
2.18236271259967
3.68113550612907
2.24891597924648
3.83578997261399
2.54179742456424
2.37390379571559
1.95502193173533
3.38818687955733
2.41477131806521
2.84994333659658
2.70483368328438
1.52117523214902
3.0590576172222
1.71421823262953
2.94196467521989
2.27784056014749
2.50629659744059
2.41981803957875
2.05803217486405
1.93525766573713
2.99608068015287
4.11909541585275
2.28078451952138
2.71373772801058
2.80417105775291
2.32388720026436
2.7459293418769
2.53882179005284
3.66593238609947
2.08780343366686
1.52604450097127
1.82050904467056
1.99426799882768
2.41992457193505
2.63314721877743
3.69096205026428
3.21005475235181
1.74488969421856
2.93960183340444
3.09642191658106
2.21247588640096
1.69707068832242
2.28805295330417
3.42514608769072
3.36228693305711
2.43160939042902
2.36094685908137
2.82330524264856
2.84041389545249
2.85867718176717
2.6615484784761
2.21060726013134
2.88285244695583
2.68899774890343
2.72841432054314
3.51060816699361
3.72571660948759
1.78788394221909
3.53263303855027
1.8864570565096
3.47805025143577
2.26290072087753
2.38814889579821
2.19488255427391
3.15504400957611
2.9335957286563
2.0723334903916
2.8519432509648
2.67178388825662
2.87853346839058
3.02529166713936
3.40256985655436
4.31227049525667
2.78379715005094
2.61648113261951
2.35670889675256
2.19942232749627
2.72886430205066
2.74146234562021
2.60991843163042
2.58357553339197
3.5826092797198
2.93195064831204
2.86901661205105
