0.610543494279921
0.281314983640114
0.705385032335576
0.163265877050635
0.232086698260947
0.885241560146045
0.707298927274302
0.0848854220071059
0.447721776191461
0.175827362832513
1.21627931473813
-0.185601179935784
-0.531971871279513
-0.20309903296145
-0.294679018886945
0.162643632679783
-1.85324135744861
-0.163735869516001
-0.554402032064779
-1.47826714531915
1.83306757120671
0.559769290450182
0.978289877112307
-1.49388376032302
1.60595632310549
0.385478250730375
-0.12058034596973
-0.1621243380658
-0.213567019371295
-0.106667203396443
0.814839760188344
-0.102245260359057
-0.871901650959167
0.614989152224082
0.435873770092648
1.32339675972949
0.344030438799672
0.509390776343459
-0.350247976056098
1.49651880801784
0.828047493087806
0.719561886392457
0.0400324006485148
0.256060716195878
-1.40381441901493
-0.0906534252489646
-1.87658381779149
-0.213902557274084
-1.36619078047129
0.879032793354
-0.0186451402250597
0.243367562853333
-0.095705179191601
0.12360665558323
1.84751588125032
0.761984123413091
0.722792565828755
0.340711295324866
-0.156923277472143
-0.933278109320998
0.83287139070989
0.611669507952217
-0.202692408067171
0.498312531415599
0.823186936490128
0.281940170817313
0.807774157191013
0.166878911607909
0.642340987752288
1.17223599484942
1.34902645127434
-1.47122062280043
-0.472550575916767
0.190409355372203
-0.21707759751074
0.844482388061647
-1.19514083802534
-0.520229487304444
0.308596806910191
0.502375357114386
-0.113482506965919
-0.0353326376307076
-2.77445702235221
-0.834621962215085
0.28731043247184
0.00711066296710871
-0.805741885577623
-0.0043912010059973
-0.118044827448032
0.192080401211184
0.571387336400984
0.806812604750802
0.86616932033557
1.35474286706827
-1.83138628793052
0.950625779699801
-1.04065619040606
-0.877815408205786
0.557768318408663
0.562549935488903
2.02588566826195
0.929882352921528
3.33076788725729
2.10677329233531
1.83302810333486
1.45825308838206
1.33640244684914
1.95917144785694
3.11413200163389
0.517169782131604
-0.0738131389123051
2.003874260284
3.24129305365869
1.21914708366275
3.13741640392498
2.01075865462841
0.168808360980415
2.74910418663548
2.51510566369832
1.18112682574259
2.98743531843706
2.82885918978467
2.04588159560748
1.64074867998749
1.94336955825207
1.4765170486318
1.20911211204831
0.921671455458615
0.857675978880739
1.40991332221273
1.14809660189757
3.31287433655142
2.09369326623552
1.99598240380546
-0.132373959924309
2.22012529157949
1.04553262150007
3.08014150072644
2.60922586155731
-0.463468310698011
1.80466462723195
1.467545136737
1.1789772060786
0.0668002678508941
1.1158685462657
1.98610185354241
1.50424163504968
1.92788798398073
0.904804089274812
3.359619309883
1.33369281738874
0.742851090549873
1.51917702047947
0.995129823999301
1.46353471796062
3.22354862796769
3.43164690863344
1.94000090875957
0.795035773968237
2.99792022596576
3.46732129988286
1.78549738512932
1.20269950382564
2.46913373071359
1.83614842947542
0.772751034846793
0.270322509798304
2.90477807891681
2.83280276812871
2.74460972215773
1.80621314470017
2.64895502677464
2.27480495273453
1.30600692395895
1.79161003195181
3.29485537291656
3.87208438989675
3.83733127524939
1.19493261997326
1.58710898232658
1.58561940491295
1.64492373524725
1.88531380667017
1.49985409204175
0.95609967148273
1.67510654554544
1.73355961838053
2.91090428136194
2.26077273506368
2.88416636337845
1.31024968548005
1.37342650664248
2.07523187648859
2.51888055009037
1.68448443752723
1.40369304932387
2.46039737371824
1.19865933484015
1.03790269968158
3.19616317269474
