-0.016634423540313
-0.529155299636243
-0.780112506344902
-3.45703304241701
-0.433044908761138
0.132969100660556
-0.371638118642347
-1.7478164805738
-0.577225454760636
-0.792147771402881
0.10624007984233
-0.256679324752118
0.39343104876553
2.23931463982144
-2.03890240551129
-1.14185329472334
-0.085579059097953
0.881597349343764
-0.614929059082333
-0.503031823571883
0.957688182548259
-1.80473566579593
0.607057496175257
0.292970060166402
0.43819729944078
-0.632928534699937
-0.717033974295573
0.573469501052852
2.64022540893336
-0.0930746545956356
1.65262077358822
-2.21524225390148
1.05739155844087
-2.03104865892983
-0.00913406775798421
-0.14855438858827
-0.514619566383481
0.352530703526194
0.372925909087334
-0.472219833913239
0.280291153597068
0.157996244180346
-0.211448951493269
0.521963983776554
-0.939514830855458
-0.366876809303867
0.92267124173594
0.76147149221308
-0.945258774654645
-0.578897450607547
0.776603930276039
-0.780325488893608
-1.37614635753946
0.367179749328586
2.00925950588855
0.1985635929829
1.34433981775307
-0.510730085694997
-1.69598885982287
-0.696903067682943
-0.930687080870939
-0.0287812378073386
-0.101223806551538
-0.131278126400846
0.0955214715450478
0.0488121574576822
0.0532503178393688
0.857559338239853
-1.27000611187818
0.0761989393300958
1.49872709408275
-1.19450144029716
-0.806502000097148
-1.43466215566348
0.578077601339194
0.498197906725939
0.817116456273258
-2.05910330675312
0.967074225049079
-0.768933213895569
0.977613064881519
0.479528479524979
-0.522882030943165
-1.91010128706157
-0.918487654237957
-0.382806924192247
-0.0762033893300884
-0.613934944839899
0.223650754742123
-0.122203594965022
1.22904203575915
0.410714793645434
1.47850407706013
-0.189525702874045
0.669956697121691
1.18860797183513
1.21399514641277
-1.40780558694584
0.126257853590256
-0.196096724535894
1.19017374423842
1.85162113313138
-1.90708361707279
-1.31211099177997
-0.376057605424654
1.07057847745374
-1.95204753373491
0.551631886351799
-1.54436033388922
-2.04829989183829
0.80002513205524
-0.532947724929019
0.000221666815469366
1.11278023349986
-1.8435511204399
1.52537503397625
0.333239409516488
-0.820255157788969
0.446022424181908
-0.516916407946538
-0.0969245742683091
-1.38272287384136
-1.31235181144388
-1.81471381448758
-0.151175896056335
-0.232355959262892
-0.466584892866577
-1.9504397589706
-1.312651042994
-1.91594673737373
-0.165361138336299
-0.434464159076667
0.531730632434323
1.19598394551338
0.665991700014219
-0.669320146341235
0.129815184811244
1.47578955356722
-1.76497179171807
-1.24215655871317
0.422607351507868
-1.42420769432947
0.817584963484098
-0.473756061658223
0.490738552363428
-0.43528142468379
-0.464455954153623
-1.02039415113781
-0.00191985599932641
-0.780006324521456
1.28276209646466
1.59847176078141
-1.82861020726912
-1.24089534342675
0.545678392951196
-0.192620998460473
-0.0918169154682092
-0.518772155732185
-1.94176256295078
1.57702594633242
1.59794253514133
1.13356895468381
1.33845660174383
1.31718459487254
0.123208332399513
-1.00035320679876
-0.806860040677938
-1.10394454478206
-0.875699723512539
0.321240587851632
-2.42189246232655
1.95934688108992
-0.329036605360648
0.868746924187338
-0.400532572501758
-0.212028058126089
-0.385790237320663
-1.33514091056555
0.929062495392407
-1.43326143640476
0.721553005652329
-0.572611112004211
-0.407238428481997
0.102168417224108
0.578684460675874
-0.226176537290902
1.50021344246193
0.396896811008081
-0.807883881715841
1.40476476841254
-0.184200450036632
0.0925152483132365
-0.803800452653135
0.361749821309352
0.428310247942398
-1.0215371107883
0.0525174084792203
-0.435846195786137
0.0861020947386402
0.91942984893596
