1.56135491547498
0.35761845677162
-0.264105830334515
0.828300217813738
0.308789403130022
-0.0761614737769851
1.23339150828528
0.128175345473396
0.947371263612059
1.38864192342921
2.29463400843965
0.0356826041428143
1.18468467228221
0.24351364913088
1.6783809506999
0.588058376445197
1.96074670018389
0.0782932344910453
0.609760564881756
1.85471490792547
-0.275268113027456
0.346519689059477
0.0623847559122598
1.1353483234573
0.78509366264745
1.81141804558846
1.17895515382703
1.43289380593119
0.667758484896511
0.250638059522771
1.50865548871385
-0.186211867084421
1.17346296407088
1.46493520648621
1.70802313529351
0.937144907666909
1.58157716785682
1.85623283298188
1.03665483085854
1.08736549269458
0.599670714915924
0.648137081897185
0.510761376818158
1.19940589087949
0.231285925003755
1.74859183307136
0.849675947989905
0.51231257149429
1.22343937657597
1.00749189737778
0.537151950245197
1.65887746426131
0.893163798581814
0.263800506342923
0.36651012492804
0.623524639355596
2.09325642467684
0.371751992470156
1.06020754721244
2.67202597809227
0.933526151870862
0.286666079111703
0.453765047609874
0.520665635953878
1.82311035871816
1.101532850995
-0.353120374209643
1.47397056800852
0.156963894250478
1.2544482409937
0.850261787624624
0.429127876737958
1.14874254150389
1.32367880863275
0.281545281472042
1.25109968434962
1.02084264368137
1.18811547971253
-0.45540455492328
0.772379663921719
0.500462043089939
-0.170410465136944
0.675635222013751
1.67077377970364
0.662394837379984
-0.164694049928199
1.41286320110133
1.38708902897524
-0.196071059977002
0.498450084301297
0.73245082041491
0.96694992725714
0.647870718157189
0.885093728129997
0.922144752665063
-0.116730793648793
1.36381101417732
1.88634566469887
1.29877540262613
0.584252627599864
