0.543008319757486
0.254880756868768
0.567704425080026
1.26250361323614
0.673836243466112
0.267613043875134
-0.170418885474563
1.58639639112381
-0.165871391283963
0.741902638614997
0.114901562523611
1.08611633168408
0.794630703364966
0.233892334130938
1.61828177300432
1.02615306887073
1.12972277691094
1.41362764220074
1.34750211712719
0.799820497353863
0.606026096553848
-0.149543124267493
1.90513935836766
1.19853054737791
0.262368190060844
0.215186462211844
0.0860768623712055
1.18904433937135
-0.0670880880702596
1.72052418242501
0.432134771469905
1.02964352010076
1.24165073221483
0.675023118849654
0.950043585534337
0.653326891946112
1.381931628706
0.839100053931686
1.81101642224331
0.305164429251172
-0.111209708245557
0.768958629091717
0.691409629790129
-0.0720705175541757
0.550650939919789
0.247922663433456
0.1473718468491
1.67297171379479
1.36689743953853
0.394524409950291
0.502884474399606
1.50759468608019
1.59162438171155
0.58429548279425
0.876242299575448
0.626278933761061
1.75377270691502
1.10047743246655
0.386887113161707
0.279631205901385
0.482810810060143
1.34598836354518
0.771824069859051
1.41423057559316
0.234601015502613
0.415200955201706
0.0234467732762413
1.48523222312294
0.695250305521864
1.81831906747089
3.07409323455243
0.629857659993858
1.38754949488805
0.0695398062011927
-0.134070496812759
0.916671437630082
-0.233512984987278
1.534366486446
-0.528696852943664
0.894796028835374
0.284258699530401
1.69335257872094
0.592686285016785
-0.220540969363348
0.732520797601236
0.892706462130803
0.848475686308242
0.562258525797283
0.663021076611205
1.07532205572327
1.54198825578984
-0.082979682646465
0.177236595220007
0.464965861538416
0.492255791347501
0.498375461467465
0.906982912777287
-0.226729214837675
-0.278786000250366
0.957918216910719
3.81834745436537
3.3223253795954
3.18653461289545
2.4198451631584
3.07610712391973
2.30785932792605
2.4088037752062
2.23961686502333
2.39683122689643
3.00335286841963
2.38003177263906
3.25800925134368
3.49825371865122
1.75607010399882
3.33933721861765
1.8116642112947
3.34739162938284
3.59004462384743
2.67587364938604
2.57086080188949
2.86061082328483
2.501859347703
3.70699732233809
3.31565748301043
2.53433975881476
3.43542553393738
3.22906346581216
2.41534052791857
3.08198169957909
2.31404271516504
3.9392650825697
2.49639945393041
1.75389318430326
2.36436937029026
2.23301253945468
1.94619725557869
2.29817968899284
3.76247489193987
2.41155184803169
3.84673429482567
2.96164432631908
3.31819617381179
2.05640965313443
2.74502209391052
2.8878627513567
2.45832983630039
3.29618898321398
2.73947358210547
2.84931445121339
3.42804568785858
3.70296471947417
4.02747232896265
1.65392777759043
2.48208158734638
2.8688227734864
2.29370637408149
2.22440423481953
4.05682170399239
2.08944012027161
2.17239962405523
3.59845887788134
3.18345524538359
2.69154511410389
2.38838746048835
2.99222822316471
1.95212372886077
2.54572332795165
3.35581087859276
2.71760718568183
2.97180721490915
3.23359158551822
1.99259958040628
2.19288540327562
1.83680618785795
2.56300838812193
3.07042151337733
1.49741834375441
2.76231866335709
2.20108370753464
1.9796392214735
2.04372787708574
5.50445910580222
2.6023197994162
3.3775839288073
1.84460270904936
1.08439508930939
2.2459292465314
2.86397470460642
3.53505020152475
2.54368232343805
4.08116878647493
2.71175300443121
1.92337664716948
2.59337911008446
2.6961663153908
1.70126367641224
2.95523539197089
3.89714276722516
2.89540733283836
2.32422700343358
