-0.445773099724625
1.23283983919017
-1.49263989324953
2.23267986458559
-1.03395160526559
0.0230700202235407
1.20520448729503
0.742265874335005
0.595945863236296
0.129452397786609
0.0224725934799462
-1.78539727566755
1.49447366448644
0.699114101310269
-0.780842481008105
-0.953721833672273
0.711560825904693
0.406796825426365
0.0802320581563226
1.7242847447878
-0.579575287656521
-1.80693936798575
-1.49949183902192
0.123259439483259
0.498606874479889
-0.366715832239522
0.651592504950965
-0.735621255355961
-0.592695633128479
-0.272417534054258
0.274383410035635
-1.77080342342372
-0.609781967839549
-0.0991442012825917
1.69668079513518
-0.0833716524785559
-0.309088868772562
0.286638835379347
1.46588683807519
0.196494153889769
0.029394432137691
0.4323305794421
0.327848853960916
-0.20356132938529
-1.89151968209828
0.422197707982426
0.986199861075678
0.660870378811051
0.089968160144992
0.504117741052993
0.222678867097764
0.376679489669147
-0.30973645817188
1.31130676782055
0.669582294384839
0.316449693071817
-2.14761849515062
-0.499292018309271
-1.32639548909558
-0.812444886315875
0.348580177437644
-0.766394459891941
0.617071421746235
-1.59070393880874
-0.652941273622539
1.27830902737152
-1.94070043057452
-0.408469635908099
-1.20089391232359
0.476306921477472
1.69084484065964
-1.40456043997159
0.895336803370997
0.949086154497423
-0.418347715700776
-0.0765508494516766
1.22720380781688
-0.738499538031219
-0.900900956925378
-0.334159533710583
0.841843626482733
0.243340749518243
1.41688716754326
1.13606780309257
-0.484751841148039
-0.102023716247546
-0.207549022373699
-0.839215255076446
-0.658839157683471
1.62362907862061
-0.672708902216374
1.01290741089327
-0.410851276358167
0.851982518144156
-0.708397976687017
0.349476923228708
-2.16676356264738
-2.37207468643649
0.086841949800493
-0.557921436873411
0.568636270999387
0.839659944229585
-1.14655225781603
0.402776994469747
0.160680137696961
0.469208340028623
1.1451741501598
0.61504316770343
-1.3720113444875
-0.638321664108138
1.91446255050606
0.516594299318731
-2.18795454131069
0.909433965269132
-0.248841005319965
-1.04544760149123
1.11765550133008
0.563271391864724
0.0737869548892709
1.88819321651899
-1.70667182297598
-0.722767204244124
-1.19789553865752
-0.157932112903323
1.37433073668922
-0.344064267178055
-1.37714307265246
0.0522058577572918
-0.872136546901403
-0.051243088879267
-0.994842460506525
-0.256948939613512
-0.647601734317821
-0.657473138577506
0.600335031484785
-1.61496130264322
0.547153108645892
1.0801541903961
0.582959832611022
-0.449628120214506
1.92568406334949
-0.500897006784576
-0.87375368467867
2.78501823273883
1.94536754241256
-0.333682960097314
-0.633571899182441
2.08290108964407
-0.466972878498561
1.22978290804839
-1.63949789885579
-1.18530116991042
0.927014019399206
-1.76598508617255
-0.808202597953581
-0.316379994238498
0.6831467519758
-1.25146449668198
0.109953516188496
-0.533833255875827
-0.905967599813346
-2.01223628923727
0.572430126117958
-0.726844225466703
-0.0300185391644316
0.037202652677483
-0.41619423571515
0.189213950599286
0.297737585825687
-1.22541228551688
-1.17353629122916
1.10785456255936
-0.204740082241661
0.16869105834216
1.33882931007716
0.112942308645745
0.223239466367927
0.975780446017918
-0.423537202896063
-1.07729497308075
-0.7270690621364
0.253078061217214
-0.196792240250935
-0.0895595021886085
-1.06487623636116
0.642494617002915
0.00151231155295304
-0.504225183263212
2.46262137904339
1.62665160064119
-2.12092808288287
0.985849369570876
-0.0744932187417672
-0.355317171884721
-1.060255075084
-0.531438991660217
-1.22290160986079
0.202905808315132
0.511870857937923
2.85696550038319
