0.552309644880579
-0.241908352260222
1.43472156692035
0.425426839433993
-0.0539261134136208
0.851307026589663
1.20050819226369
0.583347810982286
0.0385567512658159
0.549468207948115
0.621316971116666
0.68709958212835
0.107058918685915
1.10661128441862
0.772735057188338
0.489191125707999
0.503921620110806
0.81745936164241
1.0032931070451
0.557015891162789
-0.0865848973057946
0.794029939042442
1.0122274092568
-0.731588330582007
0.793425011706287
1.55569982743612
0.0909095936695281
1.60916639976312
0.561458045898262
0.242193899373586
0.798105511957276
1.44713764978999
1.1458082055114
0.456689066617373
2.10031578628871
2.04760518773179
0.357202593797979
0.717118758893148
1.64685819346093
1.52885683555932
2.05883782594734
0.229847116096502
0.250417605709364
0.475315092099458
-0.0893799257782145
0.748679806844137
1.68609262173182
0.278827367370354
0.517278309889915
2.67095028855708
0.944232162507867
2.76825753980692
1.30966452395328
-0.0114058759457659
-0.424190523580958
1.31468414846395
0.652468560227852
0.897789889618645
0.75927681974987
1.04532270192106
0.0107957185093975
1.12533679789019
0.265610956363377
0.64825319596912
0.169821414160448
-0.512648463073139
0.829900414742573
-0.165186407104803
0.174667348821185
-0.394704182092647
0.466505524442035
0.114256694836446
0.651950294833464
0.866948048523094
0.787299691039352
0.062442013300665
2.72860416443685
0.411547235258393
0.112159054918908
1.44298388084379
-0.991630987021655
1.42996046785938
-0.366015758514513
0.855781761479599
0.977673800550598
1.26268900923377
-0.590492938199053
-0.173319679508874
-0.281804030755526
0.789429101162687
0.150621546776798
0.871451849077711
0.577062055485196
0.784680591520119
0.2031393142467
0.955114876469904
0.743680673742128
-0.280183862339961
1.54091485432948
1.0630988461171
