1.40662856554932
1.1574537176969
0.149226357721148
-0.240308522040792
1.22248204515769
1.30984658450442
0.802653247808416
0.74386750802568
0.546984812854665
0.224698276355321
0.656445213751631
0.993887091383566
1.77488577183464
-0.0913839074207143
1.26182544923156
1.2301702881787
-0.553162302916007
0.408898748852615
0.448010505102302
0.406916340535873
0.530116328300852
0.238401685499115
1.99527676639316
0.187965479849574
0.953660578321421
1.22319696943408
-0.2919614605231
0.0265900766166325
1.52633321046502
0.142004047311293
-0.330231689454757
0.899029588849036
1.84491808339274
1.13311144996274
0.804756329756101
1.14539044117104
0.0832791610080933
0.229718169506612
1.07836127064657
0.127865367075147
-0.180937581375719
1.98877942317848
1.03201390238635
0.897576054011312
-0.49432108982036
2.1558828394664
-0.133547866183759
-0.233718071486318
1.19404171169463
0.966449586931251
1.51149988201928
0.802365576427214
0.481059458489923
-0.279231631787215
-0.0869218068018172
0.48645300598072
0.755969077731921
0.117428351997426
1.55096927796964
0.664845945044606
1.26397432575622
1.13621541604721
-0.394629590538627
0.68691678893929
0.977893141814647
-0.212386082262654
1.76387392626037
0.421135296536032
2.05390656289395
0.0109987263376257
-0.968174350459768
0.766135202513969
-0.0620580394399983
0.0727349108726785
0.458116970225985
1.10451595179514
1.59233847112293
1.40941078859332
0.303806514267871
-0.266485352841132
0.358960958596892
-0.0481334262326948
1.13184027336442
0.869844008330183
0.115136741668966
0.481002811724544
1.545774776927
0.33882000110892
0.452242762287597
0.907945723378273
1.75969881276167
0.375340020540805
0.666738470052476
1.56544112856318
0.318292634556598
0.752310524057174
2.3417819614007
1.09317458972878
1.4516788533287
1.25833038008081
2.08773028459224
2.18857502324009
3.81774463576556
2.99358584115464
2.90207651348007
2.70773473681883
2.71311253314925
3.4935763626175
1.67645399165896
1.67424327861578
2.07221523089102
2.64804924515786
2.68767045538489
3.01650791683805
2.91076622658963
2.10662727688125
2.14030090911496
2.64888849090066
2.74446960701129
1.85675843911112
2.15668324073775
3.60972391552402
3.48208899671977
3.86938525827995
2.14088383351823
2.33533658838088
4.85421627283386
2.88522236160678
1.75800937647337
1.90818203661958
2.41173813714211
3.30032224095261
2.80902548839346
2.69659517475122
2.37150782299721
2.27950002538246
5.47150502656684
1.92715983726721
2.64800336694222
2.48518442406302
2.50577550260652
2.29206071700628
3.00169474617259
2.41547247245246
2.77547217669579
4.17320257412538
2.22884589122567
3.43735169616686
2.11184689430816
2.48704153713028
2.93418211941604
3.54915027785436
2.17482569799025
1.85316476999362
3.35116182644836
2.43170256051442
4.20380046535997
2.95646943433397
3.60477328282797
3.18866683854091
3.90405386782924
1.79623286629752
3.08516194697704
3.19153642367123
2.62589755731094
3.82341012250364
3.12891374937736
2.89220241989736
2.15298986223424
3.78351447424396
2.82449412395761
3.60879196648564
3.88620485996944
2.50039107859023
3.01974308322879
2.64295301687687
2.23765441670778
3.14959689821329
2.77828331832141
3.51837445524331
2.90890689632385
2.94306118735711
2.73137990684078
2.73916234561606
4.16834191686337
2.69431736858596
2.31286343122342
2.05044902302254
2.5177544469533
3.16715065146263
2.55707151178506
3.22977202100516
3.26448121409155
2.26952581886328
2.51224740049549
3.44787232067332
1.51011452713682
2.5778967106086
2.84803131382713
2.26234831435598
