-0.100623461871326
-0.117368675472972
2.66760391408565
-0.263197713884321
1.00996245138713
0.705086042519173
0.455571928265308
0.0780978719609967
0.829681168959906
1.53468889283287
1.37143944135197
0.00116779979821291
0.612326146510936
-0.167834774336988
-0.483998781811869
0.535737143893732
0.906327944438063
-0.339332012140207
0.202574049709639
1.11514354603859
1.14504806273215
1.10190685162788
0.425509476608108
0.697442840042444
0.608066181048898
0.154110923591048
0.471142742033564
0.404467209717155
-0.303718242522188
1.02147945704662
1.65367377635973
0.101404639323946
0.140857672505523
1.73422048954034
-0.28034060273538
0.450749078465044
0.790193907062572
1.52639557224937
1.69224730128814
0.733582087659379
1.55946003482388
0.749211792408613
0.312582883731427
0.361751407383743
1.21651573979955
0.404251078772295
1.06449633013265
0.745819007975755
0.556709054005546
2.76223084278255
0.897696877706472
0.203000811133862
2.74943867115353
0.620519407295063
0.379440630971242
0.947498118121576
0.409388001694454
0.232255420258937
0.101729643500091
0.727396753341602
0.0283543598622564
1.04450483227883
-0.509139113807656
0.0920568053989538
0.34806672659664
-0.486865643966347
0.76883165080185
0.925406731122594
1.9272088194528
0.49063408800942
-0.585750776304031
1.21305134275029
2.31993336016729
1.95335075250863
-0.0768548995383878
0.66258165384877
1.84816729541755
1.06702902394619
0.419829152051399
1.64058436915245
0.446315706013429
0.262583608722324
-0.400226165880873
0.759191399680066
1.13183879674412
0.0734659305189466
-0.972543213677922
-0.47894559443206
0.738893006690591
-0.247590406997368
0.0444103924050614
2.41708583027405
0.373889292982899
1.37767606180273
0.533827511929086
0.118841882016277
0.918692878321098
0.609499803533637
0.770772291610644
-0.738799076121014
2.18783600596016
2.83026660430443
3.94768772284111
2.63174710784476
2.93393576990464
2.3693345680988
2.57193379392384
3.06147792717018
3.37783024673504
4.20845513528549
2.2887449317822
2.57316994222685
2.79358870134478
2.55989514841909
2.03252542290178
3.3484336527439
2.75501086272606
3.26490709150271
2.77441709238056
2.03014993459353
2.07810133387538
3.2856159557033
2.95348717684272
1.30695818756126
3.27982102759319
2.29773727331118
3.63264628591821
2.06133919479098
2.16278651247974
2.15574254304514
3.05537632466397
3.34772295013236
3.05347148039423
2.93247140421683
2.98760295170917
2.88020583151876
2.53216368808471
3.58797532947726
4.23695887299673
3.35792853044934
3.09018765471659
3.78144754793463
2.85847437158372
2.21364767619494
2.53661055440175
2.71438671775189
3.2100510087052
3.32230481539389
3.13742264990382
2.78198305300822
2.18982019268094
2.90603107808478
2.12659456556785
2.56139372601014
1.61381769230101
2.23501144652115
3.08131191311977
2.82559095817827
1.40333408288274
3.25452441440389
2.81354009247976
3.40654522917622
3.42902426690258
2.35398063389683
2.69818461256391
2.26385568580619
2.57778313926426
1.99533492056873
2.5675999354959
3.1437805892787
2.41022994997607
2.62511819489561
1.82248822503763
2.74960113178613
4.11966605980545
2.26910731063992
1.75667641174635
2.25505404088844
1.6910500491857
3.10219369342182
3.4169346266536
1.50107807644183
2.11746381095
4.03448378843723
2.760808627171
2.01685475807505
2.63163294173017
1.89336193772299
3.06922539588445
2.09334845298814
2.60213608414776
3.33785671566242
3.67520870270698
2.22646809967697
2.913497630918
3.16620798961952
2.2150743950047
3.76862796741617
1.58945893540581
2.6684937439887
