-0.535989779345073
-0.256534092602181
-1.36828727443557
0.380384137766584
0.678520903525424
-1.48434132334152
0.253305142362297
-0.0517521029337572
1.34183645385009
0.288395359922519
-1.16987793984718
0.713614743665199
1.066249609766
1.80777526165869
0.163147117330049
0.695504270497486
0.481552619247377
1.40434692158743
-1.27448889750114
-0.62336123772778
1.59592250517046
-0.871355154667116
-0.0506332245665778
0.947678085295808
-1.55153235652873
-0.934898547012109
0.139033533676147
-1.12377546912717
0.572427750657557
-1.03092651448201
-0.061814018251649
-0.24332030278275
1.15512808781149
-0.0197668058547066
0.313007629861956
-0.868120031844806
-1.79439335210206
-0.373515726846051
-0.0328984541748288
-2.06057770509203
0.187493382380956
1.83694281340935
-1.1430945688562
0.143796987825616
0.358325907694957
-0.14792641083909
1.28037840640569
-0.00352530338143894
-0.0532761411512121
0.960467196242169
-2.49182507195558
-0.689115465367012
1.95142840948093
0.0916188791582279
0.281813317783064
0.7976386684373
-0.538690516103294
0.547726001533567
1.64938194072831
-0.935288362762012
-0.263207266371127
-0.414355240137004
1.20899958568721
0.175721671332798
0.519227242035167
0.881127113965005
-0.0274285992543052
-0.13134885250174
0.490671132423162
-0.216042765548627
-0.608907118070589
-0.300651427907631
1.69764331914033
0.445025517589511
-0.73146510098602
1.29283946353229
-0.416222496575756
0.471707363155016
1.41628570523914
-0.133717586979666
1.80957528491458
-0.653633417683532
-0.534883749821978
-0.66805258828392
0.891442114843464
-1.7539606344593
0.33272098798994
-2.17537014063361
-0.531175074162499
-0.51146155539041
-0.093955555942482
-0.471274866791782
-0.173628699112992
-1.51330848796242
0.0835997178543343
-0.167268163898372
0.296678318538285
-0.342756321934259
0.593799110070135
-1.37832267015862
-1.60783344001759
0.191930921255008
1.51399273705314
-0.855606615267457
-0.349215549532684
0.25927664142444
-1.17870069123919
-0.800170338988196
0.559014575845986
0.217141281533199
-0.549832212065692
0.823356152655799
-2.21325928124627
-0.247614991630671
-0.762949242783162
1.74317190721634
1.7185436659921
2.06284113085941
0.749368101119023
-0.497698396458473
-0.962152465787639
1.11240919328262
1.20314940926535
1.08873783474222
1.4850733469165
-1.92203421331278
-0.161236770526472
0.413563160486375
0.739275465341144
0.473036236838543
0.635566323312716
-0.544388816025887
-0.287572613703553
-0.221178750385988
0.608139347137096
0.231749164053849
1.71141815504436
0.42108120253082
-0.878232950525396
-2.36263331741838
0.32676656043114
-1.15392705767183
-0.391437931338138
-2.38224358800684
1.42853700640111
0.836046578353246
-0.180067306644866
1.26585973872966
0.912065113765324
-1.16629683934997
-0.809146328445249
0.544489043931537
1.0580256384648
0.60743329587491
-0.247692597867631
-2.12399439798897
1.58937975816815
-0.030966624094052
-0.381094614705236
-0.332681557877649
0.510148690852252
0.343863499189168
0.481688903809979
1.2626295440846
-0.304423580620438
-0.885774990844426
-2.32153965798213
-0.367094106314776
-0.232957780559134
0.501323187650015
-1.55228257585489
0.90910888362769
0.507909761009881
-1.52786027425647
-2.99662336665816
1.87782331712812
-0.124376493476053
-0.731131722619687
0.159727994040934
0.152280272525882
-0.432420424381261
-0.886502650241892
-1.37993176327046
-1.10434165511339
-0.0867769532203545
-1.19740570489617
-0.138618412698011
1.36522876968414
-0.230488535704373
0.314451450850795
-1.56601733634643
-0.0352885310553939
0.38441648274452
1.33691592606991
-1.93233890376947
0.0648095789925021
0.52123401387976
0.137409387527171
-1.42925988665889
-1.8298641897149
