0.576065593716245
-0.251058715026076
0.320736226553143
-0.425726796434545
1.69024913255934
0.0343203710987587
1.23754230762529
0.171020324775766
-0.680132574975912
1.36682496443208
-1.14962269577932
0.442165429336019
0.299036419306397
-0.551825853419229
-0.650011450491636
1.66297351209891
-0.748958943777729
-1.34225789077193
0.417340492763212
0.784035023816863
1.47396789719234
0.522962786600733
-0.343133592659361
-1.00106739796811
1.05930543359166
-1.48507726990092
-1.49756653289645
-1.11598018437961
0.41240301703767
0.325325838651435
0.263725398204786
0.791919652870732
-0.138243330263958
0.800714512824942
-0.778304858064023
-0.918619772339354
-1.05983088379296
0.560199419039903
-0.621352986228153
-1.80340569194575
0.713781413859806
-0.371070726926032
-1.38792307942239
1.80009951004235
-1.00229867006075
-0.721254208389317
0.115051565205469
0.502511796137551
0.788540685093832
1.38040345000188
0.891619350061772
0.97489155496379
0.814906665986653
1.80677952615044
0.539280513702887
1.13089747051911
-0.250467411053006
-1.05724125384129
2.13829081934558
1.01535886606572
1.67931616105824
0.753494295395875
2.5427362061078
1.32337707931614
0.257578722235963
1.15105945695536
-0.0691746539071532
-1.59615510097879
0.525911309388952
1.25622413109481
0.505671701792811
0.739136069701266
1.44591583633512
-0.217629225661588
0.113156245517466
-0.995392577334347
-1.96544490991643
-0.881588916851203
1.54819100422777
0.369946937742063
-1.03000093059533
-1.25301894587687
0.446501304182782
-0.185617552010982
-0.847440921022275
1.19051622235356
0.0550113051317369
-1.18221224686515
-1.08700953386518
0.210635603856167
0.102502489785106
1.29375194384662
0.597524477531638
-1.16216672284488
0.866805895270378
0.134503596888013
0.195890778328336
0.179907482813033
2.04333360327588
-0.0126865069349905
