1.03926280192466
-1.18443347458622
0.968404997693372
-1.09965750404878
-0.980220076984974
-0.31134902869162
0.480315402744235
-0.605171548166369
-0.473919640803828
0.891299794940041
0.642500821582777
-0.792922520511356
1.51868730115809
-0.0258886528069502
-0.269714698204719
-0.627518262163603
-1.06831096401333
-0.0455744406497826
-1.45418612777922
0.0424723579375511
1.15353438073484
0.491306072513257
-1.57413185843683
-0.337503432061425
0.695186960509112
0.604762319273535
1.25338418933038
0.220904678398344
0.63503207427815
1.72518708486553
-1.13095917444762
-1.29443214567899
-0.308282939023285
-0.814222503833295
-0.393235805888024
-0.771126901719741
-0.724595895294918
-0.644690822299592
0.695541278593466
0.202760918669147
-0.994947837092993
-0.292392268637311
-1.00049531649764
-0.390930135748577
-1.30327856093962
1.12169339753102
-1.24667685014138
0.748619223619756
1.52534137566697
1.64887220742335
0.920153950941411
-0.52764038838333
-1.34584693233179
1.10138090245841
0.981820393557106
-1.5371649278825
-0.542083811618175
0.763170807465421
-2.0360540009031
-0.218150542802075
1.288683195228
-0.591768922435398
0.185521592849383
-0.416443501725361
1.48411493104161
-0.456616525044239
-0.0814691120739922
-0.57406554560525
0.660294830928297
-1.53127809024926
-0.463919772343756
0.0413738319991761
0.107915155464844
-0.0523873843180862
-0.102690841513528
0.172161471671895
-0.480643750576945
-0.758095784012821
-0.929751403687289
-0.677711256042685
-1.13866562615337
0.931832376496886
-1.17741576466007
-0.961953573835734
2.57813537592677
-0.556575010763236
0.14384293690254
0.301297919925951
0.859646294305743
0.5564290846271
0.458386168215655
-0.213302788613718
1.16040231404941
1.59284223167604
-1.17363013521069
-1.24302312926747
0.611353820410732
0.338072932767985
0.525855780637445
0.443983925912875
-1.0266975337939
0.715021716722044
-0.12565085004515
-0.44827707259727
1.34576010623386
-0.134054952380792
-1.20595622948566
0.0558501530045392
-0.106844296960329
-0.534811663355407
0.588388814863955
0.167503000615832
-0.527344045195422
-1.38191506685267
-2.45422555727817
0.391720497544559
1.15511789539491
1.3711403092529
-0.901461968741298
1.15889644920754
0.559615896378081
1.49772039534728
-0.321271238289347
-0.349151972491997
1.13545429310864
-2.56341224500074
-0.0567296729433631
-0.514863428737158
-0.00583747850218121
0.351381752634749
-1.27834878660925
-0.0774174058167754
-0.677359230810911
-0.101032182178849
-0.56293909242709
1.57102375612273
0.684933735925983
-0.232178380179688
-0.717248245883156
-1.61071105287567
-0.561230558518694
0.647236746957629
-2.23706046662365
0.179349870545392
0.292773368820599
0.3455004620299
0.0536983272333428
-1.37244164682991
1.03941330167783
-1.46101325941156
1.72464856651203
-0.162133164604595
-0.140038056782645
0.471930239280132
-2.02943413512681
-0.705191043084074
-0.552526207329577
-0.259662548984195
-0.0391865874068977
1.75511303537627
-1.21378169017077
-0.900256722992337
-1.03991576542594
0.20983581222787
-0.749506437159697
-1.04216846363512
-0.117529826000465
0.256412682494724
0.776823260710623
-1.10919253066603
-0.277910244254603
1.20335077810852
-0.241133849639596
-0.0657428294867642
0.433928411413423
-0.358821529556433
0.124082413841094
0.985798721215034
1.3682679006665
-0.698369658731948
0.436342242916926
-0.419382582211255
-0.392845910105537
-0.885328975968734
-0.224129831752134
0.0375605696023498
1.00842078925494
-0.468637332318385
0.907019385958393
0.523674659212852
-1.00209229666824
-0.537187610381366
0.0635871174355817
0.853029416330136
0.0846934778436716
-0.8040389129019
0.507232192990033
-0.529613026496276
0.513849083861098
-0.253794567463479
