-1.55250539267685
-0.373715935499956
0.363103565472771
-0.521149084477851
-0.487404232244502
-0.722445592776262
-0.622426005938109
-0.383011927356935
1.21404225153018
0.391297423328823
-0.223553840304601
-1.97163774375089
0.311594240155926
-0.0469429941893572
-1.44158528723626
0.511487590394288
0.078519473787192
-1.36197277286878
-1.35773454173727
0.0468470097383111
-1.59759656705269
1.94435213364619
1.59971872041985
0.581041024263321
0.745168129403178
0.571463978597553
1.0326883927391
0.952968099657361
0.155552803482289
0.503844377518423
0.515763519538588
-1.13645250211792
-0.946968567627269
-1.46834351153502
1.08028191339797
0.152512005613437
0.250994745826134
-1.69534288694538
-0.367573454428451
-0.0692212097215467
-1.16234010327196
-0.539459765686676
-0.748922200759156
0.492074138820379
-0.858353650833273
1.10382440993921
-1.86206295318103
-0.295661867036031
-0.193863515379771
-0.353689322615449
-0.484163277465951
-1.35452373834652
0.123483399319169
0.556443864689745
-0.525314086012878
0.922420186730589
-1.3682664579221
0.588597785700618
-1.89468337143714
1.14831364131194
0.725618781507103
-0.470846829987876
0.613012073183242
-0.944266670529094
-1.00614646009761
0.709812195570816
0.140041053710097
-0.264294842773076
1.09581649462905
1.3843654636043
-1.41387954032259
1.70906416064848
-2.26782735410407
-1.17350590159926
-0.556266904366309
0.806054797404543
-1.10782505906907
0.256486539656528
1.24427069384942
0.705364561642714
-1.14040286017875
1.14806768906799
-0.816455842295529
-1.72006874969233
-0.262787925674306
-1.28705889862739
-0.797390960045803
0.135526455194618
0.495204486060634
0.781739432969141
-0.0874914716018343
0.558744923920128
-1.05296977998676
-0.336689285672278
-0.771139553814835
-0.0866588717349485
0.994178505273357
0.238849937251416
0.823930756314729
-1.31262874339703
-1.44047434138414
-0.0825262906798906
0.32578495556025
0.719603603541805
-0.71564466685654
-0.21161904839619
-0.021470658354892
-0.0732481514116269
-0.342190732106498
-1.57301652672457
0.688819146765661
1.86736421640324
1.4494013847907
-1.42613907816079
-0.639182492566772
-0.129517440752305
0.183512434589468
-0.0159851695446388
0.221794501409901
0.531287957722499
1.00341737100715
-0.0996770306672647
0.656315790373288
0.825042055128377
-0.272500965736168
-0.404785329358029
0.571683039359356
2.04109943357079
-1.35135597635703
0.229277134258467
0.543768157272854
-0.646022018223552
-0.725249773496374
-0.447595323123015
-0.681154833562236
-0.478306754351377
-1.29458299364345
0.273969490378078
0.690091713312341
-0.430270589065584
-0.420498372654527
-0.646538960239532
-0.147516637910537
-0.522639070350638
-0.28111241370532
0.931604042112605
-0.414450948340197
0.520262372636076
0.448913861282643
-2.04978423146218
-1.2158778243324
-0.810829457584154
0.0837392107846719
-0.356799452005105
0.236352511132753
1.25342568800133
0.758694673532316
-0.895532050097715
-0.562152792469056
-1.45651689846358
-0.417350923770181
-0.853844166599512
-0.0268795204095203
-0.190222330242533
-1.06094415604876
0.818186535513543
0.25713952042531
1.26979525070018
-0.371671074490838
-0.910611217373961
0.569882523370952
-0.700877014253634
0.956979934161706
-0.748665225735273
-2.44461350569153
-0.536449385653122
-0.665207119520514
-2.02813745181763
-0.554632293729934
-0.383553627827961
0.23986379576152
0.816140988717253
1.88581722680556
2.0121570637887
-1.62393297092888
-0.280320371645436
-0.20185786294181
-0.348918507373962
-1.64330213958379
0.301580079671372
1.67208525558255
0.29855686688994
0.650121266286691
-0.455040574901711
1.49932883060571
-0.636800266039067
0.52223012598729
-0.364860466930109
1.69135458702916
0.314767702993295
