0.624079476170039
0.905243523717675
0.32930157189948
-0.0290160266024416
0.595871396928865
1.08684945223763
0.952061477061396
0.981756724812716
0.839649521657128
0.693083370736962
1.21214630524318
0.433140851380578
0.481582295881497
1.91464968090532
0.127785060025526
1.48468675230393
1.03104294078956
0.577742432593471
0.399271267186382
1.69475781294445
0.75772691962993
1.30313219610055
0.72578956142676
0.149715696750477
0.00860051692283986
0.631216907005889
-0.158244950058958
-0.136931823131205
-0.220056548468388
1.8458215059294
0.784742952634235
0.882218810457059
-0.0921850507075852
0.870362080519635
1.2104277944766
-0.116015625809811
0.368839537563953
-0.84353866355331
0.118938714955543
0.675456360547113
0.456485961044071
2.28486709084516
0.406076286439279
0.369753051239709
1.56854713766709
1.12482976960919
0.836984540050381
1.79695797331822
0.895885385460535
0.951953790362743
0.369153043682351
0.943246697349083
0.546052480123112
0.880233205818791
0.257323963352572
0.863010757827692
0.722321839645049
0.629568420058531
1.4016411364164
2.04970035129842
1.2465656861539
0.469871448593243
1.39620655172232
1.31446365840435
0.375565582777987
0.440308967348143
2.16881815001938
-0.0693944427695694
0.299720417630545
0.033496922542932
0.33034863516512
0.138851120080107
0.847001941568894
-0.377425483967657
1.51508545564906
1.83983410435703
-0.119137784531386
-0.767017439559636
-0.408035307420725
0.146393728237777
0.250642013673116
0.73431309114142
0.4676912298092
-0.437533596332781
0.312642589179181
-0.665492920158754
0.889176077319909
2.87285211316313
0.880597968187412
1.66698788926678
1.2992515741522
0.350427322006111
-0.790618024422697
0.40674582395788
0.596025572568013
-0.506785126739791
0.895224119313969
1.54029052026954
-0.618074254129941
1.77059631003228
1.01166573754558
1.2233612089103
-0.220223597936638
0.40707654411448
0.417305581895129
1.18106768919125
1.70433717147776
0.66137101890755
0.547057553367151
0.371338926398585
-0.047477731713014
1.25483304087004
0.994496697040371
0.00514900313537592
0.992615382294578
0.385047532453241
0.656191207726979
1.09965670338345
1.65476890944877
0.154839627266476
-1.10450418907372
0.964441346861387
-0.106499611149459
1.62405903827121
1.29894219104666
0.988527869207108
0.131165765936173
1.68235407951993
0.018121499070244
-0.0432650593097383
1.61543997352862
1.25673219556542
0.00311782747634853
1.40691453925909
0.845407673860715
0.65638735783952
0.747718658265668
0.883705302254544
1.19102886175171
1.140496582266
-0.234049470085041
0.0116160999311419
0.676504478591461
0.56353961240748
0.380494922284164
1.37284025497334
0.847381740538569
-0.28253304499457
2.58413234671284
0.394170289585894
0.58769650747673
0.481477932516793
0.663461747076421
0.193255884049133
1.78977627210675
0.784877545915189
0.649609592367191
0.663174298471448
0.135202615619309
0.741968456394579
0.226411657523467
0.392378489548443
1.36509714345547
2.09065412975999
1.31901538758446
2.51780396281652
1.95850668819499
0.720413261973603
1.20918261808785
-0.172111416238724
0.171227854357293
0.63310733832967
-0.0359786276778075
0.742871771154681
0.00836694347801612
1.59320449578479
-0.0960936681091917
0.47337412501272
1.52131793502081
0.251928468527802
-0.0408541587055406
1.37480367905899
0.973749599023354
0.549658364783292
1.5465713357944
0.581972858404215
1.33236808326419
0.633500044930496
0.96603921677209
1.20948812822185
0.39813170765887
1.06928046457046
2.08208805140342
1.64546284684581
1.91955754142757
0.0581089068607646
1.98841338862378
0.136064680155994
0.282426226085166
0.691537921933677
