-3.27669618700268
-2.44739416939913
-0.0115925744047348
1.56051628119167
1.71656193508921
0.885718911168019
-0.615209376034864
-0.0282619123390892
0.743931197691579
-0.333169975395244
-0.00346259828927082
0.311964137453972
-1.11769805791172
-0.794658133220131
0.736286230086926
-2.35780949343447
1.22238713233288
0.426606936279556
1.11304169202053
1.28849062502074
1.60662516355042
0.893504955568769
0.351696598278201
-0.447692264582954
-0.236515815930536
0.398074711943553
-2.1488870287181
-1.23676315671411
0.0321406929782585
-0.803708409429224
0.999661513344078
1.52960185366137
1.38727525247822
-0.383236079536156
1.22539769858119
-0.9040206224763
0.623894012795876
-1.33651592368918
0.0392976565498849
1.18562636846982
1.84449286345379
0.406097763986585
1.00476959992385
-0.0453511999613857
-1.83340695744151
0.661126663155644
0.459310959464703
-0.951295461901069
-0.127646621541017
0.127845807453974
0.0103858744663704
2.32625687831433
-1.86636864321433
0.113027867252758
1.73383494594424
-0.321793514130283
0.407937269828701
2.35492776711382
1.58808464316903
-0.462101715351099
0.214011318518465
0.103079703461163
0.167905255356284
0.998697729964609
1.7502639595816
-1.45615863030041
-0.892477347277017
-0.308166719794409
-0.369493363706358
0.42315195401236
-1.78972818609983
0.557767810235432
-0.649932432380336
1.95972271864161
0.375897308987779
1.68982189440061
0.64563374086515
0.189601345192892
0.180205294485268
0.0860100912751389
0.971357981034747
-0.557127246142499
0.856272746384174
2.78060188718684
-0.0583469012234702
1.49580575512844
1.49655959126004
0.178451402757405
1.18366560951132
2.30391530656838
-0.0910342945660927
0.262210689525985
-0.146596251834726
1.67317804731427
0.0613152289076638
-1.37227736228418
2.30721617096028
0.413742009939476
-0.0624462628565536
2.02501225694884
