-1.05185596760413
0.687423070428926
-0.463049747390068
0.45311578693246
-1.37382209350864
2.57586773271706
1.31031452280246
1.10635627886597
-0.866323985470129
-0.432839979044537
0.324136841269466
-2.19197450584806
0.799951940815233
-0.658063977012845
-0.323133672953781
1.69707237412728
-0.0324100519541229
2.03967329804033
-0.237634206417736
0.333064569286102
-1.0987694280159
-0.753655516224176
0.662216648630852
1.17277399592951
-0.0594793234458001
-0.277868709986296
-0.456445401967976
1.51229892926916
0.0252117006270018
-1.38599331706386
-1.16153112486857
-0.913197698150142
-0.253647483213037
0.768176392765871
0.308417490437222
-1.63096942697871
-0.669842779315665
2.1162899819475
1.40320257196935
0.0266298398160939
0.32803601993398
1.92162664550946
0.509543556646309
-0.585738713110386
-0.884110914179275
-1.32194885759783
-0.434802989819133
-1.44326526303291
-1.24888574251319
1.68898524157314
-1.81516176478536
-0.28547232683886
-0.094611839521178
0.00560191330032808
1.43880358311324
-0.111093379883581
1.13111265925182
0.0305351626008458
-1.01258420245325
0.0276096504839431
0.331838919365451
-1.00960582200869
1.25990336263671
-0.517256090260401
-0.240013884619835
0.648384997786518
-1.16534803204564
-0.956880101963902
0.6993919068654
0.619957241874106
-0.117539982383718
-0.236034300827686
0.186911841985736
0.375175386376379
-1.61580815633131
0.856846366676215
-0.148189847552891
1.17755400364683
-0.951971819462816
-0.190499192903657
0.0433224750604402
2.09418221387822
-2.35131290681126
1.45258265948966
0.338901474269187
-0.553987764546347
-0.77479167679591
-0.0847221404012144
-0.939532071097974
-1.17897876005452
-1.36242970030164
-0.126578750506975
1.37008943250838
-0.942194832406827
-0.275772605158289
-0.775873065094209
0.32380002655166
0.460102521024996
0.29169038096289
-0.884727563480861
