-0.875793138879454
-0.798085385067793
1.03675259767585
0.465124701486156
0.158270731167752
0.268658734922804
0.516496179631543
-0.616844279173493
0.875195386166497
0.155783418395258
-1.09467914992663
0.441730766086238
1.1523667568813
-0.544681399404008
-0.789739623390816
-0.80794547841402
-1.84882335902821
1.92333877544354
-0.990844940050218
0.576227382736374
-0.79509460154326
-0.597139377032532
1.16618532764764
-1.24418683741471
-1.43395516120119
-0.623898556754717
0.0846186176976467
-1.12917603718208
-0.17658562188147
0.201236411185212
-0.174404033467266
-0.716729982562304
0.921395806967159
0.416057456901399
-0.0996838797448467
3.13377736229745
-0.00464789631733126
0.701491322165956
-0.456913900495419
-0.61643185189716
-0.149329424454141
0.304197424385747
0.849294163818708
-0.33242011213046
-0.321457314110926
0.0243150101606812
-0.470836098648902
-0.0596970531959534
0.298965585614132
-1.16664883796306
-0.182375604941333
-1.09562663159124
0.262840139044816
-0.452178243254229
1.08805341641089
1.6652911848545
0.592219256709827
-0.523443961409366
1.65048538293218
1.0912524158937
0.0617152909552715
-0.132259912955049
-1.01917296768527
-0.478655230882042
0.297894482044005
-0.378934031407672
0.640137698074953
1.37974150571271
1.45647440310956
-0.280209746939536
0.416368590024205
0.333385008651082
-0.00684426980662459
-0.264880951159096
1.88235970135206
2.07037105236715
-0.0309986361383224
-0.397892019994753
0.203093110222527
-0.302816546866421
0.410969926986413
-0.994463794789944
0.551061612198768
-2.98079199526923
-0.107209868019139
2.50899907540296
-3.10741186486699
0.561837262715174
-0.595183143631866
-0.486345005357071
0.205334081313249
0.123621960935805
0.535898523948233
0.175125836736178
0.0268629138699243
1.71718463593128
-1.36061660911419
1.65825084807776
-0.192911340469785
0.55540365463809
2.6185083597131
1.73262545684879
1.56128418922904
1.96422509327276
2.73614984299478
1.34389696009538
1.42691426435141
1.9490327096722
3.02829433954483
0.110213372967047
3.08868115580747
-0.595095835227206
2.52806206827162
0.806436599294634
1.92655616594836
2.3076938174589
2.29573072516785
2.59977173133267
2.48269095888821
-0.302518701695092
1.32942696762455
0.966842030790442
1.79078314436174
1.48594538709036
2.12267802416824
3.56322354058984
3.22580428736961
2.22652901909715
0.937570842649322
2.37483334733025
1.4806520359379
2.0290386643971
3.33137804062026
3.24125616299088
1.72187493858811
2.41071082872913
1.13144077585316
2.19795410891339
1.29915101037814
2.22759606446042
1.10113145416524
1.56625823602375
2.72537955049595
2.34747465693556
2.35199570011075
2.17264946795774
2.3285459660857
2.32466400996224
0.850378043716951
3.42576622974667
4.33020961733346
2.24582398488019
1.28345914194716
2.79367762308094
1.01087945674003
1.60366126801687
-0.640738179433073
3.16058376392665
1.84078185826162
1.44535465950661
3.25839001950113
1.30787118371005
1.77850033144241
1.38430165583376
2.57212387159231
-0.955744986897934
1.03140179823477
2.87039670324241
1.62053081295878
2.36333221442735
1.50768945691114
0.587983758322158
1.4029525091265
2.47943760675242
2.2358004726965
3.75054619029056
2.13790069891292
2.64516348591359
2.72202802983273
1.03956118390995
2.08104538618456
1.43132797015614
3.84773951811439
1.36878810556478
1.11465165723557
1.52307124196439
2.41084217690098
2.42708870117182
2.48055898174671
2.25263050557152
1.7075070177499
3.41861017880161
2.82417578325019
2.25796114330861
3.38790238713269
1.44793361849034
5.07469521649989
2.17375996653484
2.43756323840271
0.855609860032026
