-1.24158195326038
0.815393973257304
0.0630067258696068
0.0507113888688869
-0.404772000870036
0.662573746028123
1.22460672069394
0.612449985357833
-0.430065729692289
0.77951492265209
-1.20561393373753
0.318880915073081
0.296153188404513
-0.330879510109888
-0.0682418528065584
1.12463816335484
-0.846182938461519
-0.302824087474678
-1.97238011828999
-0.749487302196127
0.260595135032819
-0.0580383437263592
1.09840344070348
-1.16373559919842
0.435395890348291
0.0667267767626489
0.952682034626108
1.43910667271903
2.12268750112964
-0.531885468933873
0.489804497135714
-0.753511239780566
0.406724000812971
0.593962356087136
-0.716649611985695
0.999115192151861
-0.689131696334121
-0.728907567532021
0.877991188756713
0.743243382201847
-1.86217560563354
-1.15021813470386
0.432763965176583
-1.03771598479609
0.339839783351624
0.65569800202116
1.59261115029941
-1.62610471287419
0.0567955757749825
-0.660749187082218
-0.213160093290946
0.864268214484256
2.05994713515547
-0.613238851592037
0.82497850745704
-0.00918469419206828
-0.0120315010309602
1.43208035160796
-0.0294374870661498
0.977648642821404
1.53114160588448
0.614830269471605
-0.696202520347147
1.45084394525844
0.0832925817433861
-0.748346360304425
-1.82486609969062
-1.69682048400357
0.955047432783559
-0.528817897385599
0.119234450249648
0.196588728081409
1.91286370072229
-0.721228694097112
-0.414199327800117
0.34345560941402
1.0151764750916
2.32956665312853
-1.57888035347803
-0.70315096622271
-0.532176012636492
-1.03402282921898
0.522026821130648
-1.29120701259848
-0.00231147634730268
1.66309019348684
0.283535089589007
-0.0372635600661921
0.573047760475082
0.0420798890303438
-0.951858086660653
-0.424718981348995
-1.95166739504105
-0.681023117556395
-1.05977971495727
-0.435775681337656
-1.44698847556331
-1.01232958143666
1.43913483326637
0.457274354987073
1.33810722891738
1.30191572803244
0.774326463625748
2.41215314701051
1.54528716591002
1.43169545586418
1.43142840692711
1.62392449027161
2.34919319834423
1.35649546323713
1.85481695120484
1.87608031184518
2.73402615007727
2.35719674880529
0.91180144102981
2.25653214884184
3.5480393268695
2.52176350754619
2.0526034574861
3.15659728212613
3.54969218950352
3.85871887414513
2.75296051224449
1.80082454402641
0.844043836910993
3.72974213225947
2.20639947996679
2.15440213883572
2.69812544088952
2.66891993748518
3.46777518998794
2.14189913055006
2.06600446796658
1.65642225441622
2.65730032665778
0.61391964333987
2.42246531689394
3.11334953866915
2.76628769753992
2.82426452102031
2.30599675034372
3.00293579401483
1.82837552769191
1.16988973434326
2.17951785815655
3.0365175439986
1.58591671520748
1.94350184197042
3.93457475277917
1.86721792266146
4.1892039697949
1.26536617097489
3.09542195456422
1.2563072092765
1.56474122596755
2.64264326060656
0.668533154363203
1.71807109468285
1.97494736260604
1.52546013531505
1.92636995988372
0.816030741361282
2.89057997060991
2.75372777869853
1.87495472202516
1.02561344625686
1.44903899278302
2.52361494701042
1.21334716773889
1.25226621518988
1.32686418096982
2.09672382731465
2.5670378954735
1.7400502541722
2.08385819040059
3.32419654293943
4.0380140436884
1.53738381425608
2.98134831268824
1.00640923168318
2.96375394858561
1.65495095259091
2.98832031811217
2.06448533794234
2.04220177654046
2.30183189179474
1.1835292455685
1.69413044554259
2.84875094850847
1.95189736688947
2.69670733208689
0.614049347787508
1.58761888501386
2.32488078501348
0.770674686009387
3.23185830251378
0.245862942161984
1.74289022240747
1.81192292693147
3.7360551043498
