0.262152787411627
1.68815320391795
1.23560114342973
0.48371553270767
2.07974585879795
1.14407462558701
0.174232100141035
0.755787134426745
2.52814429211275
1.29399011368003
1.44781628518029
1.04018060319378
1.35499532676816
0.281458492731945
2.25582192917022
1.3710584431669
1.3821909497421
0.366576527197222
0.751207176208034
1.07125287669708
0.893945439758711
1.08879947406535
-0.496063801770785
-0.315232947757435
0.268504263968829
0.166841258089718
2.31519260795695
-0.0545179296538894
1.44945584265254
1.3787854399872
0.797265153942539
0.831878038888435
0.87497492293479
1.11511060924271
0.323750647606153
1.26104339366876
0.275929513854564
1.1795990636263
0.162455346278035
0.560484144581968
0.160435713116342
0.420370013918119
2.16098892370523
0.960618969065936
0.883765965870172
0.0827783117300983
1.32199518990832
1.94869196193054
0.518652491972459
1.34396630487183
0.95400678124321
0.517824342472907
0.300822177056292
0.703963077360078
0.69595548895465
-0.00487035888717247
0.132675033842506
0.512042303267707
0.619462307828393
0.430487979337289
0.197670754628943
0.0766912912561261
0.013964585904265
0.488986831563893
0.631695331351196
-0.0267681573638268
-0.292218575389444
2.07947247761848
0.758455826075727
0.230657362959273
0.352961973007759
-0.185465251100768
0.964386687112074
1.06206745106545
0.214691298196455
0.934479194018207
0.282415417490325
1.18830493296318
0.149779143177716
0.4547885450181
0.989493837646887
2.3047920972198
0.584381704054895
1.99196704868698
0.502035503466718
1.59827906225465
0.455426263884056
0.404158368258855
1.10152635212491
-0.440025999258016
1.24620335513066
0.621205600609954
1.66595399022607
1.05566972957354
0.753565938545751
1.59514735248639
0.259399023112794
0.940799343416004
0.903122845731758
0.441182473008146
3.44901159418192
3.81920556128465
1.75942782501321
2.50842003459498
2.98665200282986
3.2389872153153
3.25412261403142
3.13248063608983
2.38799482850618
2.52982881704812
3.07001870806833
4.11650476327939
3.63618192922167
1.96911442403749
2.01159113537011
3.18003409050601
2.27513401939263
1.90356824304041
2.88088583421122
3.21723654581333
3.13539680634747
1.8774459693893
1.97119628065992
4.0991377106422
2.92386813826464
2.43295769713886
2.72926580128488
3.32436876434602
2.69558048611488
1.55990479429388
3.03482066509063
2.78445558685765
3.25839125932168
3.30684890980609
3.1097090671311
1.72690553997538
3.20626512221354
4.00211524997438
3.032336675797
2.73125081646017
3.42733033470202
2.84514647716078
2.72022932405016
2.83006285491633
2.48794821188279
2.65399110723574
2.36315096426468
3.28077303396068
2.25244463414619
2.40034445621344
2.05916922966986
2.29905006067943
2.43004108681815
3.81777880324486
2.27135695540312
3.22307874071741
2.50015382361942
2.16954694905093
2.78606238894933
2.83108921580833
2.44615968714654
2.68660603062897
2.51322868506599
3.07433104733693
2.36772819485012
3.95296551889214
2.70233345620348
1.67381626173218
2.54188626916864
2.29501737865589
3.50722159714529
2.22045618016949
3.16624250564954
2.59021154137407
2.51074804373376
2.74426064147299
2.30458180844786
2.37428395579788
4.21067558187815
3.84389670330824
2.2989366077671
2.11808020151893
3.28276813736212
2.38205771528375
3.52771805892883
1.92295585567332
2.28993455300386
2.70406903802129
2.87549760124995
2.16378171958118
2.06444249495692
2.20687992833373
2.8825183303615
4.19232454478391
2.85339229321068
3.63692325168657
2.88259559145105
3.91941607872941
4.16454992419646
3.11375406669554
