0.0273972003255811
-0.396130978279247
0.659933827680501
-0.957257152530939
0.993929198727577
0.365508192990883
0.363959301796448
0.618837419592383
0.383752987274048
0.0213914851028028
-0.338211851380523
2.05177185240589
-0.925152040085259
-0.99541455931125
-0.741400678877072
-1.4674687597309
1.5655672789998
1.33819833101991
1.05118448242034
0.125190813370882
0.109225499838557
-0.00502129768120529
0.352792676238134
-1.71022181116159
1.9490135342398
-1.36088201593606
1.64682003445772
-0.881628942989301
1.18551879353249
-0.215935109474393
0.30402475751536
0.446676317702563
-2.03827099686983
-0.982700110642875
-0.801826285376784
0.856722936557958
0.100671973185006
-0.124017112618188
0.784692489195139
-0.47128948987689
0.418031779146246
-0.365854471654329
-1.80524990408726
0.81630452668371
0.370508130074536
0.261562728554974
-0.262594708880216
1.47561733569348
-0.126414032286347
-0.0345670839474479
1.00466228660148
-0.192643203324692
0.276353539113265
-0.326090312111546
-1.46233745829206
-0.316219699783803
-0.363474067721368
-0.142904792071909
-1.51713852422822
-0.503168317586335
0.981621132747003
-0.0884299202904439
-0.500631080120607
0.58487441783465
1.4456205296099
0.455812943668806
-0.847808053911767
-0.574339392318987
-0.871346245376724
-0.266527916421738
-0.923898037174131
-0.667323251478236
-0.225068304879126
1.02689103720411
-1.31865124531926
3.204522364468
0.85841821305409
-1.12334363600757
1.68982606044297
0.520259270833867
0.337287110493002
0.693115316394784
-1.07622394138242
1.23070608011879
0.0725468484309032
-0.472277466260701
2.08174819605601
0.304651689388191
0.287124703170845
-2.19392020873317
0.437337370700191
-1.24370195268555
0.275670005440295
0.0090829743295454
-1.19920798907292
1.11473104321104
0.513175977366096
-0.414361000555483
-1.05977930674685
1.49816877287107
