1.78200913363133
-0.00558074655750049
0.681617263570343
0.444726310251677
2.95756990969686
1.81132638404883
0.555584426991557
0.859786439381432
0.769291674168519
0.398213981465038
0.0474805855231623
0.558765488678836
0.551961347090242
-0.417370943304705
0.292946899536386
0.604245738232913
0.902671404022455
0.997696742446754
1.89200134525961
0.565170150176502
-0.0385056233771239
-0.0970183143576867
0.375223039805918
0.776729685925125
0.986199360960336
0.259339782436311
0.103866755033829
-0.309960873591674
-0.518300773820159
0.570102359069163
0.597839056846921
0.521408665941684
0.91310688834979
0.795696442674218
0.521346630339714
2.34769801936159
1.74238143688047
0.827729250434426
0.789013368491172
-0.227917567916712
1.14608149351901
1.49789863207803
1.63714559942353
0.630879663002809
1.5372115470694
0.831315561060688
1.0096120175522
1.39657530120604
1.07550247778906
1.64731183447507
0.0355071356389607
-0.569529423174534
0.734681514691327
0.36582506061789
0.897285202747118
0.639643149992553
2.44110217220392
1.94879999460962
-0.0136605885087189
0.681568441943864
-0.117693252242231
0.262262730143522
-0.665420146438681
0.0365193704955791
1.50572721587507
0.679888857154168
0.877181770217924
-0.573321356757601
1.32107152762261
1.45908578685654
1.07501593358954
0.713302453026466
0.129112788467504
0.00889695829884801
-0.281064409324526
0.432791150444794
0.282294684209815
0.709962910607557
0.341495042748335
1.4250903430709
1.03494947688886
-0.0382455156843481
0.643444551387487
-0.351473396958352
0.910595984225294
0.12014646937462
0.47338615988484
0.35018214073999
0.169116921464689
-0.316765597163335
1.02603944096579
0.697625006987981
0.42692074102314
0.551533990964343
-0.156262058547534
2.8430887964843
0.480296346832589
-0.175516645867715
0.0170218025262077
0.36758367996378
1.43062905246366
1.90038843525175
0.534567976339936
0.482636001316635
0.0125268662280001
-0.017475249131461
-0.096665954419226
0.372377410719277
0.931347722171165
0.778158937877399
-0.103731803516161
1.46589417936287
1.23190776261102
0.802188527999049
2.16449247683438
1.37140229502431
2.06587432186283
0.668940239077721
1.20904780078124
0.199624842681873
-0.0276169076761774
0.498304717973724
1.74538172836728
0.614771455189112
0.225486016176369
-0.245216990859693
0.234938314807124
1.86157162632488
-0.165059194035007
-0.324811136722581
-0.682655098496286
-0.327993261695939
0.575192023651175
0.548435605457133
0.169249861657273
0.858611358840981
0.48578451537864
1.18304955162503
1.82071335476899
-0.247042200327246
0.747946828107715
-0.119823779355556
0.00490109276582579
-0.701268580352966
1.01897539802983
0.732302019833149
-0.284267172244619
0.78464325933346
2.04468715697518
-0.215444430653459
-0.629733418074621
1.02092896477926
0.895077039923145
-0.441905138847832
1.93908867639954
1.14550681539596
1.28372025981781
2.24912397592397
1.67565018824749
0.0762112777785735
1.10270647163605
0.751403316703645
0.550551051017737
0.0851335760238138
0.0323696812422708
0.647604760220503
-0.0209442015977939
-0.487343426125196
0.687702969266307
1.32475794684002
0.152614777518849
0.700707101396434
2.45151775475725
0.368937448762365
0.462718856999842
2.16721995039536
2.04142459726356
1.33958088070158
0.532645976742272
0.489993989936951
0.189019095398889
1.51183117021563
1.30335428392332
1.09267123805225
0.188548776204077
0.885137899386666
0.197141958102607
0.458463778662003
-0.231062946211449
1.93354098688219
0.20203823612278
-0.328038668886915
0.823086782946621
0.273693768462037
0.637629693370838
-0.227558970975528
0.30342395412201
0.211808542044817
1.35164318865129
0.132887301145624
