-0.444407749167797
-0.899681945953788
-0.267266370943432
0.238279765766811
1.01460443916646
-0.20023145852988
0.633800690072133
1.61398304388096
0.0562196454604134
1.1554925496892
0.0209649346016071
0.162116354709541
-1.65117384831039
-1.90964812357874
0.854778298687876
0.840877872658104
0.388512505345662
-0.220883032900346
0.0866459432521659
-0.702988854203331
-0.260332685998166
-1.04472814673772
0.689670836408372
-0.673859617258763
-1.26460342633735
-0.747684223991868
1.13453893706335
-0.669134952959555
2.88395126842558
0.453019297431987
-1.66698354128728
0.960374200906607
-0.327940370157708
-1.24637612600234
-0.639791323824369
1.61444365306954
0.283596963521689
-0.224185684851474
-0.560025944085817
-0.0656444500740007
-0.0258117419901782
-0.232409235274404
1.42367952309976
0.144652439808353
-1.00503487450947
0.672690943821541
-0.805582430439673
0.0901152163323674
0.664028805052611
1.22390398942866
-1.40771430277169
0.169338511077269
-1.77017678813861
-0.407031236537326
-0.318452484323601
-0.491752823980947
-0.544387672036851
0.26905685687033
0.772631167175006
0.33211881088531
0.230579790829922
-0.278188801217301
-0.587915813894458
-0.661039160678708
-2.13767852327351
-1.16667990035055
-0.428272949265553
-1.47372870655262
-0.478152432254026
-2.05446350684887
0.907497804267403
0.592591890974509
-0.513421451435475
0.209030067894973
-1.21510324009553
1.31628168238062
1.17751049279473
-0.171004392111692
-0.430049081306133
0.355361375426459
0.206866633811689
-2.2043358697478
-0.640020751901052
-0.105922403385568
1.57093999769051
0.426753277911647
0.608766236425438
-0.798545793454388
0.166084432596319
1.03733835709003
-1.72826079987654
-0.71885802144825
-1.26522562785367
1.11517693003834
-0.426178761466019
-0.992876275094927
0.791809742353832
-0.0657737260130653
1.39103373228748
-0.553124480084803
0.849786727354126
1.1951061838467
-0.581740220512036
-0.60925778356734
-2.20865374946531
-0.70646223865063
0.286686718911555
-0.889696973113457
0.463437296075393
-0.326881589860366
0.996244615399451
-0.344696784044533
0.108821581644801
0.242648545553739
1.03870085835649
2.42454604311706
0.115371923092972
1.52524137248361
0.58690263293295
-0.379601112406322
0.0171178396464036
0.401764385085306
0.7123863934501
1.50063008519374
-0.281931712937194
0.381760196863669
0.353468763915833
0.648381582695327
-0.619616537671345
-0.494977009697742
-0.646050667400842
0.328316013034164
0.0814894621284351
0.972916461182797
0.612845595191705
-0.269916992289484
-0.726875698556419
-0.28154071765629
0.0784907435287603
-1.14301338260975
-0.273247937929552
0.181553657032908
1.61170433460912
-1.56307439916483
-1.73481845804358
1.39530063133904
-1.1996577924251
1.9104422512789
-0.241592910889045
0.694365293205547
0.193592421048703
-0.539084657986085
-0.0716127257872929
-1.07214043312524
1.15009373822313
-2.31989830249833
-0.128531458548045
-0.230658207533106
-1.60953451732404
-0.208744731581036
0.785872694369926
0.401995166530765
0.412391568608343
0.461350175608937
-0.0315902598683174
0.446522525676743
-1.17596017303085
1.21441153657027
0.347425013967926
0.319522458120138
-0.497952345011055
-0.573298938106367
-0.48026453721188
0.346052493476223
0.8432061228419
0.144407002794756
0.723141926816276
-1.20527754185723
0.00927291257410325
0.455970421651168
-0.600051527732685
0.293281564688238
-0.547407626473511
0.817109919568785
-2.27480414580743
1.239761432151
2.21028336500607
-0.18266068884361
-2.06821408846336
-2.16245216081184
1.05603778303592
-0.402155232028081
-0.610978184644638
0.226855703822184
0.402473903425183
-0.607727889864228
-0.279529643060069
-0.314183896066692
-1.73290823591163
1.10019108968436
