0.165483167800934
0.529767668907938
0.322389390641398
1.05599970466165
2.35108576754525
0.413559263017104
0.633611860631598
1.32517185110968
0.587330099971055
0.329587042946902
-0.0134352592135856
1.15403449934856
0.156401344030845
0.289128659304057
-0.416552156167687
0.36580239878555
0.874059886825551
0.308674411700107
1.42799103568527
1.11667765406157
-0.459770171740139
0.77749772812147
-0.425740318661886
0.612671743648347
1.32912140392404
0.943547220802012
0.38669465866961
0.428003599227795
0.0190683129271548
1.24562737478168
0.91515794257102
0.125251955589052
0.551161504164718
-0.266839870301394
0.331154172887808
1.36783494748453
0.00973918034550436
1.50442467147433
0.116584284785499
0.775421760887336
0.943036526722756
1.53463952794308
0.432883511818299
-0.148969178550725
1.82210559291243
0.587369283478495
-0.404204543050636
0.489718503577973
0.070556229876181
0.607177010579529
1.12264367941621
0.692257751470201
0.861322895264376
0.749785087742584
1.00285446403508
0.32376199460701
1.87583232337744
0.406008447278873
2.58416069345123
0.174712443519014
0.654659987561179
0.442878908130244
0.733150434560947
0.471296694368469
1.16670723051326
2.15272074192632
1.81872499794401
0.567048620789506
0.507283639775328
0.363289698466282
1.20344837385186
0.355424121573888
-0.370161795141285
0.519159058314667
-0.0185689189082691
0.425621720331232
1.15824919190398
1.10173510311983
2.42597852871716
-0.275213755260595
0.167440564548109
-0.155500979752474
2.15609807756917
0.659064101291639
0.642174187434366
-0.0691511654470408
0.131009708507497
-0.65400543214893
1.21557890465016
1.66313023404636
0.479247555356447
0.115611918338272
0.403020832016337
0.531514665886349
-0.984424737463812
1.85248562646974
1.17708864439044
1.67381855997064
0.696752429824281
0.548628879781559
0.37459684538864
0.945201327769409
0.545851460025303
0.64258847938335
0.874622217287
0.588829081299288
0.995696190139395
-0.433568338250264
1.38584978686752
-0.369537335600434
0.775907111831372
0.12542638322384
0.921324713076348
0.0657408744096041
1.03050891878183
0.498768684089475
1.04548049273773
0.94422674941778
0.806586454628437
1.07413067187306
1.62464958695479
0.0424797902190913
-0.542756986858944
-0.248766991079633
1.14541038843529
0.0491876444244769
0.00778629349909625
1.06771344638351
1.44443292888529
0.784517282840537
0.846860547491638
0.437479945282664
2.08904218070469
1.26969324559166
0.507933402180193
1.51131516939517
2.00540409474023
0.613804158098444
-0.0988950979596639
0.0801207369785584
-0.27820463327877
0.449224645906686
0.67839916692718
0.859457006403963
2.97581929478615
0.207857530368173
-0.110533264504812
1.06090593989969
-0.0489959732799065
2.35327498065996
-0.418237735093012
1.17644173436382
0.820750103157605
0.407237967860777
1.44494270917181
0.316241462134132
-0.303641905793044
0.234125124594704
1.4441759107821
-0.675948445415739
1.38880383898945
1.10724361689679
0.421022944886066
1.25296045541745
1.19305552912492
0.588370931038461
0.3935762756656
0.377912411772198
0.323866409941826
0.184353008070519
-0.212659233311769
0.825056006002301
1.37061526698127
-0.257354737212354
2.07191792571239
1.87318267304777
0.261685304947097
1.85741003894066
0.648422995499693
0.037532602962317
0.882049849463801
0.779966138658804
-0.572807710125444
-0.0238238442642621
1.48714971255066
0.255628852593452
0.570204274507302
0.878908890837179
1.96946945596039
1.34843245432388
1.12963744519411
2.27184509354466
-0.394663187618745
0.249398308402947
0.83776395517003
0.0845109137051263
2.13718619896905
0.140585040985024
1.34349263608107
0.623043582757281
