2.59146962781727
1.58279153869717
0.874618169219712
0.155014004492193
0.40321476216844
1.61011242275621
0.0267782175930891
-0.0797889765399688
0.523920789241956
0.773402871540384
0.503695522432625
1.16757961921573
-0.211386398847601
0.816044697023889
1.20927336426771
0.0691741309993477
2.06671518418184
1.46788570318574
1.4956434158059
0.552406360436052
-0.0401311259747739
1.28297838340519
0.418539886459152
0.196014220093297
1.29954086795143
0.0699725349186572
1.27508678052144
1.28929580071489
1.09638553324423
0.770505761677203
0.290129475066133
0.223901439810827
-0.788729377149012
0.626383452899521
0.84102046834892
2.07671061004601
-0.0854691151488869
1.02765777182773
0.973661560662483
0.215580157914315
-0.0742856166687282
1.22124917524028
0.0141912018568208
0.660032573313648
0.660163265360026
0.8447336830988
1.01615112376187
1.00075274694936
1.19065289961847
1.16955779056654
2.31895021794651
0.378850885614324
0.0427767858983941
0.934134388917929
1.78385812801496
0.0872981574726448
2.87057487612825
0.322896487619305
0.389927240229253
0.544134819625708
1.11651865287255
0.373782544965206
1.22672069726685
0.138706092325072
1.76051010216831
0.135347634153128
1.06728735183691
0.915266417784573
1.16442334655667
-0.280063414262673
1.31467849489128
0.513042060560467
2.29023430405846
-0.0530754034310711
1.84029756238664
1.97808346085747
-0.52668925170255
0.832332799322223
2.13626683863559
-0.00677389352557936
0.374818787634745
0.731811265705934
-0.394786627947603
0.469286809411604
0.248745397269436
0.795594725112632
1.10730295146108
0.299517811055171
0.343621166525458
0.198785269569867
1.12798095711452
-0.133311859931806
0.841508635938075
-0.0236151011170402
0.205444061826877
-0.053428483042931
0.252464851743914
0.534898229451582
0.460286388859194
0.88369689106472
2.49334107046572
1.75181465515281
2.58594401052458
3.03827471466455
2.96358235872696
2.58768083124846
2.84918620990562
2.40335948027921
3.9274412212844
2.67667988138394
1.75771717292229
2.12466774428805
2.10543851390494
3.29445985711521
2.60078692348319
2.81554430585835
2.91060955527958
2.31831027143416
2.99130170294959
2.3014898259411
2.68814135695212
3.13712828035926
3.55429353628097
3.30433490005303
2.45470873413344
1.6535406319973
2.42843286541073
2.43576437296433
1.85009773990577
2.72108181554605
2.32271056598162
2.55250230643173
3.21558608890003
3.97220853841017
2.70722943437072
2.48322954511163
2.15001822078862
4.1794733590067
3.59774753497238
3.04553975873136
2.96347061838245
2.53759276798852
2.76484703906131
3.02715521414089
2.88243261571659
2.57478166289228
2.76053775840365
2.3857991405359
2.32593496811668
3.37171454521663
1.93551840888207
2.02425335760511
2.57879537376601
3.60079935877781
2.63247453718167
2.90716487067262
2.42584868481703
2.00276159839701
3.65235125416447
2.30879881418656
2.01360394334723
2.56988742034708
2.99946403062735
2.6599038267892
2.41902555235848
2.33514853430903
3.40210034022037
1.9813237374234
3.58926875083963
2.39759014947896
3.07463970561338
2.46233764002157
3.27813801556108
2.89797412003663
2.62819982079982
1.71523451412792
3.29293132588982
3.6343160316007
2.37673487017819
2.20297661140135
1.89336010447221
3.48437816664182
2.23748106914507
2.91289230382566
1.72756274479018
2.6536766818155
1.92660691122663
3.83454586079836
2.40417410045848
3.00449692932971
2.07145302029845
1.51834956623494
3.44175696295742
3.10638079889556
1.68980334173707
3.24726820024661
2.13135053275256
2.10471881325808
3.31087750304831
2.6358786474797
