0.368216988053989
1.42331098505739
1.40087264514511
1.11139027044961
1.28392230363566
-0.0980159270658941
0.381151377315284
1.08369441666057
0.33383468077826
0.271719817675834
-0.0457829357322153
1.25423577416187
1.76516682118348
0.0856717300117697
-0.0622195869925902
-0.378359736131856
0.866739341493772
1.26037835230516
0.573045336659842
0.34385105199911
0.668173841630547
0.843665808665573
1.36512060972575
0.945136201422329
2.09019529715268
2.20372641024499
0.674931268712367
-0.30984353373763
1.03841952398257
0.617175584788537
2.20475368241302
0.205615726023095
1.82483936417592
0.300551198818965
0.0751857924865811
2.3572784779857
1.485874390254
-0.240856510029781
1.92972538094566
0.500188303265865
0.615440430285678
-0.210711340294492
0.681405463464258
0.645613378668668
-0.0364041748959235
1.6099833945981
1.54756313864606
0.997987706849463
1.08661025668902
1.39635108994515
1.36412891829591
0.500128544006104
1.53473989325334
0.550692365398797
0.563324727242104
-0.0223831661484731
0.114915210713928
-0.0330354076850516
1.35126240077106
1.28465773520825
0.945719706301215
0.681100743751412
-0.136517262327435
0.329387385271604
0.268075732150986
0.320711509918262
0.879317951965805
-0.133253114171149
-0.138842175261755
-0.331643179382198
0.143035417774814
0.973169925647661
1.92741887919677
0.545871988141642
0.24034338514446
1.55419132337282
0.154701658970095
-0.136671942551899
0.315392660695828
0.222221210181167
-0.346829528013612
-0.0453330459668637
-0.664244168477214
1.50807374886687
0.501521997307743
0.0935461842620497
0.930931574067994
1.38994458472414
0.0340805710887987
0.520653880576449
0.784846020081417
2.25663071034953
0.410010984003019
1.80913264973847
-0.32274394262085
0.957057569759114
2.00289595547526
0.642997385402201
0.411213570181113
-0.365107566459077
2.64915306227209
2.03927923092831
3.74718977921215
2.34176898816597
3.20849645690516
2.11807027897814
1.67794974562122
3.0046913377609
3.30616068174023
2.15953365715353
2.65569994318531
3.28834772367491
2.2717911169021
3.81331768124375
2.72884504943648
3.25433075776486
2.58665982268338
2.14543369780128
3.79652009532545
2.5730403594919
3.16453342914556
3.81800730357198
2.35763218842083
2.18938683269571
2.20730403329826
2.07994072090249
2.24412714133822
2.34659914237707
3.32445012946167
2.78119388398865
2.55739371913196
1.90531174543175
2.41463151192516
2.57148242948533
2.07838650983205
3.13698286960519
2.2368073265276
3.64586754245542
3.39078161211716
1.9737319444444
3.11989294871566
2.82932304612611
2.79086246075318
3.31519772465515
2.95277172342123
3.03177936082072
2.5131675355657
2.53492140661252
3.94261721573392
2.23969032046918
2.70423669531248
2.50741608595036
2.70207265462529
1.14386036075099
2.43790753612867
2.6421483951462
2.43354854552959
4.67006636307374
2.05803003226247
2.57450363843927
4.03372124712891
2.17979893349745
1.21657642635142
2.04910545806791
3.90121448966113
2.24628595204055
2.55858015576369
2.57522690924133
1.96357530987756
2.87657242463142
2.51597848669175
2.50108054170779
3.41360167448052
1.81003474826185
2.11986827037976
3.09792238073067
2.30017172492086
2.25898795561416
2.79958068959341
2.32201551104158
2.8064381926082
2.04880271526174
2.74601267973455
3.54555517859909
3.29388615061799
2.81080411473144
1.92649897445576
3.25688998934217
2.65803749703507
2.81340756732173
2.47166741895419
2.70424260643447
1.65455102560944
4.00861229096378
2.76866058024443
1.88154577080233
3.91219101459168
3.28629429213407
2.85223393773562
3.20302643501927
