-1.24115780564407
-0.636925471600251
-0.233729122654852
0.0505979671007651
-0.90369914846889
-0.85510407327163
0.0941195378382389
2.02874818258805
-0.662759175942492
-2.03245358149287
-0.474296317042151
2.28626859193662
-0.220356981461515
0.289148634458624
-1.09211155112138
1.648726623441
-0.45108812110192
1.33448087460232
0.625010650435587
0.0715577441660314
-2.1682392681728
0.406226698077889
2.52574637344014
0.445292442379819
-0.401649932613912
-0.561969317785744
-0.861762173526602
-0.259389243695953
-1.04336260868925
0.254705672350103
-0.100063270014764
-0.377514206091738
0.907517220503878
-0.541944646848434
-0.0911939885535614
1.50773610310436
0.628869817674932
-0.451212076180931
1.37905759459631
-0.273391672693401
-0.495344023396834
-0.381940824791772
0.675992767111211
-1.31021614878757
0.956555202304989
0.22074046645143
0.120678465160995
-0.753304407538655
0.822785047532732
-1.63887328949524
0.2374687980692
-1.73202207774356
1.42726470708757
0.155186111892901
-1.52964717886548
-0.392025869905801
0.142723046364088
0.801316488597337
0.145129557877303
0.360651935468509
-1.10315416720318
0.165579751700744
-0.578410959730233
-1.42528468652071
-0.508908733604321
0.296891048512736
1.71275696336102
1.34515560257323
-0.180429926303114
-1.71352172359923
0.752007365991902
-0.693756927189225
0.281257604867242
-0.235100325390288
1.02422677476082
0.380674316666175
0.762984315673149
-1.38439320929229
0.417538379056307
-0.208859213488904
0.392841030034512
1.3155508560256
-0.438850753590612
0.0520681379874818
1.60087583999475
0.537811823807584
1.8927923045023
1.26477082984512
-0.41042744331657
-0.828886740017971
-1.31146689199747
0.0315917016737894
-0.638822964516795
0.975565236683167
1.02733022751756
-1.616564861024
-0.648129838601862
-0.255848830106993
2.00390896448684
-0.0876334312071813
-1.53854428579845
1.21962405419806
0.629075353096905
-0.253934518947517
-0.0991411797929261
-0.563047499788967
1.20341100935065
-2.04335280672477
1.32695370284984
-2.20171176416038
0.0410992455792785
0.708417067476241
0.587879963266613
1.29065387146717
1.57543380793096
0.123900016167079
0.144253487622608
0.616047309464294
1.33040255049032
-0.113670477783062
0.101900908483585
-0.722712167164474
-0.171562224812646
0.660575399092643
-0.96408923757146
0.125222838776581
-0.943588524321076
0.66072557998588
-0.294085341283409
-1.41944431504926
-0.582040114521334
-0.266895530196591
-0.823247511312339
0.741584454912663
-1.35441189921293
-0.18026470421791
0.085249769055982
-0.789646128926533
-1.09560209203564
0.53120014710518
0.500869120610486
0.148226472513312
-1.44304979525703
0.571668517750756
-0.73925063213151
-1.99581256197113
-1.36720785826715
-0.599566462577261
-0.213556924493678
-0.682604784464506
1.09285530979748
0.0772052833448409
0.188441339484287
0.737457608916924
-1.38594589393692
0.443987762344977
-1.85488589738939
1.00047841694289
1.10030439265949
0.00928449964706077
-0.268390754371652
0.618580811007816
-0.266207296536382
-0.44015715356963
-1.25077265452668
1.0330453999116
-0.895070738158606
-0.531361818633414
-0.403229838590483
0.266322885086321
1.03988699251896
-1.08247843345037
2.21677625043643
0.54106036764565
-0.796495302883369
-1.68693115981428
0.197571217589373
0.000720323940849221
-0.308865008847625
0.865434993535262
-0.923615761425291
-0.376838025219348
0.989334292412882
1.09678644794671
-1.05479191481571
-0.709227206119173
0.38825094801726
-0.269270261022504
-0.124716398783922
0.324451644748305
0.66944109201552
3.31686436359438
-1.33953358996633
-0.767671131893512
-0.865820414364683
-1.78823063380169
-2.31312781022394
0.781888140181207
0.0850201929186566
0.552831237627676
