-1.4643785752038
0.328769122415564
-0.523560520545913
-0.129524454477333
-0.70354973353036
-0.0907096838175382
-0.315981820958713
0.0853593682103398
-0.00122817240208024
0.310692663656136
0.748185489974907
-2.30887775340577
0.89081890424148
-0.180192884396987
1.02584217809589
0.411258788148969
-1.72179266509674
0.388396520439895
0.390476041739697
-1.47475209442423
2.74691308457503
0.170593055683828
0.971498848305887
1.15344585217139
1.26105304970106
0.490200171910619
0.583503534036375
0.411764801336682
0.89469531930192
0.0638045164960899
-0.935646045584936
-0.171156569276076
1.41326026244817
0.885937996291573
-1.40964642575393
-1.82760938589924
-0.431889456371017
0.146377906686104
0.277397382628273
0.400334177510164
2.5152608583426
0.0406349680917436
1.20897700464365
1.13921355043901
0.073661015714911
1.34196492704219
-0.327873007102658
1.45490764797578
1.22179110958049
-1.769126579337
-0.941872652946763
-0.712955691452719
-0.773886951264151
-0.185605303671076
0.225839093062226
-1.06778498871615
1.23557444442458
0.195867833980956
1.30001277861731
0.805497707270306
-0.865793075524405
1.3086016390844
-0.505486051845718
-0.765298445095427
0.143182862640195
-0.648824824757526
-0.724350035571696
1.14273430449243
-1.60888421085675
0.785212147126416
1.78050620236717
0.581809276007942
-1.81534108178207
0.304962430543423
1.13096272554925
0.221055069005521
-1.53463152252779
1.29793333199805
-2.32264322581209
0.126778609770089
-1.74076491908248
-0.951473506632846
-0.477052094966244
0.875351820408579
0.138984062268826
-1.80074413346635
-1.45981330710782
0.696788705654369
-0.367065762151608
0.919798800906648
0.59723514823098
-0.232253955221527
-0.122875636121742
1.6672555232189
0.584725114998998
-0.0834854987711491
0.13295472769663
-0.417062091519645
0.673454578843444
-0.785013705494651
