-0.606477967799201
0.424718242684579
-1.16728429331943
-1.76504585387125
-0.27113828642938
-0.114241491284242
-1.80393558604135
0.0857091196746157
-1.01147843703068
-1.53345590393433
1.00152718297296
-0.509323887982114
0.185468156645518
-0.370693245565908
1.35900806946898
-0.389262807987199
0.775450749113491
-0.726590856098621
1.21962925074738
-0.144870847242955
-2.08547588720053
2.71513345154905
0.322553302529389
-0.619197222922559
-0.255013943738137
0.149114922756831
-0.849183827313426
0.883867272413096
-0.731576152093051
0.340413501572308
0.829437607008267
2.36644486586858
-1.235028198949
0.604035849547506
-0.805220949747876
-1.26088946021327
-0.263367573969573
0.40510033459951
-0.747718410375935
1.70131774287446
-0.458845733453307
2.15749870079834
-0.468005332487876
-0.417098150316423
0.536228271276541
1.92202112271002
0.585934588377768
-0.445171127115789
1.09646518559537
0.289016560747879
-1.04822156718804
0.927002093647109
1.35193769591715
0.0459282676062482
1.71701501605
-2.00339510569834
0.0767112394509966
0.29684953604286
0.127106216387595
-0.525475771407995
1.64127719416361
-0.772056683774649
0.376539519085021
-1.06662266916295
-1.06938938682514
0.0340316049744113
-1.25461262756739
-0.672908950775782
-1.92224768027763
0.259463937777037
-0.667581493879056
-1.33857847565391
0.56390443539833
-0.383858950810158
-0.235159884973833
-0.239309685769516
2.64901271494845
1.13842805392059
-0.319493590684844
-0.939230463205837
-0.521154596208015
-0.682332416430824
-2.43919227887611
0.687009663724527
-0.873331900126004
-0.975809511483379
0.56604491575119
0.898267512317857
-0.766711460217658
0.0290873948212752
-0.428987497700726
-0.69725113784404
1.03097594650278
0.874356346664127
-0.167755306751568
0.112245258655725
0.181962755474784
0.457243177942261
1.34844241428458
0.952558199799333
-1.21489562207645
-0.169984751672064
0.338087246884484
-1.91768382248063
0.576503913614721
0.305188416331287
0.516337316035301
2.10249595097399
0.621969717707545
-0.726865700212221
1.00104966271206
0.886701179588983
0.87044332663094
-1.25283413465422
0.557513783007499
0.243001463847641
0.823817550106197
-0.30451150344726
-1.32118352405251
-0.522265037706044
1.5662515524041
-0.306723773744428
-0.175218188247699
1.16243060081896
0.701973079160835
0.885006712394361
0.60113163817985
-0.725372152224294
-2.73186257004271
-0.571855629028718
0.824069027908908
0.6945411842635
-0.725773469445625
-0.597645982314731
-0.511923631503974
0.419908206622697
1.54587309294762
-1.58006316306215
-2.98038617514946
-0.42550927223197
0.319416533208219
1.28692979889933
-0.329518495355765
-1.04082290158432
0.725571751951652
0.0671014393370679
-0.552763729713656
-0.139062446804505
0.307113547959374
-1.82848413097179
0.888486451190386
0.321262940887306
-1.02147408493328
-0.723984108886504
-2.1596456068359
0.225014971827004
0.857156689713229
-2.11200293894583
0.609127523585869
0.384861128202869
-0.363741520258967
-0.880194486869038
-0.146827233569874
-1.47194488265104
-0.644511323594797
0.747879825004815
-1.44153854828488
0.892157050849412
-1.71298708534847
-0.552799184163501
-0.608833234665914
-0.0678687921014528
-1.50232812870533
0.0784305873087406
-0.144957550884522
-1.5321660133106
-1.42244034622324
-0.767509888758486
0.336563133124109
0.276795796276948
1.88267941510598
-0.607088745323233
0.393536543988226
-0.565765363323789
-0.204193998867503
-0.704643192388784
-1.04740262369405
2.10950346096342
0.556633262661534
1.60406794602975
-0.368112515948466
-0.0353989189271531
-0.691811111124384
1.69446550161544
-1.03280861395595
0.684400743583385
0.00342383370426121
1.11843123902888
-0.365199514595398
-1.02610285853245
