0.521393306574659
0.666529569211942
-0.419435780654512
0.505515886939642
1.87974583971848
0.0433756070555337
0.469948746188117
1.58888704620623
1.13837613576679
1.29380670991319
0.0580597909828662
0.825171620699632
0.0425033628231063
0.0718301125601709
0.438577872217782
1.08028620502022
0.750334740466554
0.120120839673175
0.715427837604665
0.0736119969559766
1.13317622842039
0.040803952857213
0.761787929711462
0.389615554909281
0.129766089749934
0.522136644091636
0.576033556148461
0.283764525012339
-0.0439560599655372
1.70443638134518
-0.0232767294325472
2.30487472734098
-0.0497503862482462
0.370752301738389
0.185521992531357
1.15711866674841
0.874241028146315
1.18453747310924
0.590035999046436
-0.00297006566217778
1.17830940683339
1.14484792985233
0.0844243540773029
0.0928181187804806
-0.745997268965022
0.508889615446359
0.999037502172554
1.13880533582592
-0.103204235322831
0.518683786622571
0.186716596611582
1.73540739284836
0.0978757595931974
0.173286886515402
0.475877166743042
0.275147136305485
0.216098956892642
0.428741613604128
1.53882305644222
1.31267762957597
0.820267301093038
0.413715978024527
0.835026771825238
0.359033942212879
0.295629944655821
0.668688411376596
1.46441706919641
1.03686464883097
-0.369831578854997
-0.226941568413491
0.98878901509551
1.3477267443582
1.35934405323145
-0.340507584396412
0.894174005203006
0.843346704569866
0.672193165108859
0.87814888968986
1.02911177564124
0.512770074297831
1.65338918683045
0.728770684705506
-0.432561664741318
-0.214688196397812
1.01589021066021
1.11620010702315
0.907325174129166
1.57872482885131
1.12671933053655
0.508858623122673
0.744979287600257
0.343275579634337
1.1332138037646
-0.457184697559229
-0.0587208663530519
-0.166442946714258
-0.336262761892629
0.399929489795138
1.15263246522249
1.15767275084567
2.54620547111621
1.40597472043269
2.843880726657
3.79054638064013
2.39639164105702
2.92364868741192
1.63011602750662
2.92602178904233
2.30378394323484
2.50403952855658
2.34289944328079
3.43145829503296
3.43060697135576
3.20847989846021
3.38174159577679
2.53972824818741
3.30113680101931
4.1661215042275
2.76121809520834
2.37976958136425
2.53263070528135
3.27008257062093
1.91329689084655
1.57058347753801
3.78870110564212
2.13894715181464
1.20976794256532
2.20534103464363
2.27953995314064
3.49835123256463
2.70037777519634
1.66418372402768
2.07369458726251
3.12168302945315
3.12021226731853
2.36255731822861
2.77337288557038
1.68408384655438
2.20205637608779
2.36060263913014
2.16115535150014
2.84443251764298
2.8426090849062
1.90624670683633
3.42705861514035
3.76781947662742
3.62471171426432
1.85638118300633
2.48998663454818
2.22999182091734
2.41639222401295
2.29951402079964
2.06311255103968
2.66719348138198
3.05874465564124
3.74008406850455
3.19347430609923
2.14069221678002
2.67239488991645
2.90575673025107
3.15620537456303
3.06979324914468
3.00315501129166
1.84848515955772
3.51178597813771
2.73658105429882
3.33285336244575
4.42565792400792
2.46869055068357
2.58039903900445
3.52590807904529
2.24652842570148
2.51237049804673
1.78541418170352
3.79882106360543
2.90150685535261
2.21930782228709
3.24547488231695
2.98713050651241
3.04338183929943
3.06070242676983
1.62435087480476
3.31848131299869
2.01675230667477
1.06704691226432
2.01633443132228
2.30297667786517
2.73533685452747
2.65508235652717
2.72763334938437
3.06951733838159
2.05685228143958
3.88251518582528
1.87492038572866
2.18359143512155
1.82125299039455
2.95044777601955
3.03013247613795
4.15694668641871
3.56449636090226
