1.95556242364019
1.42151507808779
0.340237656182747
1.35790804260821
0.350282388708275
-0.043259687720437
0.42223719042514
0.678183562577038
1.03535044606856
0.433476513630825
0.320033536382137
0.952881230365038
1.93656636599669
0.293633264850854
-0.15852716447084
0.529688791399595
0.0178643015026279
1.28729138189327
1.72479201542272
1.2018220314609
0.476012749842853
0.633124073713323
0.324501894627368
1.05392435985043
0.463510355148976
1.16699837777449
0.102630137222281
0.368409065704331
1.79990267829252
-0.0147739223844106
0.0452621666111225
2.17750035782678
-0.0105981504693147
0.280222030867722
0.334886672686437
0.00608534643873016
0.0376113838623272
0.295073612647534
0.642397148605608
-0.000167196451598794
-0.62078322745445
-0.0364726234892455
0.592541499044067
1.76213044861618
1.56157278815091
0.363282167734604
1.59225329675157
0.320703526348904
1.11054233353873
0.344292413381119
0.58186298559211
0.978006516901774
0.694853155587047
0.110488715694818
1.01690210970917
0.68469126081681
0.618347522613507
0.0952069423626297
0.326049079887857
1.27159352631734
1.11129996233146
0.0775637752959163
-0.364616149031729
-0.695630204449385
0.887702126601472
0.485742491286992
2.03206408302401
0.479397661930214
0.307818330951843
0.944855220959726
1.82196853558641
0.213424531456761
0.962043252338598
0.704449612304727
-0.365575531064112
0.917243275734718
0.25374374384562
0.0378688069029956
0.909926229028537
0.902739416956936
0.463830076400795
1.26711184077239
1.09464590625699
0.910284341797113
0.758906083590238
0.217915548245194
2.06400970529266
-0.0189542876860176
0.691873026381981
0.863832717840975
0.506910643102572
0.74118598847198
0.765757415565642
1.67795766441427
0.465861912231717
0.454482352733831
0.650623249723127
0.472711108019232
-0.0754578949177116
0.0572481222722761
2.14419346053615
1.84499184167644
3.04128634345047
4.58353888995159
2.39893584989427
2.75472841676352
3.363292353175
3.83705934656695
2.53826335597154
1.90398736838152
4.27086715252012
2.62204592057754
3.8400220100199
2.20069095786355
3.22884144195746
3.01217817290018
2.52740165347434
4.34458645709117
3.60562825811194
2.81356322426644
3.16597147252073
3.02318386271738
3.78962770299957
2.70264496314367
4.05963449575626
3.7002236468397
2.54985078776738
2.2868136032691
2.0434474421835
2.90077692885912
3.75317565519397
3.21475814723659
2.68532289906166
2.63816231896824
1.70365219426754
2.55842022175546
3.61542067820519
3.14571927574414
3.19191584137383
2.36543613974503
2.95131030585874
2.1741938277054
1.40585582800016
3.38897185346333
2.22524493661068
3.13552171924286
2.68970732597802
1.9328570367017
2.33920837886896
2.43642984392638
3.5826787465377
2.23110669312175
1.98932293416862
2.87846885938021
2.53066158103581
2.21165325807722
1.61002844032811
3.53358556848779
1.66734045171657
2.86477200904438
2.83528446371986
2.56060200057914
2.20330061359843
4.00702103908579
2.86958439982746
2.23573633538342
2.86999663574912
2.42717670908484
1.43041284814999
2.90485116328888
3.47953601397874
2.20518462667259
2.9996716225827
3.07698398919009
3.62491845614331
2.24145816284408
1.1315656739113
3.0264869272847
2.84288206760029
2.61435643058571
2.61634624920386
1.60417365611362
2.53155531457696
2.75235820901273
1.94273264119573
2.91019883832857
2.72732068754005
2.4390541527635
2.94587468683089
2.38260209072595
1.68269294263048
2.53306058354086
2.94537205384512
2.70728784275299
2.81441046046749
3.16457078416424
1.18512905949759
2.01165490708245
1.80233950877075
3.01748400878311
