1.05412919542173
0.618482583483644
1.21434078514105
1.46244618030604
1.53685610456734
1.89755110475407
0.312512449861938
0.447214756952039
0.667264596907896
0.262050815623958
0.544227183167131
1.08703269102939
1.95416196113415
-0.411779968263718
0.593140632655739
0.947527822305293
0.0408271282775647
1.51619950201998
1.08073573229027
0.696779087121661
0.478269217658506
2.13160166426433
1.02100615248206
0.313197402158396
0.322196074540952
1.20925199227201
0.516598463288462
0.302818251151617
1.94489743845654
1.42658369482931
-0.0979866808372817
0.533829452770903
0.561347066731499
1.54763981309722
-0.335500236584049
0.137173565195286
0.0562769703533386
1.83858292850106
0.577219464525216
0.140597836056485
1.29313779486851
1.83280101842076
-0.375534001273883
-0.372851082241123
0.589053902160202
0.780478557107828
-0.232498361643318
0.363231338345702
0.565207945228452
0.391198032365317
0.864135660462443
1.1674417211626
0.86142044024238
0.921102337693947
0.908771179577947
1.1982942672851
-0.199038866238336
1.4691489497356
1.24851133234323
0.166892235336773
1.91163251970603
2.0310728263304
1.53009144551237
1.30333091248566
-0.291525956137523
2.51415805368191
0.98512846917138
2.38967862297212
0.144007084917795
-0.14974724042046
0.743109856952609
0.20827548281811
1.31955055092659
0.849477174044415
0.768521756148896
-0.143134760460124
1.59833096455887
0.503374871331895
1.22145387849105
0.243318990861193
2.1746581667126
0.47082285031343
1.33280470836022
1.59709586468392
0.320681982955416
1.19476302572368
2.36680082959421
-0.33380373319223
0.304787078431745
-0.378614583687191
1.31598566167174
1.38655356508842
0.577707807526596
1.24504412743505
-0.00960899573499929
0.544077783813108
1.08855549411161
1.28598401485891
0.155329095954773
0.665611108074309
2.00285293332324
2.38854319818844
2.68737158289068
1.64265186967596
1.71158899450439
2.55252841260007
2.50126841520166
3.31975223676596
1.99228613059827
3.80080466352904
2.86725185609383
2.46324299280571
2.70117747624986
3.40041336325071
0.866252942517768
1.5305376059605
0.863766719731451
3.00244917821805
2.97952286204658
2.78062390887649
2.48170997205829
3.07938027122639
3.51603655846584
2.25286242615059
2.92498827037771
1.87555707016999
2.45183990694912
1.96755685055907
3.64430976823643
3.18209407495068
2.7445924566361
1.58254064965345
3.41429206509427
3.01471665800341
3.36528244327203
3.17267412732576
2.18714522967535
2.40650417612846
1.98531756843713
2.46734705077226
2.97823924729945
3.40980618492676
2.43691987321775
1.73705709177653
2.22855099839992
2.81503164992352
1.7000845359403
2.73206744455136
2.59815893139942
2.84722973123845
1.55035988916337
2.70536991818786
2.08572442237424
2.57463677291985
2.17904616542532
2.1645630101764
2.44436099632558
2.22860177688996
1.65321984129251
2.48091320111293
2.94145069957261
3.42150090015206
2.18362597904323
2.75993079171317
2.3802722980017
2.98520392298505
2.47113707973021
2.39625276520381
3.08111996012405
2.32393878106123
2.37136483393302
3.98745563163895
2.49885092769387
2.05730144019211
2.57821212910939
1.61925514174581
2.62865533716438
2.6859739266863
3.90881330731424
3.43261648344959
1.78099322232052
3.57233569982369
2.76494680632107
2.57900817530142
2.62734608409148
2.85877957752497
2.06285033521165
2.44363205084182
1.7949979891471
2.94291849974225
2.25376224121586
3.36435745592923
2.44779193846951
2.36898570500627
2.01405362111776
2.43722167809527
2.71027044957972
1.80784335061312
1.56578112779767
4.02088255724026
