0.799350711269407
1.33938594918941
-0.292951988871271
2.78321357514513
-0.224833279007287
0.503444488790556
0.345411514946624
-1.25458396993871
-0.0949938208643871
0.630978946143168
0.242345721502623
0.7466927686475
-0.677115364853205
-0.875240952636819
-0.418688142619068
-0.676735485853406
-0.65005978978042
0.820259554175194
-0.451371778741838
1.85840947183918
-0.771535818903805
-2.25644214458911
-0.81161985227216
-0.256340236510996
0.292025957661459
0.759903202806047
-0.349946423065299
-0.872362287250123
0.88628932106777
-0.918379375331447
1.654995669503
-0.641167013338083
-0.341383772210016
0.0766628239509497
0.406204272783754
-0.590399224120227
0.551783294476035
-0.333557947103049
0.488778765773703
0.654423941099624
-0.68983605494537
-0.224636685849789
1.56545067643225
-2.41437976078047
0.388740726720154
1.87105251784388
1.09036025860432
-1.98445039683444
-0.0107551682550622
0.540376056668258
-0.435792881118803
1.18957987295367
1.06653206605123
1.22848018313013
0.222116000953354
1.09005911593993
0.716854738645145
-0.788395009862407
-0.455051313973819
-1.15527897024505
-1.8306111053206
0.892787777644397
0.0699527282258809
0.0719270362723888
1.42540913740739
1.76970439984035
0.169404521820973
-0.334937344953482
-0.746164274919345
0.514157602392836
0.155525225342455
-0.231128797584612
0.993056665291577
-0.589697879421727
0.329924327352575
1.83945348766314
-1.68120515975575
-0.805910807264036
-1.04915244892461
-0.34013810428012
-1.13370742779958
1.06152041412754
1.24784585997736
-0.162091047709959
-0.120922674936572
-1.20019168211355
0.165901193117415
-1.05830859707759
0.939878033604546
-0.391016631194051
-0.457753781688927
0.673505077213658
-2.44147068036429
-0.190329424640953
0.119264952868554
0.144247839526235
0.289705302951643
0.973427286269261
0.504053514071446
-0.455736174348713
-0.551306568804818
-0.583324409800532
-0.608917141100334
1.33641073305
-0.585890465799991
1.04395248317549
0.945249481445672
-1.04000481387595
0.29079495173799
-1.46380872081636
-0.551826378763085
-0.421619431660661
0.0163244655288993
-0.147932658302099
0.456619187680935
0.709766828771468
1.01009523412655
1.61775727053367
-0.459289013092538
0.716305053996113
-1.24148575916751
2.03544250628419
0.160133842162034
1.02630916560465
-0.0686598829264614
-1.6115857485268
-1.53684955558396
0.190697996100422
-1.0377554582148
-0.185108795143107
-0.888697539596888
1.04561942741288
0.0260883648179349
1.82160098183446
-0.493386057818143
-0.309327104271049
1.24608633742263
0.353566049755855
-0.467066809716034
0.502758019362955
-2.88185658141794
2.51911800593547
1.48026485306271
0.340958013867604
1.25559987366742
1.26974983127548
3.38918710206578
-0.577826616007546
-1.17028353858139
0.00779021100669174
-0.996334017770195
0.130675768965989
0.173496897286458
0.0536367776628227
1.59019198224189
-0.705066961244789
1.31269289293006
-0.196992941405108
0.892126329723599
0.68364697613252
-2.01761181579642
-1.24649598107038
0.657696407274698
0.29704239568102
-2.55102687457773
-0.869232610518155
-0.442854434914651
2.59082660437873
0.702039406088676
0.484702698214181
0.234329973630911
-0.0668264300753129
-1.66682515798742
-0.987201441352396
0.492053814184293
1.51247910825149
1.86606723205696
-2.15312231845998
-0.143810472911773
-0.047942913744509
2.79306722611176
-0.883425541645291
0.42801700214072
-0.555513294351674
-0.0706369407188833
2.23573632482815
1.87671077902649
-0.522556746290011
0.496213953970686
-0.508111091183268
0.469122921950456
-0.2754816237571
-0.988351312853999
1.69817319277257
-0.0242759416279256
0.406450155936008
-0.747221086127998
-0.69568040408782
-2.03493119368184
-0.0188783526613597
