1.39765270977886
1.51192031675597
0.858517324866586
-0.605694311857581
-0.808543932050708
-0.799739683792892
-1.52169493322208
-0.415866342338363
-1.18423032319372
-0.168392003383339
1.20158456064754
-0.0885192181346167
0.375020477882576
0.657132814793488
0.537200478377277
-0.422100214940149
0.347288545647012
-1.50449754408376
-0.159749461209896
1.18791914960459
-0.0180300526393373
-0.394984582295694
0.887225159225066
0.793196154376302
0.141439248681883
-0.271498721792055
0.20811937769523
0.364160702971192
-1.20896319777342
0.270878768279316
-0.745976341692614
-1.520359331231
-1.89186937738364
-1.1427223443381
0.615151399350274
-0.843727802631733
-0.0694994047748118
1.73420767438839
1.6790202496913
2.67308823799881
-2.1829027689385
0.342020673540836
-1.44591562064802
1.56364427403294
-0.721731999740309
0.226303894813589
-0.210769227188125
-1.22854002022832
-1.28781532167653
-0.174665041491094
-0.85751257485905
-1.30689687849398
-1.79098061381127
-0.606249496660261
-0.482372689861689
-0.205052521132903
0.278103112902656
-0.574846662422434
-1.43407573002748
-0.530834588015618
-0.422605864649788
-2.13164598198911
0.314921941009574
-0.160474318951974
-2.10397240399954
-0.0586181636987925
0.498485429729045
0.777033849117831
-0.275627632010456
2.68423929773431
1.12492732044872
1.08126112238568
-1.21397060332146
0.571450614977716
0.522804133057138
1.03001823860876
0.850634045016245
-0.816274487813161
-1.8375714013217
-0.66202888182541
0.646245358831901
1.12682715572371
-0.127305462437782
-0.593341771844294
-1.21781134386843
-1.7937731498646
0.00945519400377109
-0.216089144409924
0.194534846207223
1.79972952268058
0.175176932936861
-1.75231596570838
0.246254843288195
-0.987790902000964
-0.326415833339605
-1.48335821890165
-0.260128441199088
0.0174572769309216
0.841351939991514
1.14693877310553
1.43076170387523
1.69365560963865
3.7352820423079
1.59484669324767
1.94962483953613
2.18493268817721
3.20212164187865
1.1298672713993
1.90013689046805
2.6638910008607
1.28563268942089
1.41484277700869
1.39079088512037
2.30771583041164
2.9293960381597
1.48961343681613
2.46574410002631
2.75433703657536
1.19656235180566
1.9762601454965
2.67722198435613
1.28175402461227
3.99942250540912
-0.0854114645696384
3.40032268428563
1.02929033476984
2.41028144686062
2.06631781877998
3.26966537328898
3.18857620005115
3.01935750879294
2.35751623271348
1.90731689829944
1.53972601695478
1.13347514711928
0.534970391684826
1.73172823528444
1.20789541468009
2.64773028156999
1.02078887433509
2.52861676036859
3.00746075724038
1.93662402934292
1.27326928503789
2.09192942030954
1.33883529514839
2.49027608031183
2.2696084176925
3.44202167873286
1.45370002415912
0.490626217914261
2.27836780123164
2.41075131494662
1.45875569547486
1.49614068881373
2.62737179847608
2.3104242501625
0.999234045890841
1.31081043517083
1.36857557240711
3.19014674980418
3.84992042832651
2.30700267699329
3.1013708673159
2.47504231275803
3.18100144026494
2.14545555525699
2.32116474775221
1.72976630781995
1.13541496011095
1.24727977621746
1.94260543530703
0.664849196769491
1.49201108476618
1.81654091052311
2.29052120694587
0.382409268337159
3.6022457719351
1.50887470350756
2.13227669115373
2.09327225739432
0.989582979366871
2.10380765917148
1.20337710594508
1.12223471545026
1.52664502525342
2.14055282055807
2.00890680534493
0.601795860102073
2.97644584012385
0.741981648870253
2.10233244623649
1.70557694917645
2.92563580511096
0.887177713725271
1.92516608585832
3.75068515203941
3.94249344409836
3.26519336446339
1.75449924397178
