1.42494036716232
2.10509669748263
-0.125089333195905
1.62215716485803
-0.527785622002125
0.605088775038758
0.0031415371223859
-1.14484713435227
-1.30783036867975
-0.446063217851459
1.05983823080865
0.672171771286005
0.167941570591508
0.455114267820843
-0.881554012938113
1.41789484669667
-0.854554757360463
0.34379633465329
-0.821115355876146
1.2896718164537
-0.524468252626691
-0.543374464144859
1.25459238879573
0.117873098104638
0.767608372351848
1.04474915852881
0.241761000366275
-0.173846470973904
0.415536869462474
0.433992993149709
-0.78227791847069
-0.294940271852956
2.35662521744808
1.40294650682589
-0.361523199674346
-0.798337773791822
1.3953751112456
0.579640087063914
1.48272890459121
-0.652622469113391
0.215974355472793
-2.39127472374093
1.57188658163418
-0.0470197436866726
0.630928459349749
-0.835907817848144
0.190986343427747
0.978230528263446
1.37185247240117
-0.666797676544787
-0.735837363924022
0.247735357261302
-0.581282385823855
-0.769736978379913
0.624690817572973
0.789869478754222
-0.420789932378935
0.103343999805371
2.94063153826905
-0.739977863413407
0.218874256085447
-1.47329191881683
0.333065870134353
0.0833488193247608
2.8124171937445
0.0778920231616833
0.349404653269983
-0.0462121127465053
0.468844584005275
0.581497463632594
0.859510550716362
0.533289578025657
-0.844020640411567
-0.49623070327704
-0.43697587100265
0.498939970831891
0.609677149415828
0.492402651119958
1.86930974323888
0.579837911132832
-0.614848580253333
1.10582156925566
0.291406274787922
-0.402278028830998
-0.145486706823997
0.366513294837656
-0.632032794482677
1.27562646065096
0.713938901518791
-0.779767695494534
0.108687313569471
0.158785328865178
0.235273207751789
0.134473328799331
-0.369576849123089
1.62771022602723
-1.22604227212439
-0.0591678018038363
0.831591409546234
1.28486027549821
0.660734402076921
2.38780963008276
2.09739774673197
1.94848662976643
2.89612126052852
3.702010269989
2.56343004354911
2.44999399831161
2.46313344076645
3.57854843909074
1.58651928844992
2.78213994586794
2.24927275164291
2.3163241482363
2.56561785745478
1.36069452211157
3.04496177581128
1.0741425262115
1.90528087180593
3.71905437699732
3.52956097952807
2.87666601066366
1.72445870178685
2.00792995511343
2.34020964663105
-0.221155680753342
0.826606123503383
0.938997014237844
2.01329281652137
3.13518030550808
2.50385521733642
1.68054301100522
1.41123611175445
2.69252043302247
1.43754338802824
1.56022492326874
0.678997486500518
1.08577846254431
1.47844795043593
2.63063212277224
0.823796407770644
3.58190781769131
3.86029002128613
-0.0781308693935388
2.9549836595166
1.6925048245088
0.992241971615483
1.42515735799034
3.67208152349932
3.80505904745577
2.27221678137281
2.68999852526788
1.7604849242939
1.40971950726565
4.17544388193221
2.07198613558476
1.95465239155786
0.847884581093158
2.40935772852976
2.17845886177093
2.7040909945647
3.94971209442761
-0.0885740799329553
3.3273638044843
0.359586936789958
2.27790792456444
0.885352410209164
0.591104260762057
3.55196534515614
3.93520333689726
3.59470303524172
0.525512210551989
2.32021232315124
2.27459474821196
1.05837695771378
0.765701809906834
0.493849069304425
2.20599515214636
1.22067411335019
2.48402119769864
1.48472708971395
1.27167274432747
2.04201961728302
3.28698861835501
1.4692766452274
3.23048297429616
0.581697786773052
3.10733629301243
2.00457417875122
-0.0625367066348033
2.56836806709697
3.5580947094295
2.12376296404984
2.37476504441437
-0.0537824739842971
1.56408346074779
2.95599761905643
-0.790334369451343
1.97132761172174
3.17666637230695
