0.312286325010292
0.263731606504439
0.506671074064416
2.21271922629001
1.29741490121563
0.442748612176482
0.912929358419266
0.890369145144795
1.46618492646134
-0.071388956763084
1.12215462765238
0.442163947046144
0.402509603318906
0.783629936617585
1.50828336713678
0.910163950215264
0.234579788911377
0.725818513332384
0.0453074584169803
-0.363899567486639
1.02973342401231
1.77929797520329
0.940287764789909
0.615762682781805
0.302853576791027
0.301504655829096
0.217277008559469
1.57980679789159
-0.120820022997353
0.731147470616491
0.198629998806111
-0.91560058243986
2.50159722848687
0.778268849171174
1.48918329750484
-0.511792532442014
1.12939089150117
0.561463195549058
0.881303879827259
0.630926838989547
1.67608880854144
-0.0547495358610561
0.933823067112152
-0.92725037561858
0.919244252539435
1.09738173316311
0.498198400693347
1.0296163338275
0.0609603196700469
1.54752942077171
-0.213920952650499
0.518882595876724
-0.0482803467742553
0.389476721526052
0.481362272026451
2.82466773024439
0.635027269188408
2.19121315923823
1.19718907337949
0.735444766735946
0.889673968892347
1.96850906235867
0.586901682631332
0.517549399201525
1.47092415630649
0.698795754071613
0.84688391500709
2.05718817299486
1.44799633588329
0.573962694481446
1.87591776709743
0.898297728872348
0.0260543393512647
0.677453768602965
0.62442666427537
1.7116058948175
2.54677590604095
2.41837460416713
0.887053943418637
1.07340456883638
0.814798171020938
0.500586708332617
1.84812288044978
0.653273759598331
1.01068620537277
1.61071249610503
1.29932892316815
1.07330265220562
1.6374409047333
1.41009829063125
1.75276102633643
1.24123120925349
0.737738850203377
0.0893209504090973
1.02757817198788
0.958551869583749
1.1630965304808
1.14996044946847
1.25842519786316
1.31926094174552
0.176258501848297
0.745813490085213
2.12011050000899
0.524658596617305
0.715469563071627
1.81242283940191
0.516452193410033
1.38667154765436
1.0814975255551
1.55629884762238
0.351703951798133
0.684226159156743
0.935662933948996
0.779042353221211
0.84596054962023
1.10877744886336
1.89442754968701
1.2898301241458
0.641936855666632
1.40611439772683
2.14210062578201
1.63319183535452
1.0107080212406
2.34269085193749
0.236911658850007
0.737832347302943
1.9327818707448
3.53846686823515
0.614163207649905
1.33068805351245
0.901013090309713
1.32577292444444
1.11527892558997
0.782440131755999
0.560263513121695
0.63665628187337
0.156580570038032
0.725652222642399
0.647836862599787
1.48421518545389
1.06081728187805
1.63467799560781
0.452639881594679
1.08418757131289
-0.137327019687796
0.964348580672108
1.09744967138563
0.260740738779129
0.0162327775998793
0.695155573032756
