1.74010589328917
1.83147835528193
0.106688093071806
1.82934279593186
0.681657450174782
0.858303619725802
0.794775349647532
0.289303142933146
1.19734003064332
0.564210688334856
0.070414313508764
0.338287422058063
0.825027760003616
0.186315970899002
0.864529827842678
0.867658299901414
0.751194929412342
0.143561057552629
1.34417882744912
0.758777344882206
0.438731959480109
1.12046989609043
0.304480788163229
1.32677647911301
0.689454892276457
0.658358500090516
0.368584252831583
1.7871832229041
0.805207510319976
0.90408438954509
1.2437104742367
0.0165404814590099
1.21735478492474
1.06452533039491
1.05962074439224
0.36305623127633
-0.00516604461368023
1.07706607725949
-0.0232984467717551
-0.0719730802516766
0.387966452544178
0.920198484237413
0.98168063453678
0.59540353151051
-0.0722016435035136
0.714153465727606
1.37550028589476
0.06747746136898
0.367800873500436
2.43338554754587
2.50572436433152
0.582646193508045
0.889367422379147
1.4009667127363
0.567843878670611
-0.50159548784723
0.483032398732734
1.51578915392537
-0.0746449580910824
0.950085012294636
0.965888755753285
0.518492140984682
0.101221090678191
2.23384737004229
-0.861049667082912
0.641266167822231
-0.0032088598017976
2.02131602567146
0.0695977290087808
1.60342557055729
0.232823123600631
1.03074018442563
0.50921788661761
0.376167881948149
2.62220622017889
1.22645960354811
0.67848155910563
0.580308992231604
-0.228011243352523
0.959418155449071
1.91621177391503
1.69526632846628
0.846842440428523
0.824542292788452
-0.477248584523791
0.430505248504245
1.36254464016799
0.341476948759654
1.67630870990361
0.0332883208349901
-0.249326843480344
-0.0165763645376441
1.5953068624369
0.956211571618332
1.46938881509877
0.906202797648413
1.13105054113303
1.54242893058018
1.10963443534281
-0.206712771020767
0.138825107991395
1.61955983891722
0.164198668481362
0.597586661789798
0.404590124425064
0.0621364020416201
0.971432868682305
1.81099948516095
-0.0498559069109276
1.49223302403171
-0.0486028797801891
0.200557312650163
0.436709236778223
0.340515588092542
1.52235220087003
1.0508593435628
2.00116102654982
0.0402876593184644
0.243399139432456
-0.326397877897176
2.22860880683065
0.658457802021144
0.382863852922699
0.662211974470953
0.762582864457998
0.250000185619251
0.592623178840296
1.14543768763841
2.11777892917696
2.3450832042943
0.602423069253844
0.385287092195859
-0.203566211944315
0.797428986627159
1.86083951835422
-0.365500456370763
1.59113179159464
0.735325978834333
-0.333334839854615
0.342994849908653
-0.159260977467638
0.418038863336391
2.21942421861672
-0.161536935047751
-0.386373261325117
0.193624790628349
0.429343186074808
1.79646041708186
0.780976621473573
0.498762313728564
1.31493152853872
0.888065603639599
-0.258963328851755
0.0635413881162215
2.36828586234601
2.0569996220282
1.50248418191991
-0.287461516115411
0.794356997546495
0.740943845315585
0.988706753334135
0.411316092657694
0.173010582264319
0.704471142866817
0.741107754708925
1.19000813137977
0.433382572937571
0.507555489868214
0.529134465054685
-0.0364046277639035
1.66160373727326
-0.00433071087577377
0.555903957984874
0.56103518467989
-0.0551424997263885
1.2493831645189
0.673184149342315
0.164023723128923
0.0690787102099207
0.198112032479012
-0.170679268433676
1.65723428171762
1.76391942012014
0.0553521983325784
0.908256267732997
1.28895532515319
0.304658808167194
1.95342116896084
0.651074620736175
1.7276421070994
0.957645999316302
-0.440093717552694
0.759916789787399
0.484982990572487
0.0659420404666804
1.38159525971688
0.187737533506462
1.97003505810513
1.20022929418427
1.48654118781557
