-0.233775036815873
-0.871338511690598
-1.36647038431895
3.18988286226253
1.23313591476162
-0.625279350209988
1.02196694467932
1.25432603001039
0.475409299455768
0.139516328976287
0.0597260765696517
-0.887413346427159
1.15938410677285
-0.979488006336348
-0.358968614099822
-0.222542108859539
0.862425967344523
1.26401936263442
3.56845335095013
1.80540912378605
-0.901761021456632
-1.03431928190056
0.297352721459545
-0.69576227194359
-0.540664938759552
-0.562647328842283
0.395429950465345
-1.01718097419314
-0.138606220422732
1.35913114406755
-0.41218735987449
1.23173547846996
1.43577977394219
-2.22625828728833
-0.0120301723070841
-0.42230570948828
1.08348014710974
-1.16970340900651
0.157832730885717
-0.49228176585718
-2.38789237441177
0.172792505937253
-1.13393810505748
-1.04283886708641
0.956753624702898
1.69792059982579
-0.241428580775639
-0.471403606177891
0.215940721988013
0.143691785803278
0.555856100332387
1.02253001056597
0.713587324234176
-0.0351415612366663
-0.646888123041437
0.995734470694654
-0.344896341741331
1.04222243124921
2.11377118547709
1.75799583153526
0.240189627996973
2.9313821527261
0.00916822252951494
1.93475626265859
0.0957515711656145
1.17498822733584
1.09125581482921
2.00326888054659
-0.0510092142800477
1.31615253129466
-0.23821269010201
-0.20481078610085
1.44661967235547
-1.28064435345035
-0.429801445033436
-0.528560664258825
0.470340347361337
-0.557190433506517
0.203696461958663
1.33276602650708
0.201185209323682
1.62171784379275
1.34153320596865
-0.113480306280587
-1.0247830199909
0.0257599840813056
2.76725467243744
0.364062327271629
1.17464565126135
0.516599905578952
-0.700580915438203
-0.0141857743752595
0.227324662394633
0.199818664201552
1.0408795514321
0.703286517126408
-0.747425783611734
0.320533132770178
0.209879996426695
0.237557764238292
