-1.05461065785942
0.750826720531722
1.04460199290222
2.61001000691489
0.263450576821556
-0.170960222432732
0.583155016158889
0.316494777847196
-0.389670852521856
-0.498384435590437
0.977450247736377
1.18681680772793
0.266965219550193
1.10569346817791
1.11012760067089
0.408977459042562
0.270609628163893
1.16586828195352
1.38088178680149
0.793370239055615
1.14414311293754
1.92859693532177
-0.0839905093231195
0.605748729241928
1.19163659473773
0.42470056175644
-0.345543528434696
0.0901793396279666
-0.156738279485229
1.40516252113209
0.946752631167635
0.682307867887258
0.348162801852105
1.27558093806034
1.20048861549665
0.997681061448623
1.29736644615737
1.62217997918888
1.19959784696197
0.542390269682964
0.223909499558851
1.49315710797107
1.6306067053859
1.08674364978543
0.0657354884715554
-0.22292408640371
0.748181346792557
2.57212552902166
0.340099793751781
0.966974729909865
1.84400157681169
1.57505062270846
1.13964301615417
1.67328030233698
-0.217428129576922
1.07311506512763
1.08513763314305
-0.602878662604848
3.1454348077948
-0.131528927899788
0.962029527109489
1.78083996101151
0.392609560989793
0.107566974654288
2.13874934663995
0.424562174927071
1.07111643901415
1.32990429842456
0.0298528043578903
1.54354226866375
1.85940891412805
2.21408011720208
0.303074533043129
0.557540571435279
0.684521547288558
-0.278515160122278
0.263424919282655
1.23234276763847
0.112589734419154
1.41521163282861
0.483970093032279
0.128149761405529
0.464982828767979
0.329985002242716
-0.569982364979077
1.33547970330652
0.892892679589998
2.81076452781359
0.496878055876939
0.42840271114301
0.916996354828151
0.388624207787899
0.176465848718029
0.151343358014647
0.541702409572513
0.497172116552349
1.09219483788968
0.444221545318153
-0.614721413253541
1.26809230145048
2.97429511403969
2.11773944612763
1.7576719679041
2.55833967427122
2.0210279233869
2.09680581976736
1.78508591301897
2.93348008040292
3.79821912578355
3.28506294572954
3.34141097983494
2.37253545309314
2.23807824126273
2.16617072170758
4.06952794034571
2.83070418804667
3.16606511685215
2.43131193541869
2.94701112159126
1.98621320207028
3.40930959090387
2.37967312199983
3.27505525960691
1.78278640291318
2.1414866795304
2.20971787625252
2.16828638664588
2.5861399194873
1.71547513834186
1.9818177483626
4.3035603111096
3.14201859704379
2.86139075820877
3.81712980113471
2.67780011208759
2.06780399405853
5.19701591676489
3.71522172848162
3.22067812214436
2.71190530839244
2.1437822603725
2.03311790095652
2.96668565508496
4.52650765042496
3.06737522268342
3.38558104599652
1.61627987584657
3.55870814318585
2.35011553410777
2.85936573648689
3.55020424306353
2.95964727356678
3.12251614148016
4.82480732196311
2.50082371982816
2.26777385587294
2.92654619157551
1.72130445329718
3.44448763686816
0.993662140716695
2.08035364014079
3.11671476831325
2.47608918209306
3.01287238475542
3.91119261153757
3.14617357335991
2.61008013099993
3.62372574710704
3.78118848256218
3.56188510940692
2.33154466239813
2.45198083018014
2.11839861294594
2.12328769258272
2.1430904220364
3.43793567304478
3.5137754407421
2.63708741514359
2.31514945456251
2.95646618567354
2.85857270441382
1.89735433958017
2.57308422251502
2.84309666326888
2.60465156384633
3.15181349068711
3.08983648863883
2.88462855014567
2.4548646615767
4.48322164068319
3.37797929369001
3.39771345958514
3.58240648145498
3.50759803522824
3.46708640549705
2.39621766036881
2.00686740781739
3.21357362520489
2.36977745314157
3.50409461378752
