0.662221321460991
2.32620027702429
0.278938357768282
0.0263011707103813
0.450652246716578
0.652504249644737
0.603583618507428
1.1517381498705
0.310135452025416
-0.248529479695505
1.05037747884797
0.187265353295904
1.41028593909079
1.78549746068202
0.708628157342374
-0.506001881052634
-0.0214202641637267
1.11957700133384
0.449341421440892
1.24510851470363
0.447517721510169
1.14471637351952
0.0283730385277703
0.530076939438338
-0.0949088787773049
0.821153059324435
-0.554795347813443
1.80803452580405
0.669817042424246
1.26369188954871
0.310474215715194
-0.291669200913042
0.342465611708243
0.448005959480418
0.0378268699254622
1.14173871677698
0.640107392429519
1.19534426754243
1.18246712868595
0.750382336906055
0.804851057305524
0.636234756869833
0.681533074811272
1.42664267336383
0.0715790736320482
0.576782968464336
1.12142892180545
0.353901063684721
0.811537905195244
0.45920988195409
0.270836732097353
1.47392291155852
0.433661988077165
0.37032754969719
1.47935031847126
1.17437350983112
0.779901706536811
0.386901905608564
0.128435678765397
1.54020797804394
0.825583023685682
0.30569030711413
-0.168918224466836
0.808895388941774
0.484090559461526
-0.00311248763436837
1.12310639918411
-0.0914153757057478
0.452965423873139
-0.49515410706324
0.928577525768907
0.708913005470466
0.283762707822172
1.55254327266534
1.07390747090371
0.866001111553098
0.721985442825131
0.528182226065634
0.567980613887923
-0.192466593239429
0.612242477155024
1.37155173389896
0.953412031717173
0.523923763300588
0.882097714452371
-0.000402348984907874
0.597526862295238
1.87203229979027
0.762678451110166
-0.0713038780854153
1.924097351629
1.25826333323467
1.26561281794647
1.89397707350052
0.60642045991421
1.29720577297023
0.20100455660161
0.114841337912251
0.505392287691889
1.99111119715499
1.18716755753951
1.04505616648304
0.274687501785701
0.342138278323828
1.7222688678365
1.28824120233198
0.467973277294916
0.751965735528187
0.653968967109915
0.0377223753383197
-0.213388109959234
1.24817185163418
0.802121477777531
1.66638690417561
1.37194333156079
0.67215414989959
-0.397360090985807
0.197412280321319
0.340155041507595
1.19182078116522
-0.441994880316125
-0.0687190287567765
0.0406943409163792
0.360233130156585
1.26128524262381
0.274868039294081
-0.27367107891439
0.0231465199724368
0.764633093138198
0.867824014551534
0.905802249662727
0.0089597014106928
0.145311059996476
1.9201815910548
0.533518481191502
0.674537676935817
0.218514143942947
0.280715067462832
1.14554171551235
0.444612951771465
2.17141000958807
-0.000370026804819346
1.23037102462514
1.55000949480788
1.20952631733182
0.753001201532264
0.429446974286909
-0.0662717423267978
1.92693896821335
0.211138537027367
1.45619281579553
0.18432378863477
0.910242118677674
0.473484308398865
0.990317850945341
0.454626742110418
1.32262662302701
-0.0280076915677348
-0.164380701704442
0.288528116340737
0.423773330680642
2.02329554622615
1.67845401787411
1.16984619515986
0.403197988065412
0.189158360821187
-0.208480392101851
0.371948436121366
1.491133402375
-0.21702370471964
0.353043213884083
1.2942253317137
-0.236965871192459
-0.0569579509918436
2.40957061769843
1.63596982654234
1.30352008074738
1.1838272338756
1.30374701852059
1.58307610198045
0.87646611065155
-0.2986290038935
0.299330336167913
2.07997967937646
0.652413503731104
0.0310938434680515
0.131550542296957
0.0392690274868974
0.583835824031963
0.232855842595646
0.880348225385383
0.410222857611457
0.446469904905226
0.318349480950814
0.079677968430361
0.821974223786373
0.959974593946013
2.35034950223153
1.43605290383258
0.715458112006058
