0.677436324467814
0.0154520680353402
0.0216340266159338
0.260447114315137
1.42811473241916
0.197831770739292
-0.0343569283296815
0.872392745930509
1.06725923873763
0.181219098329625
1.05020975161335
0.0862440692080266
0.769765457390152
1.17447095661792
0.0497557835957555
0.548487789827983
0.413641013973009
0.506311107012125
0.20560716294932
0.741124353162535
1.8424140127786
0.283895439849079
1.86597818655955
1.93860921524155
1.0867313506918
0.835523755525918
1.79721959428149
0.716584618661166
-0.0568456206198983
0.950204124779719
0.535790469033724
1.26692234103158
1.52761066492366
1.14389902822486
0.347612369558665
0.449160277840972
1.30770319240265
0.553308211109905
-0.171651242727034
-0.277841377650867
0.164229813033562
1.23555263407456
0.00543942588967428
0.307215690674539
-0.0739170660923805
-0.102550982932001
1.69870577021642
0.804089637003397
2.09035577667454
0.790323956357866
0.0498429032186337
1.58322539337273
1.65374419565224
1.81491120449127
0.613667825946525
0.182345882316015
1.9833317088115
2.05882180404955
1.11685960392432
1.08035832233187
0.398724759386758
0.785930729146837
1.64162305329526
0.785038718993798
0.223156487337297
1.20290408991248
0.677008082836202
0.865445589201819
0.480420559415883
2.72178142907635
0.118368384788125
-0.0390515693446281
0.945128845450482
1.5325502406501
2.43499064209644
0.561097167143219
1.34124027783798
2.52601988729512
0.689822509535232
1.03863904024386
0.789994776213565
0.927322537794853
1.28976528434862
0.824309757411092
1.59677256050162
2.01516313734497
1.49601337198022
0.271810441015233
1.04647561602426
0.79065787350748
0.709714163049368
1.35004193713162
3.11159548081605
1.03980126212939
1.3732153741169
1.16646835904937
0.904855972943951
0.883062360225406
1.54281923979708
0.951322279192715
1.02009658025958
1.85533409670714
1.73824520941625
1.05964189339257
0.376282088064233
2.07470939334723
0.607284214389212
0.984286854522161
0.603820945592314
1.61158371565668
-0.0267400518682218
2.02171567003723
1.54429997984476
3.61603547370113
2.46188893490113
1.42191442638814
1.53216702190693
0.73293886467747
1.42763225908798
1.38221484396153
1.58527144350441
2.17588866779048
0.686700660344809
1.14518094207396
1.07495220000219
0.715524611076357
1.63743049181531
1.04562621168279
1.62870535307182
1.04247124410673
0.669315795686998
2.66905008305827
-0.137475269644021
0.698900827487258
1.50470974589079
2.23587138649208
1.80236065266847
2.87110394715304
0.638524333582068
0.617334562174268
0.617872089694157
2.06718348896464
0.70442775362361
1.06382063629626
-0.151913354467552
2.61936772366788
1.55778228531702
0.763222868932002
1.37957582583152
2.16001449840442
