-0.51242713563119
0.296800906276606
-0.0988168786074675
0.637382535625998
1.12067823985753
1.39718284196315
0.684761664244402
-0.00922392771938674
1.38782142300674
2.0606263324971
0.4943258103155
-0.143919256343191
1.24330285518281
0.461880144205877
0.365848450880922
-0.262839509047439
0.127219929146334
2.15643844640023
0.437750749264136
-0.178875876188428
0.205334223437831
0.924068332042609
0.767017080415585
2.26694403174132
1.07936577922425
1.72216812962543
0.29637877189818
1.3664888166561
0.218754055108033
0.80424665967383
-0.0948743997863743
-0.238498490244574
2.405323974368
0.0684267363219085
1.90535133205329
0.692993754673711
0.423453845504392
2.10673773904809
1.84959055195299
1.05122469303304
1.18176201646408
0.982373790811304
0.811724044392195
0.386048096097769
1.85126261628565
0.0775333967321065
0.441189037828894
0.480840763740232
1.28594324309661
0.245085574198837
0.654419582426392
1.74393690354781
1.10262274281076
0.731858983704815
0.921527605016451
-0.0961934747936166
1.18406464117058
-0.103749062433899
0.573413919565888
1.16011299652574
0.440062657220487
2.45124477824832
0.741012852146453
0.542211877846638
0.627912007200037
0.271345785815735
0.0566768276946852
0.169189368122098
0.0687966459087415
1.09997078398233
0.144484404140763
2.06819454788189
1.50054090901124
1.37330197810287
-0.632623666329626
0.829171437955733
-0.411898704335383
0.5619017040599
-0.156361339171328
-0.0932096760611654
0.897254869613592
0.529222675829674
0.686308088160758
0.455638474985609
0.529860310821533
-0.459670438158945
0.848931313076278
0.466287989876544
0.897328850689178
0.221355322577222
0.783544184699855
0.154757861289289
0.0363599257430482
0.472403901571815
0.00666498722169434
0.379282957717359
1.01386882564634
1.12187781834205
1.17413547327846
0.701627499542264
2.23449547212966
3.19755808931463
2.36146526387916
2.54207921167509
1.70501043171314
3.29390307423447
1.74098805860256
2.29169652920226
3.04365469522655
2.83988708920153
2.30102876168386
2.04554371272541
3.18258345729
3.50911039980823
2.87550465476866
3.26154687452821
1.34108086156966
2.11019870702728
2.3050507195388
4.1454991909861
2.49036847758086
3.30999261583454
1.86164905479252
2.55250588772153
1.67767224748999
3.18091995062361
2.42125980253127
2.1157978653253
2.45433619838722
1.77965585733828
1.7537632307711
3.31965823729894
3.14290850978438
3.12808455870386
3.11199897241375
1.74773442425821
3.25800549540902
2.92174603866788
2.10041331807606
2.70788693177954
2.91574814964777
4.31466205735882
2.88094413746498
2.81796630280798
2.29908028370306
3.45270582318568
2.75893718724252
1.59473431406513
2.80983318325419
2.05554572280174
1.92042768969622
3.01530314494675
2.60164983340027
4.42695785827632
1.37171219433691
3.15477037339953
1.97087239020342
3.7884282535297
4.25052563055774
2.59626280866287
2.29949009387713
2.11978921288263
1.99816595257257
2.24882723187186
2.27416552882304
1.85291204625486
2.41005003579075
1.90729419156459
3.00302564347566
2.39775446809158
2.69630457283509
3.39526713221275
2.34890375707967
2.48630697809371
2.457910610112
2.40093330313468
2.54069213810546
3.47906459884232
2.54358911814169
2.67715627569155
4.33120429393789
3.52299474082708
2.86156721776872
3.00368832074754
3.32267908477755
2.05935551845766
2.06277747264874
1.92981177885145
2.29101521286194
2.5716585184641
2.97026065868254
3.24652869342183
2.39734008045721
2.67349692384021
1.9883456697697
1.82089574307924
2.45019894837084
2.08287022536932
1.99306993106698
2.41185022662684
