1.58780472504058
0.834728704282559
1.12103817303193
-0.549017733284862
1.361714140798
1.65370424444542
0.342525760140988
0.714547999695968
0.292019348431554
-0.621039965375056
2.26757416597367
0.402588474477514
0.784035825038201
1.05684771243371
0.560264486070084
0.92559393485803
-0.235429076560406
0.325552911281678
1.60131378320979
1.40892420525458
0.459275344944925
0.717651655346711
0.517953360730314
-0.42717060711803
-0.303686045194464
0.438110100412839
0.988417261494488
1.59589635845915
0.735273193534077
1.93575939978208
0.23290147452368
0.0751640099615775
1.3253382848836
0.648165846693719
1.73674004247381
-0.208050801436237
1.40551970729877
0.0481665338010816
1.12974740159536
1.01036576493326
0.147323947079361
1.12552360409331
1.54937838177781
0.16647362336879
-0.324342977293586
0.488219162882174
0.829951315699296
0.855475077601371
1.50929951189285
0.751580545466019
0.288250251371603
1.91391978504346
0.652630941062655
0.5183649346008
0.0579716311021684
0.36109147424467
0.769929352856911
0.252047747774959
1.03324966801524
0.641969011379768
0.567005446848031
-0.0523160274973525
-0.040725256925422
0.672251093272141
0.191510558762336
0.734847260129087
0.466308748444325
1.05606394268854
0.177433448238099
0.298020112164152
0.740260322943738
1.23890979113835
0.386458005057681
2.02009861257477
0.480515467548959
-0.296428871683536
0.279903500062002
0.0728025166167682
-0.113792857280801
-0.561840331641709
0.0360768669070436
0.394961599068588
1.15000647621219
0.531975736819551
-0.235127268362908
1.12941452084706
2.03390436934123
0.409210026228889
0.232615587707518
0.931265229434677
0.691213961471279
0.883605681984018
1.10041444202946
0.971078443343622
0.121313545777855
0.630028247611479
0.317974164353736
0.825505084444914
0.477846637426
-0.136389858228627
1.70734709070907
0.706236833166362
1.29898830485263
1.56792711982012
1.78130592823167
0.0859301731122228
-0.169313711327449
0.911446642407365
0.395773107985024
1.86465496088387
0.232722843240886
0.451009817007548
1.14426086386045
-0.170303790607774
0.995974324660092
0.861003519018603
0.7365096908721
0.0362102580246417
1.22566131730006
1.53101654861732
1.02819988431518
1.54273763695312
1.36974278609175
0.804120173741502
0.971676941866236
-0.0565743332038768
0.573292863090042
0.691323987243223
0.901062028957234
0.983861222319521
-0.139254599091869
0.443832520209717
0.835805683841456
0.241815455937142
0.55149661043243
-0.371123942325542
-0.0904539280856392
0.243105438789012
0.154438044104673
0.631611193655384
0.466186690135712
0.375275104794939
0.197689739659381
0.522493223673669
1.00332739234859
0.657192616388805
-0.0457190836699867
-0.41702581405085
0.616960067186594
0.610113006435211
0.101878193446667
-0.380419174727195
0.307057836850491
-0.190976969619018
0.797871617127313
1.11979197572639
1.27111743833765
0.581680498979026
0.99607595299374
2.23753894374667
1.40413533479182
0.576945917348512
1.08360985499465
1.51845287172552
1.13470509046455
1.44516129719789
0.986766389989641
0.314007843048209
0.189017957073741
1.00835152931339
0.138286313701483
0.480806023782856
0.880962652465982
1.27303527843726
0.460244958532306
-0.272103756169045
0.798212644231042
-0.410370501021304
2.70190496175223
1.20497768586909
1.11915065175622
1.38577631180981
0.243559303194224
0.73706801660426
1.67982271351025
1.26963908922814
0.931480982809324
0.958107590829544
0.542063369784098
0.0981607543279525
-0.283984222144044
-0.374366189735111
0.598332913744657
-0.617455152796528
0.867326000253211
0.673984929651681
0.432357802675418
0.919446216434666
0.110039419530005
0.488606885970418
