-0.218646377525642
0.709107364133609
1.37712224692381
1.44015185486152
0.267424130756622
0.300156541318562
0.376144350270728
1.38401820301652
0.626489058135086
2.70493515623979
0.128806500308681
1.53558213430231
-0.32274412296457
2.00350945027178
0.498911270046745
-0.132803919775544
1.11215902304196
1.10821042610437
0.629505476484859
-0.213799869239512
0.262420290908859
0.135458560288026
0.220340775139281
0.922551926347677
0.475212304707259
0.95964201709131
0.818653482104478
-0.691315133290478
2.44199713136316
0.443813709294612
0.436925400858778
0.839161041961546
0.769585059246188
2.86984329062662
1.26034510753446
0.372854154421765
1.53998640163531
0.109219232151652
1.22737054151672
0.941111467158621
0.716674447040427
0.360439878046395
0.726753388443482
0.725119339835181
1.90831054656481
0.422306449051654
-0.0835113844414668
1.45024266139633
2.16172388266008
0.2449239025427
1.58999579362607
-0.0953971376087072
1.09166403980156
-0.635748854383355
1.69377920548822
0.294088233817775
0.716213857321255
1.34621862283827
0.816377693227111
0.47639229595316
1.17645991438101
-0.437076845566874
0.792333900377956
0.516939079694055
0.609316778321116
1.03368211345298
2.41371147368788
0.663127616383563
-0.0826109174029705
0.523088534288911
0.131686493826774
1.13305896307671
-0.0358797198582466
1.22834294996063
0.76142347066004
0.12158594515177
0.206106828160243
0.570126743407533
1.35914168726148
1.28255092821042
1.52264039029719
1.953191628547
0.873673454694563
1.04819948662847
0.603155327880854
-0.370085413098023
1.05571052264012
1.19781607101727
0.134694198412121
-0.0413004750172202
-0.0618657660399289
1.87419214097558
1.11051810613135
1.2754285323402
1.86107395654434
1.22163883966128
-0.316861131237529
0.701297777083576
1.07749504767655
0.177715843769919
0.715255386383598
0.634647475447725
0.60847797742838
0.634575978600333
1.36016174707907
0.0822908360988647
0.343434149188145
-0.213073578575676
1.19494250987501
-0.248451107246356
0.500127430761791
0.801814796094972
0.394231473520324
-0.480106851943569
1.42840765819918
1.56359885541034
1.19017595140787
-0.237829819653838
0.446157221326673
-0.062511319320548
-0.606684011852315
0.512822536033554
1.19043173743178
2.15601116151825
0.359764211650686
-0.371614839834235
0.0320194350953866
0.367400448737149
-0.0127242370132471
0.526345201440592
-0.187421889139624
1.50282644269715
0.213542567940225
-0.258768554796216
2.56211718166952
0.413354868044955
1.29707256517986
0.564330222758217
0.372988585789578
0.845073989229809
1.10503806360979
-0.174648663116671
0.383092533552425
2.84210759103215
0.251405000216643
1.5818261430336
0.337418272343133
2.21623476737914
0.68341187886241
1.15551704127216
1.80032817654732
1.45477049616881
0.363781002446558
0.997033537743644
0.916882572951184
1.13009904195343
1.21713675458012
0.600805829108937
0.835201738150515
0.339705827198087
1.05743014926887
0.827284831404033
-0.199361745074909
0.95110654601235
0.494721024930052
1.53184209782688
0.30354689750988
0.562255938100647
0.360778949355397
0.868885373927257
0.481127369370498
1.08597932721748
1.09717859837748
0.487253129105161
0.434759610891375
1.30933561605004
0.761516150686773
0.655618108788014
0.768735311906799
-0.161423314152282
-0.0512756596347458
-0.380026811183697
-0.0213509659570185
1.39883580741955
1.06243884128565
0.873516468337094
0.0471038064132438
0.926984048984236
2.0093779271515
1.83632674844414
1.25767196185845
0.349119532438307
1.21905478846379
0.985752210185557
0.520020418995168
0.806650132991885
-0.153056412577917
-0.131678594022253
0.446811720603215
-0.11631617994065
