1.48738279428247
0.582830747054446
0.192392115636287
0.511648623661535
0.580560759380154
1.06933123067871
-0.771186359674722
1.83618693326427
0.114487552809067
1.35541785662621
0.865799800723543
-0.410697574483786
1.52588133030749
0.313812098872038
1.73785582147632
1.70745052236904
0.77926931053752
-0.34613528874887
0.900721086253899
0.286411933560671
0.803544572374613
0.961281885351927
1.19906396855013
0.227633116182147
0.646293346246895
1.17742519941224
0.828660508125257
-0.0518234662280625
1.64508457138221
0.865876067688672
1.43460190386624
-0.324654008337681
1.20603123067113
0.116341383080571
1.27950417305078
-0.458457164754428
0.279521175720372
0.924894847929016
1.40755264014212
0.511999224699428
0.903796270842046
-0.0816723686735024
0.291431735831438
-0.335939466925024
-0.177905560387522
0.200157235454136
1.07242650996057
0.972870019964989
-0.243990045549669
0.651139238315639
0.287846028309218
-0.10981716162115
-0.129930194055469
1.50283838865882
1.53216299657921
1.49767761298201
0.102443249752741
1.21188640886908
0.0080595482517154
0.166972445957329
0.723955408694397
0.113897609723425
-0.463706214119937
0.506031609243966
0.100721291048715
0.152448821849602
-0.143325925866321
1.53146201978799
1.01957748667317
-0.182278583556406
0.329715383785854
0.71288654799729
2.24942836636237
0.757008633571345
0.876105775672741
0.930157780588731
1.55487352906735
1.81023083419848
0.604882719968403
0.798003228668219
0.443785104009343
-0.284834439823057
0.523420180261999
-0.145991503079276
0.656868615883263
1.30148255721593
-0.397426230680791
0.814522016536806
-0.539954057218598
1.64447051253775
0.0137055744340895
1.01980814491794
0.274873580325305
0.0435377391100491
0.661208273009224
0.787348487676793
1.22914311152592
0.509977877719811
-0.377259807075055
0.766205114974674
0.527105981137187
-0.135026259624622
-0.105427002686811
1.12464747030497
1.05499495217765
1.08265513259907
0.804899939864499
1.02626228823827
1.17626430377684
1.43702694090425
-0.446612829646695
-0.61387061293053
-0.384800838169267
0.974423451546013
0.467829733897253
0.356531935337791
1.02811891016378
1.52379385551687
0.4128567152029
0.847435424858244
0.122642132402856
-0.406746818733862
0.400860290003284
0.264434628607086
1.09906421090306
1.25542213821309
0.850948463189608
0.819981935560723
0.385785213437368
2.04007390564958
1.10518002612268
0.57696202317592
1.35085207655681
1.20035957353575
1.9072857566868
1.22823109177378
1.21863578874316
2.16561592158799
-0.518051309329766
0.6679160203381
0.336689176438045
2.43443541245917
-0.190430371582376
0.355435533257051
1.27584477555066
0.77679671517434
0.955007141499364
1.14033092833718
1.59708305368233
0.403510752850299
1.24063595696666
0.827760831671954
-0.19553098422163
0.604517445128823
1.67976188221306
0.119325682528838
0.805823491156374
0.517229972629105
0.137012040460525
0.0494963342363879
0.571655145834506
1.36141767133378
0.177469425242975
0.277742946534929
0.114826215190155
0.829776036524897
1.14028234694923
0.334511674273703
0.346954829072742
0.322087780508464
0.297893780260475
1.05304078249269
0.0645423413275954
2.29760691336547
0.508263130365014
1.37621374085899
1.23264959242757
2.17171785784524
1.31930369854173
-0.14285141902134
1.50022308449954
0.966496638615212
1.05195840599742
0.591314165230286
-0.268364422760811
-0.731017182317762
1.66315334040299
0.438119030056173
1.93962061589307
1.3968100189142
-0.208071965000087
0.233498044439378
1.44899537419098
0.992746687993101
-0.784141473950557
-0.470598056139131
0.423628379363573
0.526515957420741
1.03432732338736
0.710267377578324
