1.9437671819952
0.303573010852613
0.423718966441604
1.79285582540299
1.56471964430002
-0.226435739772075
1.98858709308006
0.459135876285675
1.48353612975169
0.862567144906692
1.12136808441228
0.749171844939445
1.66244099322391
-0.130595685732855
0.909249818629569
0.395794589175447
2.01781170057272
1.25341021389821
0.954154570719019
1.0328833681458
1.84371353902207
0.813051564272816
1.97014673355812
0.645269402168907
-0.049443726985805
0.759924164327615
-0.21485355164135
1.60050788200849
-0.36342821362539
2.07696554241997
1.01408176486015
0.209100181129388
0.808946305433317
1.31740745372177
1.12385298109931
-0.177484125331783
1.12315925181849
1.61971528890684
0.957771851741611
1.23734215590859
1.82473157347762
0.446679063874388
0.705702461129435
0.856270244389455
-0.580926310176358
1.02101500752022
0.409978005099071
0.605174764581008
0.28506820001069
0.0586936894684935
0.461756469658812
1.45776203321846
0.949010989516457
0.673008095698004
0.0311512198443806
0.444040134812047
1.55029613859706
1.03828433439799
0.586000095349419
0.301211843484398
0.242754734869488
0.324417154182346
0.270778078847774
0.807469330291501
-0.427302275090073
-0.131105406280685
-0.0947599104546956
2.69950702940082
1.20834471163452
2.06525967960799
2.37214772041334
0.318786169491584
1.03804101596636
-0.386384582912679
-0.124472326417272
0.165234829059227
2.1409561686161
0.326382245680349
0.150402841477278
0.168546814164257
0.248824380363686
1.05312073893062
0.222820617796386
1.66589188344765
2.03254599082286
0.474426152930906
0.148415028094268
0.232349996523694
-0.630129689912121
-0.191114878499252
-0.126644152576361
0.484808580439094
0.445393660087479
2.17636335848393
0.749066489116434
0.978107458150527
1.56895936809433
1.67054359560404
0.308511904118667
2.23943355819255
1.48232823274033
2.63190959884846
2.67621303014107
3.08594028949935
3.06536450500032
2.10767305180986
2.31264583117539
1.85827772900572
3.24260493525797
3.44169603977124
2.30401508820784
2.95883982758745
4.13245006343281
3.17481107882246
3.1660884150955
1.95283668110993
3.24782254476769
3.02131157767735
3.00041025935764
3.53624572250135
3.24878227525634
2.57455550800749
3.65260490362949
2.77202790703966
2.88810269808931
2.00025627193889
2.70582397965034
2.51299266567038
2.83239588912017
1.40524016808258
3.18512036402345
2.54112008025411
2.51387132917481
2.090276558867
3.35390868411309
2.25590616135446
4.6214497853168
2.39310466871892
2.7446264806024
1.6780875779747
2.51498424611058
3.13580801866006
2.43102387326797
2.88696329346739
3.41884668707549
2.74304352255358
3.13640074609986
2.49854768578473
2.79109985049548
2.71132345563288
1.96896557803551
3.29864813181149
3.76826849282221
3.45293270749642
2.48265232752625
2.49932628721651
2.30612694045349
1.23543025414301
2.53274508679119
1.48137178708866
2.45056680355883
2.61998053502855
2.44327070640087
2.41546370518412
2.73133322907082
3.26846432448848
1.06111887876193
3.41860606696549
3.01926287059396
3.49689764424055
2.7522128797989
2.80090533618249
1.84265511086933
3.18114690369373
2.29435762246803
3.65352358065131
2.57027552412856
2.13796960612613
1.9563710785176
2.60599275956848
3.31728407365435
2.05318917721839
3.01276736113289
4.15102139450032
1.69975349326105
2.07669709309781
4.0686916268042
2.90541781685401
3.61479766024433
2.17488726547303
3.3537533436201
2.4878540438675
3.45288819022412
3.39218186301524
2.11968519758245
3.10615992101636
1.7759566399934
3.09350845614674
1.64158750827389
3.01487723768338
