0.65976391516784
0.595627695023097
0.73088992506794
0.321525561041825
1.57885524731318
1.00914910554116
1.49113218951105
0.401567583184385
1.28360174042226
1.07919043948659
0.0614895373759587
1.05990026736043
-0.100931585431961
0.748248570742847
1.01805694173492
-0.204848642336998
0.156385242403028
0.440436030150648
0.682391063592874
2.80989215719831
0.877053504366984
1.55835335498641
1.05570424648552
-0.188221840208404
0.199126376667488
1.12317130726243
1.52944499902456
1.18452764878279
1.03234473614047
0.806383667081315
0.581193394570155
1.16463980803379
1.09154996313639
-0.232676046933751
0.340748634078467
1.49946202701607
0.130579513798452
0.705428879599956
1.00703475321048
-0.308498009788891
0.650278103021052
-0.264130733389468
-0.121052826405584
0.640522343134744
1.78128616386939
0.611668168308898
0.889594277723942
1.87992300619461
0.547647692329695
1.30455828427413
1.71883565541007
0.694213378784055
1.18443320838381
0.469769214770101
0.255509875436086
0.545177267003721
0.562237268874742
0.461645594392984
0.128381329936363
0.680179746822768
0.126637679257105
1.68554318122799
1.9130379513197
2.76058936118288
0.467529808997523
-0.665187134104272
1.00513183512056
1.49165699598964
1.17607597547074
0.465983129065796
0.852819504073119
0.61598050261498
0.376687390974537
0.539243451186076
3.65082049134233
2.18909689939147
0.0856924601543413
0.830488579311779
1.95133930469832
0.469298784120933
0.899626276654615
1.13171951374626
0.323063923706859
-0.323759941334385
1.22128874406227
0.854030687506139
1.54682684439731
-0.325807968740967
0.144746472316419
0.123194993423943
0.944401073721781
1.3788958379748
0.360567274281739
1.06412606284766
1.06730880011964
1.34008029873797
1.1188779666758
0.53790818804667
0.519176110751979
2.10367927599978
