0.0983869372778424
2.75286685074536
0.869894119762397
0.975123975730476
-0.431264476215284
-0.90698773228747
-1.3960123803795
0.621968303606158
0.954048693045731
-0.334904736967849
0.29323701129977
0.980180493732301
-0.679240734674525
-1.03138919037317
-1.01892557278792
-0.609263947964024
1.2683064825075
-0.571289844734702
-0.520734786389317
-0.399494933241823
-0.843127298091018
-0.725695105488522
1.47777976593599
1.32947630955699
-0.502415427648665
0.0501130658760571
-0.251620646669101
-0.874563567980302
-0.706393233191706
-0.364087867129979
-1.83979734382737
-1.74186799601989
-0.442352206463809
0.0384090458511321
-1.02196856121623
0.530595875486319
0.187325269776977
-1.35580104490202
0.948759798941101
-0.35967289720084
1.71397731282192
0.17177375974228
-1.62303475575335
-1.06993869072682
-1.70583763812423
0.563520896477326
-0.369315863942048
0.576723463253066
1.58592117856142
-0.759998470961369
-0.82869337924244
-2.25692313691233
0.428391163801251
0.282156178945172
-0.51118712601799
-2.99754163352645
0.937741179809281
-0.282424368338346
1.59658460850111
-0.248550329909117
-0.705667269453724
1.07814201328649
-0.854681633493819
-0.735708192920161
-0.575646689459038
-2.12500004685149
-0.836858641525556
-2.40360573802828
-0.0929511107492827
1.90909255181041
-0.0136482302723236
1.02343834162961
-0.379961030398913
2.3660110034241
-1.51529300172477
-2.23845322788276
1.5126973642907
0.654867379972584
0.0803680538268892
-1.12584299602819
-0.16493719532829
-0.464090322221097
-0.211319780498276
-0.834664292602114
-0.0284695407701979
-0.931885164907213
-0.0324584994250218
0.695224221336993
-0.452821386721887
-0.678303048730042
-1.05831279488898
0.507742697659267
-0.451540358147265
-0.929502266487873
-0.983168654436929
0.284811798777539
-0.603026977047415
1.80038373742962
0.837650073478286
-0.0245876001409263
-1.01798468704537
-0.720325074835712
1.0358496534496
0.864636357539111
0.765939526998972
0.1811001249807
0.902801758781255
0.0808041040093624
-1.06638869188492
1.2669402381824
-0.691436283274545
-0.378213649104841
0.128807421123109
-1.24645882120041
0.410298759802799
-0.398630689699842
-1.15250384035327
3.10729005259201
-2.8806372726054
-0.957478601068452
-2.4807158027103
0.702167914514948
0.87328113610336
1.02829620799447
-0.590944881581132
-0.677536093691674
-1.18381119252331
0.777428732126697
-1.36586012259453
-0.314016706317989
1.97185859473872
0.55182284801929
1.54588068617652
-1.19993159977739
0.901127228064985
0.399770377253828
1.82886738737334
1.43311576375951
-1.37574141470374
-0.46396668201736
-0.758140654003353
1.56007346430278
0.297045165640658
0.161147347241332
-0.798849150456955
-0.324417353772935
-1.80123297082924
-1.55995093125511
-0.568942286651975
1.05734476712109
0.642593333328986
0.250524047860794
1.12552193396929
-0.647888926962461
-0.715314103847899
-0.780216908343435
-0.535727053997323
-1.60160312777985
0.54463697660286
-0.621728453341236
1.09113009297854
0.0879998415501129
-0.592741440939462
-1.32739514201718
-0.407012145386169
0.887794599939966
-0.0465013295940157
1.27360592865644
-1.6319724834512
1.41789436618389
0.460677459243416
0.577847838997042
0.236704090206839
-0.856366732482853
0.638756932602041
-1.51457180407896
0.343471818106445
-0.476731978333247
0.518391717241363
0.0557822242807388
-0.26966336517893
0.665966305750919
0.388995973836268
0.608832470653242
0.00828528838085188
0.957950305259392
1.27459281307819
1.8746401040653
-0.0251662052499683
1.32656457419636
0.223777442356865
0.953167875056506
0.640193799518652
1.5085342925513
-0.678856808178512
1.59112678894625
0.62456633779233
2.05842936701264
0.265247475693833
-1.24806193097917
