-1.22354810100481
1.16819615785915
-0.759804382267089
-0.838025147563116
0.619332782656454
-0.965958124033962
-0.563259776329168
0.572993351781102
0.916976792130428
0.152703548498299
0.0654653097648973
-0.277331089935435
1.82125842733527
-0.813987025795328
0.949129654502297
-1.10558627683763
-2.49602566507056
-2.76407268750441
-0.847420555429642
-0.897152030710604
-0.704419813382777
0.419316192105178
-0.974963434477115
1.14576445678012
-0.778357313805575
-0.430861183818249
0.975402973442367
0.527497439491084
1.82103744658928
-1.49972499200224
-0.644570168675531
0.360105393104551
-0.275326171785164
0.213158334869071
-0.565706596383319
1.57286839694191
-0.719995875306076
0.893002706263775
-0.950814318225606
-0.559640991112685
0.520251908414813
1.33469109771831
-1.64115152688435
1.66807772863097
0.709866114435672
0.765483005849069
1.97275391607047
-2.11848804135565
-0.118277522288679
-0.216889269938806
-0.113374174784478
-0.756134101216587
1.12957143561522
0.29353199171492
0.877198923683191
1.50213044534495
0.182791177080723
1.19229488944146
-0.219783732864788
0.478142258120051
-0.235379185164216
1.3281871646899
-0.683280600946893
0.190479324454375
-0.657535693251998
0.172624601970888
0.533330858607238
0.531609474971114
-0.905119692524082
0.181307255580328
0.680890777375358
0.717636862593139
-0.104789031003307
0.615614764106675
-0.492307541848341
0.303723558416671
0.297626973849531
0.944006523497628
1.28883881941957
0.821955287535401
0.199028267990554
-0.472975054177963
-0.626341072583387
2.07742432070679
-0.839898405904165
0.370217306106684
0.165200842683007
-0.428769658589883
0.214840490973963
-2.03844508059257
-1.74060079465291
-0.0267085176710293
1.36509430823243
0.626622142348139
1.01570737157659
-0.10149753341491
1.64078819607462
-0.461948308247193
1.97974456277345
-0.178882998944177
