0.806655824969984
0.167776165403987
0.671210499797946
0.174959282031532
0.72514705654916
-0.313777939062844
1.36615255854842
-0.146815077484849
0.440308976241343
1.63743225721877
0.461705121431707
0.616839802326389
0.634300326357078
2.61833608930304
0.271577548528668
0.982017351662114
1.27216556023548
0.476083118719176
0.843738348808292
-0.0988111592791802
0.728205604774104
0.851248177636952
0.964921931026148
0.469305206274487
0.414152585673425
0.912250621702393
-0.0693715670675995
-0.263514285939208
1.7607349829486
0.936185890674431
0.620111067146219
-0.30109865615549
1.17835648382291
0.197182592165678
1.25570817010283
2.22616220321028
0.47617048070706
1.22178597544058
1.89604355196443
0.261428416209491
-0.141444244728441
1.5741181601033
0.0810087156173667
0.382908212267774
0.529705946164721
-0.0243778552432938
1.3100747002985
0.52880775354731
0.398830185870686
0.991761571990421
2.24846369554743
1.28712647044464
1.01801070684867
0.100902133539552
-0.25443225709328
0.400407730110425
0.751971265736532
0.506520539557906
1.82213885922963
-0.125946801158531
0.254557412153827
2.31943167091027
0.240024057978822
1.29717767138571
2.16875705912161
0.735304559533541
-0.255525439991534
1.58385075602423
0.833686553565193
0.269613249231254
-0.264576909975022
0.396672389803905
1.13470480025411
-0.198553961776546
0.0663505129877915
1.59198695113158
1.02520812115756
-0.05076293352452
1.78350671140073
0.726766719065797
1.30194292379213
0.559498873275245
0.155206383660164
2.43853807751589
1.17217624453225
0.615970570448409
0.891803341116275
1.64661841535528
1.92236349047652
0.434751558613666
0.708901282445989
0.473116792110402
1.48055593633773
1.25746798905773
1.65483126895284
1.17966360321899
-0.0275209967058553
0.222079952642518
1.44277078677852
1.16314871802425
2.24622554642269
2.47786219802907
2.71884382312956
2.74264382637825
2.90275789874934
1.37801089094475
3.57781616067488
3.09212578866412
2.15463044669832
2.28106486745927
3.14703567174549
2.70787792237289
3.41433230531898
2.7618257385073
2.50454132286712
3.41499737065227
3.76653250196236
2.2223552480797
3.03606375111588
3.16530283122729
3.86035621110095
2.91026348980174
2.31841195486107
2.27752916162317
3.22327502560826
5.07506986895811
2.21175786973698
2.58266683139002
5.00403718126017
2.96791024064087
2.80071193771744
2.22358245006917
2.62554230694752
2.64790654981103
2.11843905547044
2.50941309093219
2.82868155740035
3.22935652345541
4.0676772328729
2.6449016753785
2.98038032619736
2.74341456033998
2.24192592023449
3.106022758629
1.8889481209939
2.55792403890967
2.12410109266162
3.73439488986943
2.97390788605275
2.28412406428547
4.00885107957668
2.30653182348904
2.14735430641484
1.98873420359887
0.693722073109877
3.21761870223965
2.73123064356539
2.75065962415902
2.7949852777503
1.63366307903244
2.43191208865777
2.84667525118994
2.00038720010237
3.53051617351218
2.25952211435882
3.16320674802604
3.82661271942766
1.99869631234484
1.7483065556467
2.47385289624367
3.0723531476854
1.81811028399098
2.21819992996045
2.82217959150923
2.36053420918255
2.11665173870606
4.05661970406998
3.76196103405854
2.07438379604248
2.25522065165788
1.70130155597998
2.74744974981215
2.17379875022178
3.14752535309942
1.96599801523597
2.62091539726339
1.97010295298035
3.24342693599835
2.1214944892118
3.47840769581111
3.67084519859299
4.10500902316331
2.9936093659853
4.16264691248825
2.19677538127628
1.89479387267236
2.13746179159129
3.0879633792546
1.01777806917077
3.23873320712558
