-1.62822837600124
0.0761911801044249
0.293504771351575
-1.2003525961417
-1.4999948911195
0.352579714180526
-1.48614868411933
-0.908928653995955
-1.47694359637965
-0.394373798457759
2.35385237107978
-1.4931815317762
-1.15163531723234
0.609593442088014
-0.836231944187226
0.284171880097673
2.73561493280433
1.28482884457349
0.294426433104301
1.36619994319156
1.26265991393413
-0.599339389242327
-0.285421932973347
-0.649670858818695
0.306998411741261
-0.77398321259522
0.144608808008567
-0.204824919612264
-0.325191568234808
0.180288522154335
0.633265902521362
-1.32504394096067
-0.532533101471643
0.849899149178317
-0.333709512199175
0.841566360312123
0.571512623577186
0.149735885722849
0.58786139188776
0.150626575019843
0.00813454379676942
0.750607706060213
0.586264174499447
0.521459184496707
0.421517448097471
-0.290653096288695
1.57978860339709
-0.479352282882349
1.07094966190682
-2.02029346742833
-0.232698374679552
1.40914321378322
-0.814572229460772
0.535642040325359
2.69053691547361
-0.0471933922913717
2.57723452849311
1.09825163993376
1.42812713091435
0.430714375560515
-0.64228170820886
1.2389619779913
-0.321301891826905
1.58105855273478
-1.30141974875073
-0.78025823506244
2.15878545283653
1.72432142450751
0.958040222038837
0.945870737487655
-0.599358601648496
-0.107587663617067
1.50124561614982
1.31643039709633
1.29233965220886
0.745773923075968
1.24340016111904
-0.970985519085734
-0.362694805197929
0.419706932308574
2.07487532618157
1.89455264539132
0.48432925691192
1.95293792840902
1.12015911336934
1.09831119076424
-0.945141941801199
-2.47711340951681
-0.258357821603071
0.852602763958353
-1.9763826614278
0.523244830356448
0.56745660613526
0.550935207923713
0.201773228539551
-0.517378381538066
2.64185923106545
0.0173502025366829
1.19302847126803
0.0686756138329483
