0.390854800119624
-0.701129072069945
-0.150617806275876
-0.406128275079686
-0.796026798577129
0.793404225913028
1.1546957249881
-1.15839190467658
-0.687172036721424
1.72360172753954
-0.183640443728961
0.663404728015128
0.703643765636787
1.20774832823102
0.468537239101575
-0.365563210456294
1.19925134888791
-0.0566026750267642
1.74105531849976
-1.71596752492694
-0.816687931052311
0.187695771359597
1.01314179885727
0.352768207677063
-0.0491256196551351
1.10399557399407
-0.266844897487362
-0.99965023714104
-0.392757142567421
0.590615459167427
0.899077497017606
-0.721083664873605
-0.947059709277424
0.818458626476914
0.472962020089401
-1.28634173380836
1.02915414331463
-0.675753721895221
-1.03778459880788
0.840036631757135
-1.28149364309378
0.0530679398386777
-1.21311640929079
-1.04182870107163
1.31710537775872
0.0544972621316329
1.23219444704504
1.21384358621796
-1.13066056296297
0.410265182286388
-1.14278655349213
0.352117520706698
-0.142662921083079
-0.37623597592714
-1.0246428236638
-0.0846164528963054
0.861863795101538
-1.3509782105194
-0.759250219035095
-1.38712318144955
0.253227933782998
0.268821056531613
-0.238488221046719
1.39646753167479
-0.590362908510624
0.0855132738460473
2.40077923805948
0.149178849173783
0.462751412625567
-0.612311052178384
-0.280631515922892
-2.02082385802653
-0.719683239055046
-0.156190901468003
-0.021546765296222
-1.25631187425439
-0.635173731491259
-0.651741587935937
-0.117488221292976
-1.61194279826425
0.913434154563281
1.02419998010262
1.47830017592167
1.22559546359899
0.0224710361269656
-2.97069909508457
-0.337660505867892
0.561190362045324
-0.350266920290918
0.867643256767794
-1.11281988255362
-2.04885153503768
1.10101367246874
-0.209180398213666
-0.0939091213700874
-0.342491225195335
-0.536179666429314
0.609893780909634
-1.03690767714403
0.373696569920163
