1.26697840770646
2.18919133936784
0.64068104967848
0.917803298078487
0.689009414363209
1.26312805954067
1.65774232973537
0.961685760217756
0.727477684801292
1.49721117468955
1.82351127078148
0.431037890589841
0.593793193413427
0.730705392408098
1.96437937319197
0.247188753718385
1.76483675159316
1.31524255847509
0.401677820932633
-0.10236150193591
1.71035753936762
0.0141589363933534
-0.00274738040452766
0.17862685974734
1.52186542367593
1.60915573072218
1.18283451617105
-0.2710977758234
0.615581522782849
0.453872063391439
0.0750827987827417
0.942740208636776
-0.0992991188941207
1.19448279583684
0.347165651484314
1.12084245562607
-0.653600655785021
0.632096706214055
0.254298185876277
0.132864118568734
0.22082032058216
-0.201583037954667
1.18034949707411
2.08383742254083
2.91892548791468
0.657039702099802
0.482978366510833
0.4937729348339
0.102949883743164
0.165491027499048
1.27222108008152
0.176289007228241
1.72365583462137
0.0697616141685216
1.67578057077385
-0.142941804272884
0.637557888822004
1.46056645443476
2.18022855092807
0.585540020356576
-0.731585523719186
1.53685114857312
0.622251689527679
0.68971724215095
1.60794432721856
0.495098055394215
0.497327207307183
0.926047903495152
0.761377959149342
1.17298732774867
0.0945943338756777
1.26756016597792
2.02248948083636
0.600140448657419
1.67040719440716
0.347224811383835
1.28880738865808
0.863953544515088
1.18879412458384
2.47869019356651
0.0553008559531181
1.8828424772025
1.28317109282395
0.849524379654791
2.14099130081406
0.182338224506935
0.386000293028383
2.89664049499705
0.408091959998272
1.25954747518073
0.792494459012577
1.29251355144747
2.62634998789523
0.982140759378253
-0.0886642353097604
0.80045831877687
2.0671540604255
-0.52579659050743
2.85893386261947
1.97526200860447
2.46733152853762
1.14329838294118
-0.413996360599592
0.0373032380900228
1.07049733335665
0.850038063306334
-0.00428242816822846
1.2752950815392
0.290244135432379
1.02614160078161
1.58283406876156
0.0618147543961094
0.484576633390528
0.862914163250311
1.17961749487355
0.0399456330437825
1.34465570809313
0.375170563439144
1.43634096660006
-0.569925230822434
1.64453839786879
0.92066936474433
-0.0656833722360732
1.79990867427132
0.597420653211677
-0.467444083717687
-0.105848759440822
1.00825687220806
0.328914032592354
1.19212324194822
0.934830819200752
0.573877331709793
0.260429541630404
0.652059661210335
0.447663045543894
-0.435726539741834
0.211593766278748
0.919420390470835
0.989961202011148
0.433226597523263
0.480949517747762
1.4579729874809
0.497574410526005
1.04849782723376
1.58321349141307
0.419120807104769
0.331027441172663
0.214489969892731
0.982382614217392
1.54608883894819
0.502655644999971
0.754576055865577
0.382438811042369
1.81316087271774
-0.457354014586237
0.335523313266453
1.42811511267103
-0.15488224491267
0.295373246576489
1.31692953182052
0.0992346971650863
1.01194002575809
0.824575202919002
0.250971000947771
0.727485922254507
2.59319706525849
0.970615982287094
-0.0999701276611805
1.61117383779466
0.348713248932662
1.05525220490664
0.60753726495514
1.11606959439711
0.114234271463901
1.06658080058607
0.954368036401557
1.22904899573077
0.937855851387714
2.3615498982677
1.58238161726553
0.366350931793052
1.17104392472813
0.599588776278195
0.160772454546983
1.75240237032149
0.987337582135913
1.36079770912559
1.43973690381124
0.306786253767207
0.904905557703007
1.44429087078601
0.810571908087182
0.965996611828232
0.704321960973024
0.754414182092745
1.01751664775421
-0.280665491257361
1.5554899280334
0.399518286503122
-0.532977555543376
