0.723531663332697
0.65683270033271
0.287237477385557
0.800661710379548
-0.0554861520825233
0.19253888874563
-0.392580941098678
-1.55982124857629
0.146119024545675
0.0491273401019049
1.49835499080861
-0.806795000330994
0.554081275801022
-1.79493258971987
-0.215956236802525
-0.722482296877862
-0.536047097288817
-1.0960053074512
-0.0477768474254025
-0.161646412402157
0.216115121140821
-0.119408275487692
1.37858109920609
0.117026497428786
0.981417065826992
-0.2863079487031
0.633782547767082
0.942216332502696
0.646621183549815
0.583542425151069
-0.143207263762984
-0.937026421271054
-0.547562695299351
-0.984536454588021
0.450628010927879
0.238620256410861
0.277908251745364
-0.415973928009833
0.421349572915428
0.542572913068681
-1.01963321728566
0.0571367132170357
-0.13695560154995
0.177501747707534
-1.282335288284
-0.60437434515188
0.941356993675863
-1.06690270058299
0.127020946814482
-0.146390465116672
0.0345355112351058
1.22290295437003
-0.844856618359345
-0.106324709111961
0.542881557478562
-0.686057346270844
2.34176996927127
0.175409282315038
1.77672529057076
-1.53199446234962
-0.139926218576439
-2.21649494716322
0.15244475800373
0.809226489741172
0.268951193852002
0.71381074923378
0.171510123528459
0.869841335287161
-0.519093079871973
-1.25318726397575
-0.884092444459532
0.278770536945526
-0.315858099838462
1.27969819776973
1.63602246164514
0.451972931290983
-0.250797766815031
1.4264937964425
0.346134419056948
-1.17864488673749
-1.9616332062265
0.49398928965354
0.526001933905579
-1.37575881338686
-0.492433511079674
0.465976465189225
-0.483050809328699
0.864790111933724
0.3650598724589
-0.0711737813928593
-0.895634909067004
0.0605398439549048
0.902585110793456
1.68889330292904
2.26512876832315
-0.170536856071919
-1.86635450932342
-0.817627854467469
0.660653976881814
-0.343079528424015
2.58670686612958
2.19775531833902
1.03402738472622
1.70961185775365
2.04173582022695
2.2355253007486
2.84444937739618
3.66129713736937
2.40868678053647
2.79206140797372
2.19030733926356
0.891921973053289
1.0023116770727
2.74344690546941
1.19443132844755
1.10308790931139
3.90766955036203
1.26501049691749
2.13304433869185
2.38902897976563
3.89733745986329
-0.464120792517277
1.92814103066788
0.716608320907883
0.893541357979274
3.12597224061542
1.22805952007696
2.33722745347957
1.74214021563223
1.15786115379905
2.47933710497484
3.14970066467359
0.910918491501024
1.31956185071655
2.10888770629078
2.49978262702175
1.42274071882981
1.06970039358391
1.67542058743705
-0.122124028111835
1.20667167349039
1.50330612199454
1.72916153410666
1.95945861628285
1.58805327244005
1.70931437287356
1.61110564497462
1.46094956619354
3.88485891486165
2.08603062902056
2.90412216523777
3.03338373407033
1.72867825206257
2.04467755595404
2.07177062999152
2.77757815867631
2.30288250694707
3.73686057437779
0.940718531806408
2.1293072678768
3.66387230150886
1.36115822506235
2.81201279108571
3.68964002853606
1.91191133700079
2.11270447559229
3.7096423314332
1.3718279484991
1.28368789433435
1.35270235777859
1.46683728919664
1.71744692078245
1.25629111595527
1.95054169269086
2.02985478624937
1.9647990704657
2.64768018724699
3.3772636125306
1.02985038849717
1.22064307862314
1.49524422162199
4.39294598450284
4.08618778535016
2.58870171821659
3.02361029883993
2.23823473967053
1.84598372821755
1.31690280649247
0.0866398232712491
1.47966599031725
1.93081682108717
0.907614189994769
0.88409175813879
1.91650573887959
1.84458811718716
0.0846267096634301
1.92201649836001
1.42719025334061
3.50627133979971
2.51562657946641
