-0.863169331388698
0.956151415869279
-0.122695116422827
-1.40051206220422
-1.7432076270653
-1.42901569806745
-0.221791927029801
0.846231980356982
0.655966636687989
0.937642981261176
-0.718079569071023
0.976162038083976
1.29263433710693
0.400281305637165
0.403017425226621
0.277858942191889
1.97650093515727
1.81898766729303
1.08698380175078
-0.608256943646034
0.416783745869509
0.919893817476595
-0.0577378697615807
-1.38952578191543
1.02238655264287
-0.837624628538403
1.17754680158178
0.169333771880542
-0.0380654225490783
-1.83846868922772
-0.330956183491303
-0.960281128824712
1.34295290074305
-1.08621956512906
0.434718806832698
0.937445639167503
0.193717219876234
-1.81019374105153
0.64302234361389
-1.45720128133978
0.374992963104397
-1.4767893506085
1.11439768277345
1.20472594268271
3.02459099851379
-1.21268769579976
0.0815090187353265
0.936230908350583
0.647140888841191
0.538900290303836
-1.83676349324173
-1.01445269758415
1.37680373270065
0.674448196595672
-0.403270392405754
0.114610514403242
1.27481562802534
1.17746668977716
0.417427621392696
-0.231209869489652
-0.888626767207541
-1.0208564259351
0.821177666365163
1.31250130388249
-0.604677176499652
0.919073727636197
-0.340328865861264
0.183825597274549
1.23935042084569
-2.38581527559996
0.495387464580216
0.98579560800542
0.496237907728541
-1.56224153450578
1.00699543036654
1.57717030692459
0.936442957475099
-0.124951643783637
2.05516473616923
0.283542823437988
-1.88144941809646
1.52071791228389
0.984090958299214
-0.855414220796513
1.35364149723534
0.969732850118958
-0.640450931522399
1.54938203487465
-0.192638517987684
1.4459969631112
1.52785687736199
0.366687887950645
0.302101906958235
0.25374302807673
-1.11546685499873
0.879183886496522
0.226545753713186
0.116701040543898
0.580727632200391
-1.38251157190568
2.03707796394803
0.300175399327039
3.60717202836073
1.46794862999937
1.78572527184476
2.50597749559998
4.13044021560055
2.69905351006447
2.24317631072031
0.958354699299138
2.89996131725173
2.46682512895698
2.36614341948358
1.02264633904723
2.10124473350647
1.36862409262587
2.01813471818172
2.56851093789822
2.13654276256121
2.72783536040891
2.02706481325076
1.94810880625428
2.52131912637652
1.58058286778432
1.06653727701584
2.9377439986877
2.71859111556807
4.13074151912277
1.1874714402212
0.529148774376626
2.45682228101674
2.19900010399839
-1.15244472775891
2.93712484041484
1.08804619632459
2.22475957205827
2.20525477499941
2.65618581469274
0.374440157788912
2.34613452297074
3.32543414067857
1.36889856829285
1.09529635610985
3.97526766670407
1.6951181011806
2.59457587794388
4.72962248795581
3.30631161367371
1.99146185580341
0.560418762564511
0.791923134511837
2.92861116175541
0.669408842480967
2.48593222523954
3.75290984109099
2.48411044461076
3.84154368403788
2.63961590054416
1.58220124088947
0.843472104269911
0.751441908726018
0.784639724222212
1.5562333471367
2.61724170888721
2.65332716290173
4.25856255645871
2.07100185583182
0.105287172736039
2.02097647242578
2.60661406533267
0.728865642185513
-0.185958013809263
2.98732269767612
3.78269671081746
0.58745814382527
2.00851070131117
2.3279157499575
3.22842662386407
1.95296535443238
2.2079213451057
1.68347192925017
2.74305349737613
1.33866634356861
2.80679245992445
0.88750221991568
1.64262860392445
2.2753610227164
2.87929337884165
2.34994452654965
0.892283093302878
0.723502645646163
1.82224538211494
2.09399390534271
2.06568932181315
2.24407258942936
2.11867412335056
0.182394386856965
1.14449714536224
0.745987553153775
1.87366693645708
