0.445586264973318
0.980681688032609
-0.324514063006242
1.46035472449592
0.0718703849674294
2.31271332411255
-0.925322827003496
0.749774217800592
-0.981013450144882
-0.768967967657454
-1.45670101605367
1.5512431848722
-1.08232700373025
-0.468295698994535
-0.761521414351675
1.04231236511823
-1.03870225495866
1.75556334631399
0.872597394537294
-2.94090911915335
0.242585778139631
-1.26403317626628
0.563509336872527
1.09366235539078
0.609548909767573
1.1532505731492
-0.190769480458559
0.857868653625245
-0.809592458223051
0.178414998897388
0.741637620816022
-1.24565507169709
-0.243891850304226
-0.379465999606887
0.847204095638238
-0.309001919108474
-0.351968183724133
-0.779628632074634
-1.04628220351628
0.0636655517809293
1.0740644819713
-2.04983480000417
0.425449082782825
1.78943240616982
-1.04418373183662
-0.160383452692333
-0.406890530159565
0.000709408075161077
-0.424568069365059
1.41409979565448
-1.15953844856738
0.357175560354102
1.29603444537196
1.19530380002679
0.278387441568409
-0.322530523952806
2.6481423970873
0.0334140310087399
-0.50398555366517
0.214103573747351
1.17291648823434
-0.06622089761714
-0.898436624201677
-0.106638514179647
0.459477087136053
-0.491610082315767
-0.468938216890848
-0.287388532129965
1.90705833381187
0.453185256336524
0.452793801121083
1.50532927899198
-0.113934661424226
0.409314503770219
0.398982587969771
0.371967038052346
-0.0639244309468503
0.0592330107645094
1.06478316669691
0.407228148110511
-1.42106457185918
0.801520933908314
0.426905417160317
-0.0159372406510291
-0.26659499636085
0.199967197164142
-1.1881082371195
-0.785636368030036
-0.0614852422502316
0.475940437176179
-2.66403958559709
0.422104758289203
1.46872834474469
2.18154904684072
-1.71664732610935
-0.200072187254843
-0.512447926371717
-0.410859812058259
-1.01018812342044
-1.17901896231409
-0.653265826358583
1.61153705054913
-0.738424196778564
1.89484639048102
-1.47440097323261
-0.488130163285826
0.213264203709912
-0.237289181156039
-0.540458206458387
2.30716851224929
-0.775099992912046
0.0598387505791413
-0.792533149199339
0.469747374613239
0.325447507314073
1.18524079350423
-2.15129698891619
-0.854797216962938
-1.44443192379211
1.05368154741492
1.23968449725677
0.745348335572371
1.57564928248563
-0.275255309503137
-1.43017278180929
0.629302727968415
2.25744868730165
-1.18613783555151
-0.491689079826422
-0.0577819968651234
-0.270667984272103
-0.76615555583226
-1.79163134889941
-0.95877321792196
-1.09226402956696
0.172511291197788
-2.01823509825563
-0.571535703213631
0.0926448888035451
1.81418948174737
-2.12483921939902
-0.996534053482563
-0.338780522064203
-0.959236916763732
-0.531352519120169
0.683540205101383
-0.0977438459129513
2.00947031367111
1.52777376225872
0.876778912758618
0.989905715639212
-0.519763253004832
0.0172375332294717
-1.07401187589112
1.73803695945333
-1.08682118789568
0.455602680051833
-1.55914396452092
-0.275207602534411
0.465223888548029
2.34367601063991
-1.67393037300185
-0.492185045213165
1.83506014800422
-0.206556796245526
-0.517937840679303
-0.666342473495332
-0.57624482243585
0.808057977620635
-1.3684898389074
0.319855348872112
-1.39076749025849
0.694861401418863
-0.261692416033453
1.76929764049562
-0.14932958514896
1.10274681240777
-0.892146568168399
-0.158799367810855
-1.35975858474706
-0.505694021913554
0.997657531328004
-0.71342241627894
0.607551679369352
-1.42041875914123
-0.601098934558083
-1.57363032963813
0.862300718612426
0.824021979944588
0.0664950344041839
-0.498701165121583
0.119278564323161
-0.416409427045382
0.350812345663979
-0.501359312509585
0.580776759316515
0.290883090662229
0.590157325518321
-0.628309468869757
2.08056425752236
