-0.70023074439664
-0.559870937455426
1.18152370611325
-1.71743993810184
-0.827983252410746
-1.15853449824973
-0.0269877437388932
-0.0762867709477198
-1.02384586625634
0.24734857708774
-1.31113362973085
0.494782970447061
-0.384676042761493
0.42960070387503
-0.906386023516792
-0.38298851860292
0.364453985085383
-0.553931677999611
1.74973242580683
0.310072028763771
-0.171639797810665
1.29052934288586
1.15968209964687
-0.0505211018439803
0.940514563987225
0.712540571813494
-0.334950013755802
-0.941786030154477
0.735615174763216
0.986740326293973
0.276236314943325
1.19140174033712
-1.13762839083181
-0.806619171369692
-0.668801256536625
0.148363646999283
0.249291372453222
0.453570298790486
0.78667453660461
-1.11545890648126
-0.301677216618514
0.55505087276654
-0.576624819420967
-0.388339539948158
1.38501682000935
-1.74826849340233
-0.317297107578505
0.24075425951722
-1.60578516935606
0.00411681103743798
0.193825725289195
0.955006453021876
-1.42270853725114
0.967301663934971
0.23510963287806
1.06136915357803
-1.55527984362214
0.0892960976301515
0.894482344730114
-0.68202098650903
-1.03356687758412
-0.327507832914695
-0.452305087656128
-0.818175782082071
-1.335387273545
-0.671515809787836
0.749996478051605
-1.09089670313026
1.47879494939022
0.612109273251046
-0.0247073011610028
0.979635536860783
-0.155942985645702
1.19021426940401
-0.173277661098227
-1.52663892695542
0.754984294170886
0.0103258881227994
0.0623908497234784
-0.743493792675347
-0.281814133607004
0.537845371209277
0.711558687987825
1.28552352728239
0.551113237491643
0.239952449176195
1.96704577066329
0.161676417702379
-0.239236056731046
-0.139240187145199
1.84707917719267
0.809364830964194
0.456204695482607
-1.68261324777853
-0.180207849809906
-2.76388045841269
0.202864023418304
1.60551673279515
-0.35093741305445
-1.58912054219679
-0.699079827081184
1.09740913621949
-1.02549603994297
-0.732648385070098
0.829909126452708
0.314229912704252
-0.818935689575796
-0.0127710031257368
-0.97348373390542
0.509251236626873
-0.192447013870144
-0.687226876040442
1.3480920502057
-0.637471087637853
0.52901011763078
-0.548285716863735
0.0577703306107974
-2.66849077962799
1.26084830209622
1.59286594672025
-1.24448945987012
-0.550615382973056
-1.81098445070598
0.534147994874174
-1.67995549793501
-0.656362093472935
-2.22160289172517
0.392206093901865
-1.15328425823885
0.0238416557237411
-0.841926900993168
0.494943502098912
-0.890319354254009
0.267646099107447
0.0834235504215475
-1.50137354603601
-0.580465716777671
1.71985506615554
-0.436818321107454
-0.338438225998406
-0.535390798718567
-0.702382351095312
0.515501330598098
-0.239965024654582
-1.57930755136252
-0.345508164336438
-0.885533607782493
-2.00831386262741
1.15200536867348
0.763715947825969
0.111486886627349
-0.791268838267573
0.0970072007771541
0.207692966063674
1.73287479038566
0.290428043497734
0.72489606636897
0.454305503177148
0.0760412696931971
-0.47946303163984
0.655165532359153
-0.906732393874168
1.11250855250023
-0.624508157419051
0.293301258693028
-0.491166805983857
-1.83620740320553
-0.760966949911426
-0.499132973061351
-0.067594906465277
-0.469029746465482
-1.22734840737829
0.0921637093347982
0.485828189444033
-1.37104181275859
0.3852080205714
0.240912447486208
-0.504615588694111
-0.00342371268749293
-2.13377903358174
3.04451245267141
-0.708162087610468
0.149055324726969
-0.200253300385388
-0.662308193933042
-0.822220120111817
-0.264258820377716
0.206878754207299
-1.69882555300578
1.39013563086683
-0.374747072983229
-0.313089789746531
0.745834217413023
0.620308094851663
-0.44655456186095
0.149987618635719
0.397781099441916
0.634061412836302
-0.537134784900396
0.558531903854303
