-1.55730418887328
-1.44049480451385
-0.688095627815618
0.0925146794806688
0.406724321102032
-1.68856639474923
0.975577755716678
-0.829110132835381
-1.55857829612596
1.32271598512903
1.18045618864913
-0.0711479953070465
-0.750892685565599
1.54128177924048
-0.561687061212327
0.504272859994793
0.18278725962375
0.257654349752227
1.34359083408784
-0.75476699591363
-0.844933411539162
-0.2896829545935
-0.897164304376675
-0.171536995096657
-0.408977957316568
-0.415463614367227
-0.909576093119195
0.628210176354518
-0.888016155007345
-1.22083820741252
-1.20029521145395
-1.45065438083764
-0.111543735302467
2.33621586513277
0.166392651364112
2.95699687654002
0.0210861900035432
-0.981183931339103
1.09767554231212
-0.758026857262739
1.34459485465111
2.83201396663653
-0.840128996469518
1.11513137432268
-0.269806436984478
-0.200553753711895
0.0695326666231743
0.974361401657422
0.170482299602195
-0.997077640858076
-0.45486701862971
-0.282083342779454
-0.589134403479477
0.514542854124584
0.169603872497099
0.399767679287966
0.355149796512248
1.9183857095333
0.34968452315207
-1.01315587465614
-0.375226968520391
0.730798484090133
1.43272329448278
0.476854814510574
-0.18062554020181
1.34434458431747
-0.461059710924656
-0.491404203970104
-0.308979840172466
0.924431783584656
0.723195709907167
-0.50264332408897
2.23528696735345
1.48331037083306
0.440503481592157
-0.308121979253748
-0.167598193871264
-0.432647267753405
1.81286450488245
-0.797566530237377
-0.448643749722785
-1.30261014140727
1.24471629964438
1.73644656090162
0.25214653979083
0.218703298190095
-0.414291239153159
-1.45252632665696
-0.516774688430258
1.35515268000216
-0.0186885060414665
0.305360381194425
0.40211156632278
-1.34263462156099
0.792699271760901
-1.05381414008597
-0.6290408234871
-1.26573234779327
1.08713511910149
1.50155249328726
0.588648903175162
-1.48188452203339
0.46066490441927
1.03045114479572
0.339100244493869
-1.19976264245234
0.654519046760389
0.585450166020889
0.547942870271567
-0.290001703280232
0.253558109277054
1.23560775037882
0.657927036632142
-0.757483726913065
0.223201508939498
0.0654239897407799
-2.41572552635835
-1.17740322008511
0.64722053164821
0.370217582993159
-0.34238427694844
2.97935109610064
-1.38786163850418
1.03610015802911
0.792602559415234
0.497425451473255
-0.843104156766733
-1.40407736425738
0.214020710590386
-1.60236647561444
-1.05598368826982
-1.22797976207911
0.788518197584803
0.787936668054438
0.541751811722269
-0.0301715394066891
0.501093429609632
-0.212148306892573
-1.3934740543958
1.76097763536593
1.26164871173596
-0.227695746984885
-0.471741969995152
-0.0224989063980997
1.72431954658634
-1.28308808336204
0.226098299886496
-1.60216368546291
-1.56435725712565
-0.0389970474560702
-0.250618418720006
0.0564489844978129
-0.609515921255476
0.0319725829831656
1.47580267489053
-1.22608547719647
-0.331070047411165
-0.073011049501924
1.59604312604067
2.75271151357731
-0.146146422954019
1.17011034444373
0.28755746120739
-1.95779986842915
0.215188438147489
-1.04774353093676
-2.20084169482434
-1.04902392719911
0.75866860893716
-0.387299578935467
-0.527231778193632
0.237396096894077
-0.188893161509731
-0.730673409899622
1.10975903944736
1.13059233950442
0.21794030266042
0.284714830684568
0.292496440017192
0.30202717722872
-1.54361367264385
1.02687155457883
0.245483089483268
-1.5009786402739
-1.61537155295584
-0.827835156847967
0.739257362848498
-0.532143905201569
1.26172929355136
0.87910934414956
-0.562655602823293
1.67167301221414
0.129384096829951
-1.43502812942718
0.283573964265685
1.71993396824465
-0.803428774582154
-1.39635011584159
-0.585513451614847
0.436309525106077
