2.24194619528044
-1.41569446724536
-0.328307735871745
-0.0663685861033837
0.727928996410072
0.0711696904535175
-0.446106754493284
-1.59725224838515
-1.32124197959185
2.07164389777667
-1.67946716139658
-1.13395140609534
0.556437538801474
-0.928546257534046
0.27194725914726
-0.612308171689634
0.383078068207306
1.68729049211875
1.3120750722688
-0.344620822903538
-1.02799216354387
-0.947277748592215
-0.63941357338621
-1.28416872026011
-0.615313474985357
0.0198835622103084
-0.641554854326334
0.379559750921584
-0.693151957561461
-0.0168764623260987
-0.983742209061979
-0.182531905909053
-0.541512152816166
0.413203901798804
0.769664953153617
1.38673346013857
-1.94033559309237
0.922370491387283
0.314685201000576
-0.25378466844483
-1.03369722258469
0.978668545791473
-1.19810036931711
0.651943639147685
-1.04880998026192
1.2675324723796
2.61194431619934
-1.06758324771454
-2.00301654210039
0.745833127019766
1.23710680677914
0.362078927129589
1.2949629837721
-2.9143446009579
1.51103947438341
2.47445164388586
2.10549954572711
1.37690990516605
-0.436998935492474
0.0456869445214141
-0.0776204658215183
0.482712137154093
-0.505617218825496
-1.22406037037532
-0.720822249218431
1.67632246598085
0.415905737339484
-0.464753319032744
-0.671097881155174
-0.265248232695334
1.69785279319156
0.351023139069753
0.917172224675068
0.127332719097851
0.310668275008672
0.100155029846618
1.33059807399697
0.0118168086122974
1.69287868942479
-1.69106726603719
-1.80868566790091
0.165591344130355
0.395075919923012
0.0461175339918767
-1.28122407882545
-0.596521068771136
0.303413559765019
-0.558737624035222
-0.691455849989844
0.226015240884571
-0.185500436309131
0.150853503179684
0.556755195389993
0.594833670330023
-1.53221578270695
-0.307673090864349
1.23967175978986
2.98167322134795
0.364081381010056
0.0825771170523701
1.6309819914349
-0.153974242123696
-0.0157149110286574
-0.568325682820881
-0.797313050250775
1.04648027443857
0.448257121069305
-1.46215956772931
-0.153820134772296
0.0569560954016219
-0.617379425995438
0.617947184969241
0.0628273090855435
-1.10918962329662
0.513275213013309
-0.498574304628615
-1.18068951432492
-0.861550002587978
-0.650702871713563
-0.479655708176394
-0.229843119759459
-1.25260141846314
-1.25647495361062
0.26209704139746
-1.23198164775042
0.379867965925826
0.113613504645518
0.578664659926157
1.93331471484667
0.935212123777687
0.893212767841962
-0.451879941332625
0.257760529324861
0.507945600306954
1.97484738987161
0.197237664541298
0.734404009730875
-1.07932437622612
1.91041444749223
0.526215604991985
-0.217841849755977
0.183314376682984
0.670942026470198
0.0176696953691914
-0.342761785741632
0.498144223417861
-0.48910796812703
-1.84364371915193
-1.24129273463032
-2.02081990831817
-0.227693386004046
-0.166996823948425
1.3946250843343
1.07834821654773
0.436081144509242
0.757972887451371
-0.431001814978642
-0.593887996649315
-0.735329679209472
-0.103730913061542
0.180902307809035
0.763804601917135
0.753977324113238
0.779944877397694
2.34631859631233
-0.684591449645494
-0.0619189852785959
-0.259184481837598
0.0803355473311593
-1.11810110176443
0.492359880112366
-0.479914429742029
0.176927454268529
1.21202137369083
-1.45478611803654
-0.727396845765302
0.463911702897349
-0.617000407678473
1.28329218235527
0.109315277175169
-0.378201206667679
0.313796264764137
0.409285012794575
-1.60463789840301
-1.4249427707211
-0.186412044426044
-0.1983394483926
1.70018430436866
1.77190524623316
0.692711783025585
0.275046015152424
1.77015798377165
-0.397416088791695
0.814266166019203
0.340203084553543
-1.07695229582275
1.46453975604999
0.885714477889228
-0.562808488855025
-0.638715795034371
