-0.29350059677278
-0.627748982520034
-0.344926426351215
-1.06967878026492
-0.692851103050615
0.950022051090045
-0.0657890741962149
1.03929227521326
0.215580696119149
0.00220216365767878
-0.463329981592603
-1.79674785026273
-0.548783357021227
-0.670270582698533
0.178899296414931
-0.859015221355524
-0.886470419420617
-0.169924414406867
-0.136111174180161
1.67604324027784
-0.900718945202363
0.659757376810652
-3.27954639842151
-0.827083734190485
0.483914331147786
1.09945906452462
1.59565076116356
-0.700837312246338
-0.256186410328557
-0.250388415277499
0.210974716096869
0.437799064425633
0.337416591519068
-1.69474905728576
-1.8586914266324
1.39898681481986
-1.94083010881754
-0.356091600387339
-0.362111566059277
-1.52050627496606
-0.898865852654506
1.08689028818399
0.455933485473521
-0.358993611949812
0.88272955938468
0.812900292682106
-0.680359841929933
2.14924168152329
0.0509806488470742
0.962001726727206
0.738468615041814
0.272712776279399
-1.37749455874906
-0.635369310012247
1.9827645966073
0.228772447460064
0.00572534127679715
0.069087776120642
-0.0428546176337204
0.45627975803201
-0.327761453354402
0.323837048512981
0.77080919551892
-2.17017659990409
-1.24900487399841
-1.00950577497212
-0.129148504581194
0.773077655502434
-1.50648007004329
-1.63149668021647
-0.0526235715813162
-0.280943628319079
0.515992677341298
0.263546533122798
2.00222909354201
-0.272149641701711
0.987446888064599
0.725648463714373
-0.702684127373116
0.495554917475877
-0.650875598601092
0.232644047736939
0.133054160394208
0.675205778071674
-0.390006005931139
0.590424822709099
0.440701533849089
-0.497102426795082
1.76648029263774
-1.09127446939559
-0.306838110494416
-0.931529320989618
-0.553273364026
-0.581810229253718
-0.534683853928555
-0.130697821420612
0.242470036144503
0.016885112152755
-0.0211597635868134
0.943406211057124
2.25457549607637
1.52099744833252
2.22202666925678
2.27814577672192
0.937393007827429
1.5398887308461
1.93008229858832
1.44770684448064
1.89145133257434
1.80791664174692
2.25892798542108
1.63751684218977
2.55004309408748
2.71396328896178
1.8797959673918
2.98022729462603
1.77073168515945
0.458960727394267
2.42014220534974
3.06371799024015
2.74720884031833
0.541328456031143
1.52201308359916
1.57668149847873
1.01158683747258
2.70180900560676
3.33543972901498
2.46670769307901
3.51705539247756
1.42075823241949
4.20732076571089
1.83251833784438
3.01163543868339
2.74101788499322
1.8070831444835
1.22485229848256
2.92828546250396
2.26792360705296
2.57473260947936
0.419948060497172
1.82589166585153
1.85447077418216
3.28802599618238
1.6497402531728
1.09853324327949
3.13409453073693
1.50349807657701
2.83709053645114
4.13723836207273
2.34128835787037
2.43422953871871
0.656212263467192
0.776927676752262
1.99824214316407
2.30178642942476
2.5968926258164
0.464764686758511
2.13597962919831
2.65375109520448
-0.0093091152451299
2.61587860145214
2.30845479652808
-0.672381415480121
1.32232771683481
2.12354980097204
4.05148172901751
3.1057578939743
1.28718602116714
3.20615117555174
2.25815416640139
1.21829711074233
4.04276458979108
2.22769384806677
2.22156681383354
2.2884175798182
1.58843942911848
3.32682581609306
1.93778701374663
0.834277647689211
1.34441373697681
2.04408496943907
1.43256594016886
1.68828413338249
0.340751482036642
2.20304981451933
2.44255308326172
1.50023051890508
2.25405745800038
1.11542368064495
2.14580124490056
1.02939863615956
2.21458866034259
1.71057312741028
0.870284047632767
2.36190273928801
5.13050066641181
2.30545286865039
3.25069343448126
-0.0602243363926625
2.68093496914546
