0.67776116764995
0.92044287459836
-0.523687202434774
-0.828403973011614
-0.631409523041952
1.94085720202943
0.0788446133040788
-1.47579070236893
2.05070315673012
-1.25604105352436
-0.169680011596211
0.524718311910349
0.919847823727077
-0.311242527753702
-0.500868276563812
0.475681527393738
0.976885197840215
-1.23201970493868
-1.65884885995724
-0.0428598308795322
-0.315065404427621
0.411190666262761
1.70913917361542
-1.54939959759239
2.04346255611939
0.186648231577008
1.2279676224058
-0.347572700183023
0.345467310431093
0.920320519610311
-0.379060714231664
-0.547428448728592
-0.487986552010509
0.202317617515563
0.318791142241879
0.515678589202547
-1.3597630519815
-0.064556236482296
1.18512969592272
-0.425224182350208
1.87758761157135
0.326192230860677
-0.010257568546835
0.924120728395147
-1.03389124724915
0.582080298167706
0.105420134061155
-0.669409563163637
-1.71849786099212
-0.624454359883305
0.464273606857926
-0.169263577172564
-0.859123473096342
2.28218434101402
-0.866513429093745
0.605970964487228
0.642165766729271
0.54081026044745
-0.790833662316197
-0.285715584962434
1.06013675624545
-0.29772840832034
-0.297973820230463
0.291917559023362
-0.705568045342035
-1.34221731753075
0.695980847002414
0.678476562513568
-0.0984915432713155
-0.272443683544952
-1.43212207900522
2.12680210372026
-1.98299809431844
-1.43800454428845
-0.866025813022933
-0.0053081655556326
-1.26932157668984
-1.12801154717368
-0.548518547665631
0.785423272969764
-0.641060283210702
0.566403101061642
-1.81785558920081
-0.553906283341891
-0.122432659492933
0.506662641203902
-0.584796825676671
-0.761228034299295
1.51084442947898
1.16878204376828
-2.46905375075037
-0.347883021747226
1.25225373819228
0.748927197867821
1.3502435317168
-0.91309400032329
0.035591203676954
-0.480773614828726
0.625040700401576
1.03438903168699
1.95825778208199
-0.599136155545283
-1.39574556802169
2.14208987370399
1.42769337763532
0.551879835919887
0.0206416575768379
-2.07953761911269
0.0581256987152276
-1.18741279942356
-1.02955748633009
-0.0400836706922202
-1.29899542444616
-0.230981528681252
0.834867405109169
0.618830596117996
1.04956004181224
0.53189314321486
0.751416112491848
-0.240356763400703
0.0941305634809986
0.283312997011737
1.09994624337669
-1.00871742999637
-0.390132638719629
-2.28240855731038
1.60363226782472
0.654802099137441
0.668324860409137
-0.408416154692426
-0.0132249761250809
-0.628203833607016
0.49684384288545
-2.55718794319817
-0.658593863014523
-0.359421698003326
0.298829330262744
0.466837220144491
0.13000508777495
0.919517400067854
-0.0441961044664539
1.09518022286236
0.780163474411401
-0.314455809879578
0.135610108687957
-0.122443395841833
-0.98420370555196
-0.84678786697284
-0.913536678936767
0.595330040684536
0.195980815020319
-1.45129964728626
0.999371605453242
1.33517706133463
1.14746124590852
-0.613831799368358
1.31712470177361
0.0856051534000289
-1.32293466715967
0.0202267063616812
-1.35052031539218
-0.147744060630478
0.140726478118851
0.371700791039834
-0.279322760704452
1.26131606718072
-1.46461346022083
0.470371935183104
-2.38461543117095
-0.399575695830318
-0.474396005288588
0.489042267467572
-0.487275662802835
0.353826462603159
1.00159619399715
-2.05650072329952
-0.445075059256372
1.96769914201171
-0.238133691900935
0.0584207189774226
0.292484280996716
0.738789450706917
0.553332910799799
0.610271879740082
-0.338606717862777
-0.905321976888022
0.89757942134668
-1.17304198308318
-0.642969573442144
-0.0856889284973507
0.11095520815531
1.08627152248772
-1.20840036995409
0.115763648710969
0.445429113975254
-1.40905452365719
-0.0833802975421287
0.328224684559999
0.612008206583841
-0.579661941963784
