1.01865605098453
0.125191551866975
0.0488642100478158
0.704246769516774
1.2064858702659
0.579777302979156
1.37738178304239
0.603714219952345
-0.213523622391129
3.44502389629337
-0.11286570697033
-0.346480225426443
0.703500142333188
0.392797360136156
0.470967651640001
0.747280360935561
0.905174348558433
0.51699563400965
1.46601900765859
1.27419610751824
2.00952793787469
0.667467768298555
0.0586301476956484
-0.28075194145734
0.19939257868012
0.806810144540376
0.679402533087135
0.343967513994828
0.345448018423987
0.142670848213832
-0.148942461808921
2.60725203432253
0.216313150668812
1.12962650743567
0.292144097087101
0.750696028972882
0.155626191108541
1.23449623362827
0.540665281009292
0.85589877362581
1.73390353084184
0.826805587264134
0.411451378857772
0.648582264158925
0.814041038003392
-0.133627548928239
0.332939509267318
1.94923056541091
1.65306296055594
-0.346253910354932
0.610627380766158
0.245201411846846
0.514832557255176
1.5917092615132
0.405074829179706
0.986009873914078
1.44942021650237
0.768689066458986
-0.314986575172662
0.296769168045503
2.30825667503515
-0.0524518000782176
0.578520867171599
1.85269933618662
0.264676430936789
-0.3934114835866
1.93269049086234
1.12167918368261
0.350387554727965
0.673092963996041
1.88492650804383
0.205671166626439
0.490650013687373
0.707606803037692
0.357944454078376
0.965389735143659
0.88697319353171
1.42856108336798
0.319550001214856
0.39319846006347
0.701072526355648
1.47312043034247
-0.233772737557975
1.24911157727214
0.0421824837306801
1.13330411738281
1.35209295730024
-0.326042352730132
0.3662489969993
0.851875735171045
2.22849153348376
-0.420478935090253
0.755865930308451
0.552750412920176
0.502616491173003
-0.117083103816613
1.61154568421018
0.612121915084998
0.273823504550416
-0.121518188864274
2.48909697627595
3.45364385278873
4.39408463558655
2.57443987324848
2.27294704156658
1.1068655564855
2.19878639191813
3.07796208465255
2.33689984960424
2.50573977181598
2.70171101280068
2.33484651916553
2.36681488034091
3.73718686413734
2.76386363417159
4.15293364023055
2.67697379209811
1.8740041767802
3.07980633739584
3.58668574746112
3.45857571342872
2.24169263458144
2.30804668222927
2.56178969997249
2.2462181887287
2.88186411229575
3.54028809059574
3.42984216302834
2.04141855135696
2.07198741553085
2.66186531635032
2.26999700600767
2.29558132703871
1.41931898542315
3.06102319565593
2.41934359221549
1.78551379262545
1.52764911559438
3.55286436070328
2.36939357441814
2.36119350559344
2.60684736507099
2.64305211447537
2.78462528827295
2.42666684958948
2.39821198822133
2.21708045879456
4.29784285679392
3.75074766301026
2.02049460169776
3.05551142994824
2.04222517625574
3.918327196843
2.71764427621812
2.01635354094577
3.1225710089004
3.25308535603305
3.03857345375361
2.07876209290179
3.1243359387345
3.29669549356039
2.02980576796103
2.69600354711404
2.56022620874027
4.77372939997726
1.20483060484115
3.84341680927829
2.05067975199156
1.97614178066773
2.40774362180818
1.80863493415571
1.83513634800955
1.55506842581515
1.14445805742722
3.8156856066663
2.18963826041786
2.30850297781699
2.0095353214574
2.34857496766709
2.80635598298046
2.83883300937221
4.35123252829945
3.21019865849833
2.85580111993755
3.12896043418844
1.98235426250126
2.65064642366236
2.61628534664654
2.3155908473222
2.42961024435026
2.52809379318367
2.34664279011327
2.77277042978756
3.12655564844355
2.5199095701176
2.79389595390884
3.00365444660002
2.76739801230874
2.83349689585436
2.89145970625544
