0.0596988422469457
1.70256501696076
-0.0876320346668503
0.641312608002164
0.567560120224416
1.37366000525779
1.02954530059849
0.803983275504424
-0.0874509628380593
2.30498075691846
0.912227517600224
1.08611657685886
0.75042502841771
0.252813436360536
0.400189831048225
0.678159535148912
1.62097381864056
1.13765561811275
1.526537551139
0.537905696530526
0.915092936642665
1.33513008627226
0.421208930901555
2.55295005628274
0.873648928593554
0.253923515309897
1.0222005133816
-0.30301141852446
1.11282871429043
1.54554396647617
1.13266021436507
0.738477725229428
0.883387773434218
0.269295316666412
-0.929762525625392
0.868232648963984
0.574078023531437
0.483608830315357
1.83628113740207
-0.00316736845598756
0.395764955249641
2.40521976809393
1.81400910901758
0.484219075491752
-0.36434090041564
2.23919435369025
-0.394565441447197
0.176261328775661
-0.167816361089672
0.771603458468446
0.481471826594399
0.491609895179653
0.900464524785494
-0.268235673322345
-0.17766404706919
1.51238025461956
0.727179137261718
-0.11888706061669
1.55652757851504
-0.528454990802473
1.59454621299661
-0.609641148109037
0.16762692584536
0.835353848610255
1.96761859609587
0.626852340656741
0.330562001083443
0.572265315419812
1.79900709041255
0.118482982695105
1.95727295450478
1.25058051164004
0.611038438361072
0.799778795409727
0.474699554571463
1.22711290193965
0.720577195131612
0.515686042688317
0.783831076904258
1.25651432255204
0.838868630720822
0.96091842238625
1.15039329654024
-0.0793847852689327
-0.170334727103455
0.985360087814046
0.873597749865159
2.89474372567811
1.45570965647189
-0.10137778757045
0.542238159042506
0.655042614363744
0.429356037877115
1.90861380580769
-0.419250519260802
-0.278892383265096
2.0404972134084
0.542305830551729
0.861501148955282
-0.271755848602331
3.15256187168893
1.84610409766604
2.67149912979105
3.68392246991221
1.80953482589138
1.99489307622899
3.49930233466193
3.15826781806776
1.66473939415674
2.80600984629126
2.02610629423946
1.85525155420546
1.94287317679493
3.87164006051489
2.87156746424301
3.15840600910593
2.04760981139355
2.81354259853461
2.12766594456087
3.09924876525367
2.53417749557613
3.87460330211189
1.94659421571548
2.19132632272565
1.63408977838045
3.18580089545874
2.1747447618619
2.13936163851144
1.95170255140725
3.25221881662421
1.03725267650119
3.41121744063664
3.64375452884333
2.79273688174888
1.84049076989883
2.86772897476713
2.90144518519684
3.11701734946246
2.87752072214601
1.75536881344159
2.62347234318611
2.33026940739459
2.06695990239287
1.81025334476856
2.98846100134625
3.30563384545099
2.6578858554349
2.26930827893508
3.02858639352209
2.71225578081967
2.42813549240685
1.99288974978859
2.27146644144192
2.92397048734737
3.17323560519379
2.14467873847979
2.76250756561093
2.24480266922432
2.14303308643612
2.95885895021185
3.13249299344179
2.4237719657496
1.95282434460311
2.46400229875051
0.872158104132716
2.92098267707383
2.37833016172919
2.1589501007442
3.15219328963029
1.87709797298365
4.06240620672796
2.12346581853655
2.45810392874193
2.97090555333893
2.94608411622637
3.24842244001783
2.22888420081782
3.08161418112927
1.9074342420821
2.19623746567601
2.74265369238593
4.80592591931656
3.25409678344943
2.962075353875
1.32863071890006
2.63692255236559
1.99987407504969
2.6108883288151
2.4856160984334
3.06985216190666
1.63941924278471
3.69442891036497
2.1721124508855
2.46363705410604
3.22602554731253
2.8742186638831
1.36029002700313
3.2471709638532
3.69876364140248
1.80410491585352
