0.574766117493841
0.61346263010482
1.08866125357964
-0.0900640460266957
0.661376369949633
0.903958500461789
1.03164772584919
1.9643144517191
1.36614471243593
0.854717382890473
0.163852766533922
1.95965001448659
0.860941651620613
0.637957738332326
0.381331008542415
0.0542158028311971
0.702973736928422
1.78729811649024
1.06992969333132
0.635281225885987
1.6625603885375
0.675439581100117
0.606769584635829
-0.447636182838096
1.60449001997267
2.01617008612467
1.43847366568915
1.09535516476081
1.02567120755263
-0.0894156765235808
-0.0625966890453829
2.57216691512794
-0.381775505210709
1.35048260120242
0.0193318393683214
1.03733097372042
1.03948061967948
-0.268580333031895
-0.116785351550452
1.1560561691607
0.953633912309194
0.537574350111699
0.566214247439747
0.725925112366526
0.999837861744748
1.11219157284916
0.8544357965913
1.71285978617074
0.0785611035182295
1.82383014253483
-0.182372231443002
0.970862535713394
0.499126888760743
0.923327851969365
1.00536577647408
1.20325595833881
1.29452720159646
-0.307236794810534
0.495904084783924
1.44573276322562
0.201986563292243
0.454684833115103
0.419497980315272
0.210375890006978
0.49674929105174
1.32472540095731
0.324427751706472
0.522846930070398
-0.376609038679887
0.539118015635942
0.386458165255319
-0.0712775763675876
1.31532514025405
0.660990769463688
-0.227278286093378
1.5296872834157
-0.360466692670445
0.741960842786212
0.496452275575184
0.358566648761185
0.379587649900599
0.286444725184754
0.387516335129183
0.713828444089773
0.864880337104871
1.07305168335605
0.725697386265846
-0.0484833499642695
-0.0115837010326637
0.66046287108124
0.731511764242832
0.309809988137697
0.869307758614057
1.08791493486978
0.745614461233386
0.596385099373006
1.93277976654168
0.919805332438285
0.027853659046512
2.18042642469023
0.628359794485206
0.33454628816498
0.962003203664265
0.999343461113003
0.0130921020608654
0.209679862289114
-0.0309889763371453
0.408189712084222
0.639118517262939
1.11877789455147
1.01723483943986
0.417208763073783
1.25306385428435
1.3554999133652
1.16610747962553
0.638432446111579
-0.210655640735547
0.299853529021166
-0.204797979820064
0.498733791351604
2.28224744739279
-0.248724627042614
-0.0604059392718083
0.563003921423105
0.82917936951697
0.949006416803417
-0.396160836180088
0.536180040298533
0.338285498704702
0.875369902736409
1.84688927888269
2.06940434902766
0.307928250076372
1.18550465027262
0.0280957282112229
1.35504053203707
0.901152098042253
0.751631870050412
0.733476205101106
0.866480965082748
1.16885496077425
0.757277484932011
0.507666153280524
0.663897239731997
0.870281680485984
-0.128587803253689
0.233715733220817
-0.350529078145784
1.80788430980688
0.0891081435137409
0.0795328680335388
0.497898519098735
0.126001222819689
0.142834503959507
-0.0159080120033852
0.185523772592198
0.045783703032917
-0.251704347895838
0.934733347501218
-0.23665288395115
0.0836561778158153
-0.373956226847428
1.9961105334356
0.724962692858012
0.716556172135468
1.31904048948098
1.0367034712211
0.56405312805548
0.898064283457972
0.982521133425011
1.53586995096409
0.557340815482968
0.0648951169806717
-0.136588492610002
-0.351257144997885
-0.145168196214509
0.223264799810683
0.621800124560998
2.06457545528287
-0.0521957557360977
1.55906955481831
2.28723478157251
1.51731114322599
0.376834387660562
-0.127727985815223
0.449289104679686
-0.707006688234191
1.18087651328538
-0.251622012132365
1.66213983269802
2.18475391595732
1.24521518561319
1.08769571402229
-0.0302896855781462
0.414620127646434
-0.244117178146501
-0.0998715989476708
0.903132357199501
1.28406498645734
0.992517021037953
