0.191822941544125
-0.820806318741622
0.979527864442232
0.540129321870561
0.934337897263194
-1.23677190126385
1.56208742858292
0.940074973419998
1.05383010958482
3.00210474676994
1.0887832859111
-1.56553617122509
1.23013529686859
-1.18524093474573
1.44386646220073
1.85884495271615
-0.184916684726231
0.592072010731017
0.318572585520162
1.35085179429451
0.492232045718064
-1.31991873994646
-0.64327882025588
0.31601883321285
-0.933606692693288
0.179177707446396
-1.13087165445727
-0.905217242943939
-2.00956238914639
0.0659332703298042
0.212463725920126
0.129043390352146
-0.401877122121563
-1.80043437932492
-0.570309459641157
0.226527709708602
-0.196515997174547
-0.102503911096751
1.16180293608735
0.0522074849139972
0.222867894852517
-1.84319473238831
0.211732854221837
-0.948650626125687
-2.87176566753521
1.61280154493214
1.28083922940393
0.847608393425139
1.41149859443715
-0.823278842468653
1.39924065990223
-0.228285055240949
-0.32172595826172
0.16011501219377
0.239444761517387
0.0801315941699766
-1.58629234605635
0.919173678785968
2.94170288671092
0.901465248741879
1.61510306494443
0.464365002018964
-0.409827892626061
-1.18914539411218
-0.792832853811936
2.06554920616595
1.80056758993628
-0.0436553099522141
1.27349328325863
0.719919379442587
-0.155684304494038
1.04062232835414
0.65959567178753
1.02648793084531
0.395859616023902
1.92680084263029
1.70386707445474
-1.2954173191759
1.95403515401154
0.128565142988053
0.777440805598152
0.977754684075808
-0.468054472176297
2.66622283919015
0.590815889751521
2.76266293238019
1.70885004163689
1.32974782327858
0.0403522111376664
0.0107933382341818
1.3834407229809
1.12592474306429
0.0619971531925586
-0.269076516186157
0.56765653149015
-0.809472975959622
0.762435810067163
-1.26740085161765
-0.444779858794202
-1.7890875855433
