1.3698129743177
-1.29018783530473
-0.254155615875192
0.641930232410818
0.223042486473146
-0.149454454442563
-1.57625151778515
0.581783815030466
-0.746248364147892
-0.0248524521860477
0.822788725515688
2.62685712856056
-0.472714744496487
0.366788169416876
0.181322437654345
-0.0343027212490875
-0.647195668877086
0.935784591673554
-1.85196924415768
0.485358348779764
1.44104488506945
-0.603634004415
0.350055885295075
-0.81810977735454
0.835470462494819
0.685719144155958
-1.01230648827033
0.370428271014319
-0.485733385407642
0.283229569967171
0.953684760119137
-0.0195328078387069
0.646906742433316
1.9071029634298
2.12463654609886
0.579652673702756
-1.01085083642537
1.33722201374856
-0.51547436797874
-1.31218405297828
-0.817769994518028
-0.306891772759108
-1.24407687071938
0.211358052472463
-0.665499068971191
-0.0240994081516171
-0.605137501386417
-0.747723163174242
-1.29141510321457
-0.620127815809756
1.45221560791269
0.314605662136959
-0.121681086951892
-0.695499587791886
0.0451363971964142
0.587783936887342
-0.81860313249854
1.02968964112525
-0.700270989197099
0.597678540579318
-0.885105730865375
-1.46860072746362
-1.97800193125764
-0.387731323466449
0.839463471265585
-0.290655285589864
2.12875154162701
0.808105678721886
0.92143317404067
-2.15192699848991
-0.67551180405073
-0.324519057958626
-1.61084632635764
0.404468300037965
-1.90459974112877
-1.45865510308418
0.203058593896337
-0.116986681305434
-0.186658538987257
2.06143050911561
-0.495311841367764
-1.59454839494224
1.13471114374906
0.0377875361067798
0.831709242135424
0.464752747010066
-0.551467807417728
0.607953240158116
-2.9206549498965
0.516981792604618
0.147478922932897
0.531814876641143
0.726325127278711
0.013178615887665
0.714607988221415
-0.718255733278333
0.689685765631176
2.16110114084759
-1.44510251704238
-0.634896155264301
3.10005111668326
1.30943811309452
2.8514471825928
0.277278933820263
1.65620241128357
2.9745673769615
2.17655542937908
3.79348818277792
1.43172839399373
1.04532349089557
0.599850376072728
2.91745203809262
1.69089000144561
-0.0621534815915417
2.22690168989719
1.56181702825938
1.92389749849964
1.60813806869457
3.62858974421797
1.66852616247651
1.88397282469546
-0.31260620932268
1.82431905212029
0.00290156872542968
1.94847302321899
-0.51608872320211
1.08058791103535
2.31809350915908
2.37953553061538
3.37583823099402
2.83670848480997
1.84965428750553
1.92828144429201
2.36597035553868
1.44979998671857
0.966915632573059
1.21568402497354
2.27549213132598
3.48338477265274
3.28475760601555
2.53206719874873
0.797692672201628
2.63380282182205
2.88398796791382
3.49449381216729
1.61751856007389
-0.133219555716032
2.70956085646811
1.28040981489736
3.28223828209942
1.37869767469188
1.51335371848954
0.741313418897336
2.62688853783534
2.390522620475
1.97520664628924
0.9597903538985
1.70419659100801
3.92599489151096
1.55140457643936
2.17686976408315
2.07478240207564
3.18186609682632
2.87072104888981
4.14507110664584
3.98314178858779
3.41573692526576
2.42684326067196
2.58518660012977
3.64115236581188
0.626067471631863
1.29330852798443
4.04939531500532
0.902202897632196
0.114956908837207
-0.135869769377796
2.80405207427385
3.5347205210086
2.15272935271812
1.27924554270821
1.90256551833356
-0.631902555089324
2.81071831587382
0.350342770101942
0.566452940741556
3.0705211821688
3.70644934330956
3.37161953147854
1.8973312469869
2.57739028580744
1.23302938020118
0.918336170295963
1.96910801763238
1.19581246741972
2.42107903945283
3.44579449335184
3.25066364042528
0.599375063488501
2.84562469914104
0.0282126258158668
