0.966110013373043
0.176883611647149
-0.143780764431272
0.268073529002769
0.365236903044775
-0.786485537735643
0.744594181051911
1.48776992548982
1.00618716872936
0.83471155032088
0.317125337778686
0.3158734866384
1.21878394561552
1.24599811329047
0.304570259862931
0.471679451918417
0.566242369483426
-0.414177135564782
1.48216213549751
2.11500246247285
0.586742097050818
0.657401011521473
0.802368147624775
1.70117698630419
0.651686789230511
-0.221303904161234
0.363580288505896
0.962729211516941
0.947269445736285
0.262799012129776
0.221161045085703
0.843180869268275
0.653800886173943
0.352960622117817
1.11913771179632
0.0296347976464713
0.780594022818753
2.5362045108879
0.0811059693259984
0.438612929339399
0.293811726129878
0.791936837079784
0.107385196658748
-0.477908287380928
-0.763970904467198
1.86939144186001
0.169588110933736
2.01042501252283
0.706011051403429
0.612033884594023
0.559466008299847
1.26134333204464
1.08961189400401
0.983901131376738
1.33955095825823
1.57292856133583
0.996931780818229
2.00237940013796
0.0188298988682988
2.54584741153177
1.01255136372374
1.27458998313106
0.827559714314165
2.08669189374046
1.4295243900969
1.54240615742513
1.52584717022905
1.5596313558204
1.12912773205135
0.775707063499943
1.06648172163255
0.736047226395131
0.579824405309229
2.21702436877853
0.687169880620542
0.462832595969433
1.25179134490583
0.459363757927611
0.493438486190751
2.89198308589748
1.04835529225672
0.398442576102123
-0.168068408033634
1.27025406072071
2.36290551102022
0.329836363108473
-0.0565739491873519
1.39572482075442
1.24551009650163
2.27243502667571
0.0229775461746747
1.23143083244282
1.02567635480954
0.617919731626097
1.534703583836
1.6855161300655
1.92285211903501
0.54712283600797
0.222690953630011
0.483096371713982
0.795164713541837
1.51993574597496
1.50902256403994
1.11366685715743
1.64585780878541
2.64389766194125
0.349608311823577
1.57479835370329
0.576829788313937
0.547048085702652
0.731827481637979
0.63410348900654
0.441464485378463
-0.097453905667346
0.145927907491958
0.428148627333341
0.689392301209892
2.3012896257032
2.29383994480384
0.586584337797265
1.48737505201552
0.805856632742155
0.286043741668084
0.369468677307254
1.74746955764138
1.88301122947481
1.22148728543464
0.621814821655311
2.32760173722449
1.41583557144685
0.796381649387187
3.52289481584397
1.35710321250992
0.516778733515744
1.1890973405293
1.15645406762334
1.01483591119841
2.58329682136139
0.7361980780393
1.22218517385935
0.864745987952065
0.124932186555347
0.143384296447492
2.07351837209029
1.09084249580184
0.851534965446681
2.37276300229216
0.432954688132774
0.473609640463974
0.135093432858693
