-0.26993078443673
-1.3142754094963
-0.23992336125024
-0.463333613570847
0.827877225842277
0.461635945236118
0.0959012907303953
0.0653084540326159
-0.347650016423083
-0.853400125992341
0.670900716018312
-0.150287337635579
0.262475578684859
-0.148460633914738
-1.0584653046986
-1.23148676738015
-0.247886575693235
0.296969140510441
1.39371862539241
-0.649837557304983
-1.06829748751628
0.315990293866421
-0.251762365345237
1.67881352204808
-0.0171333309233859
0.354989457360453
-1.06948092224633
-0.0456763800374657
-0.704855401718102
0.503664184336812
0.819108180590817
1.0144935996222
-0.103980344299567
1.12419267354395
0.0441301911427977
0.998167723790134
0.313164163221135
0.725849737805234
-1.59141925104298
0.298713803049882
0.223543123278864
-0.632314160728506
0.6815207598913
0.450762912011821
-0.755726663678708
-0.0936588131104601
-1.21197117595385
-1.00477892221807
-0.193992017691969
0.392655277013402
1.33199482071819
0.119988004404433
1.19125637479825
0.28651831208876
0.529608726365361
0.878441957411762
0.3476121120291
1.27088680490008
-1.51261319418867
-0.23170530319311
0.571355125020924
0.0449659155633161
-0.600874657702443
0.974570661437579
-0.762303822047904
-0.543095932269444
-0.273392783597186
-1.23168604872279
-0.66360205596692
-1.92231207398148
0.537219852484705
0.333874522627207
-1.03265430739488
0.111439476328484
0.656388906404568
0.57555089148733
0.980890103989427
0.0836765900988551
-0.514089750524238
0.452931649489443
0.435466718844721
0.050680512201375
-0.782159744317772
-1.00563921985788
1.04987873942818
-0.72437737040159
0.414295871621808
0.420659421465163
0.741382238431164
0.0538078453948296
-0.0520200803708432
0.619168917990291
-0.771332722018929
-0.381539412843198
0.828008465985397
0.852182884380745
1.243278548669
-0.638327045878679
-0.528825383453239
-1.47273462064415
-0.342799016758146
0.506377574358631
1.77996426016916
-1.86002644904478
-1.0719425665284
-1.88378469533695
0.0419433141608623
0.293784808140761
-0.0841785182663069
-1.02053158625931
0.00833877653940262
1.08419575478235
1.07346243265937
-1.16291891182335
0.297375180416093
-1.07668009063236
-0.0595711214249686
-0.0552299311510373
-0.680475240574606
0.621468550272792
-1.01901037703546
1.78329844546668
1.29831562709568
-0.633226658328551
-0.0774947438941505
0.270554794227279
1.11757308510039
0.267517520292147
-0.989334244222444
-0.34987249761283
0.44001632397824
0.150796014868851
0.797793307535723
-0.764496503684119
0.645760643747301
-0.407824926847097
-2.84460369539444
-0.590113098674221
0.990450289196922
-0.68159735747001
1.08643964248083
-0.0963627951735563
0.682858099707648
-0.490406327742632
1.09275029915729
-0.4494649414656
-0.532471369402265
1.10999001395146
-1.18479409283276
0.214958968850354
-1.54027347840393
0.614352547177398
-1.43227720424907
-1.36379692329406
0.271065059779629
0.512278717932072
0.451766701023634
0.177985709724475
0.252686564021691
-0.929562240482678
-1.83841389702923
1.05307223576355
-1.07913329932176
0.67362194318914
-0.366490975619181
0.00994095727898721
-1.85547199390193
0.368595561112419
-0.444415005346348
-0.99218986191999
-0.995775423628927
0.212319505341028
-0.171550015546728
-1.25465873174146
-0.380912459750925
0.00657817774925553
0.356098978468267
-1.54643272456085
-0.894946836098695
-0.470902260096798
-2.47855493106819
-0.423840931270171
-0.564865984179508
-1.18706122515323
-0.386145530206279
-1.0426106396627
-0.235281874382434
-0.925942201166725
-0.658819569385246
0.481953686293956
-1.55390918011636
-0.664567607311028
-0.796521385540234
2.90752012603953
1.49221377902983
-0.347293108319426
-0.738944761204095
0.901132411502472
1.57527499825387
2.21010991717877
