0.896975769882623
1.92222249882311
-0.166893268240363
0.277697512261593
0.884016924256124
0.852237711107701
0.0777331334182735
0.637530232388357
0.524119479868653
1.85101161936166
0.667897552387823
0.53886612197161
0.230534348589262
0.869898799980561
0.314637161431353
1.50105034511141
1.12533609960128
0.569564399174079
-0.179452487261822
0.661849504236932
2.08861046870026
0.564091308808562
1.16506621699471
0.163444288646474
1.48613627722325
0.28081583411705
-0.0365029872872076
0.830290378609661
0.572040144955593
0.841351876130048
0.83397741014328
-0.0259533976565925
0.733703187548689
0.499520133368887
0.354623688337086
0.772864061244653
1.78477378959822
-0.76001076494156
-0.175066495894741
0.327742663266642
0.522099256977766
0.462043264358662
0.643718299503417
0.875945016722774
0.527237976458958
1.01300381941406
0.866303726156177
0.380163214797422
0.437782648059843
1.43777615460489
0.799282466942742
0.508207883486828
0.511094909085011
1.87144969271507
0.588469565912999
0.880751062765464
1.73474734286895
0.713706349819424
-0.112031272684927
0.846941725915979
0.530039262773572
-0.304504392368872
-0.0448972066669365
2.89920513547928
0.647637463782658
0.639402571299126
0.0509920325470165
2.40232777892501
1.97161275783391
0.199067117379541
-0.104565720170903
0.648403150502812
1.20646549370838
1.8250514988528
0.886325923243611
-0.793933462349802
1.49825014041955
-0.733575270725151
0.410874370593949
1.49729678458997
-0.343637807765136
-0.105437929214753
0.64705114806912
1.85541645701254
1.47894153214132
-0.202538124669644
0.632583473762203
1.31008369940753
1.54438406368773
1.93890472438189
1.28628996512781
0.597066805278809
1.94721831851552
0.796125006518818
0.617927518511592
-0.0834322726561342
0.973984069307523
-0.645729533704755
1.64641033158398
1.02927449108396
1.19155326140939
0.327424321474512
1.36734662783572
0.410295785418295
0.0987027233683326
0.701844464697243
0.0753330468633298
0.199607586525751
0.0182277843675945
0.348652057987507
-0.35274091176165
-0.220392043012429
1.04724289514197
0.644742715839648
0.367613349640026
0.859452991806398
0.304398289759912
0.678938491603995
0.823510685201137
1.84086726866392
0.919350133495806
2.2697388691588
0.127000235793399
0.89010044032009
0.0291961207093319
0.27438315058069
2.27802141486761
0.364887739858715
0.333571824306837
-0.251958976142199
0.0477015563823919
0.275045056903027
0.0279391397006574
0.635465856042287
-0.0936407613777764
0.869695046922924
0.572600426474018
0.390760157973892
1.67231531305289
0.113547454172446
0.901882751497998
0.702170548061322
1.12658904457253
0.933777869249961
0.0564370347020543
0.637426529614886
-0.215807061866541
0.132937871300295
0.601731468946399
-0.183970510711163
1.41664349670236
1.98787603003289
1.13037323424175
-0.229460746152331
-0.221524490229446
-0.220353634763958
0.139983194575526
0.639311630364993
0.762985907974476
0.214247533874053
1.09315180983905
0.468076365730049
1.64824539040765
1.04012568848689
1.51567293581416
1.17281123600539
0.193698025669737
-0.708464201047263
1.65671796944241
-0.528316353722665
0.546447611335447
1.28721467305911
1.65394642244134
2.39375336609357
0.275187093431959
0.505135388716219
0.910380889675501
2.35307808566019
0.586086130370825
0.452996199501685
-0.0756883733228279
0.796175726933144
1.9408865124164
0.734231374256398
1.57011962634927
0.894119412684734
0.705023951384509
0.141715750747
1.53719560464738
2.35974501182369
-0.113935216459995
1.44893147852886
0.691401160595696
2.24495962891811
0.425179342569958
0.615091911746715
-0.315895906599359
0.0494017257306934
1.479323796457
0.624815130274597
