0.318491867983542
-0.930686298986677
1.47766235970476
0.0787544972322872
-0.179062347957162
0.135531247166838
-0.788011534397044
-0.236671587287101
0.735648494942134
0.139136015377912
-2.1404123548695
2.26165364626111
-0.57996953780586
0.863658334418948
1.57755620254402
1.05428293711217
0.372478869237866
0.416326602530613
0.245983643195537
1.36096482666634
-0.166507516039703
-0.476357420541773
0.395572070919305
1.33786592467137
1.05693642159665
0.120790405060705
-0.524745367434956
0.37729054138202
-1.27206447068642
0.543720181841738
-1.03794252535708
0.432273420990719
0.536121158996093
-0.278011706266253
1.14572954075778
1.23137130485522
0.179727586980584
-1.56895687635513
-0.40509917636511
0.322762744005152
0.712251539360445
-0.631236638613159
-1.3019720188786
-0.119740574633089
1.58386795439791
-0.372545785439815
-1.38605042234826
-0.628397246403158
-0.650384029976663
-0.908937674357752
-1.41817476979074
0.568702824840415
-1.65381599257973
-2.59557831188449
1.51333246410826
-0.579441256115568
-0.208836474512841
2.3636558818505
-0.895784934184228
1.0076314152722
-0.891490722794235
0.0669780165075195
-1.61064106235324
0.350774634427273
-2.16158002129683
0.994557990216398
-0.601815781213751
0.330169521709269
0.526069096686277
-0.429960440350539
0.643370652892003
-1.14871420397368
-1.94309200318689
-0.127740876953191
-0.00277490532179806
-0.799621861184035
0.147476185468494
-0.181593660794723
-0.0552405036407869
0.105637554295788
1.46214002121728
-0.832891719490134
0.839892916787965
0.0231111656075436
0.679634685721058
0.495047775169475
-0.584683034879669
-1.17171387699282
0.0204871450376379
0.494185627656346
0.560742911518194
-1.21492777378177
1.07519102372117
-0.196644337438798
-1.59127691720494
2.42888707772293
1.05495150505736
-1.61756668653394
0.425840281557626
1.76966507401787
1.28441231968857
2.75628021072517
1.97587312505861
2.12554440877836
0.982561203773708
1.36821450518116
1.70482797434743
1.63895510387003
0.557437422088788
1.90096343440769
0.00791682634713786
1.49387318024813
1.55762547046606
1.94679397363432
1.24148202137663
1.59987165828957
2.01333458842658
1.03798593690717
2.42984157656223
2.42139248141291
2.39192381371257
1.22428096966728
2.90712096985313
2.76940335996142
2.96250284467452
2.81487086116512
1.6375915020229
1.64481672911975
2.81942394365757
3.95605763900986
0.845987125057297
1.9225585392031
3.87251021540732
1.70246685980229
1.28708398965718
1.89911986605642
4.68637341265262
0.721386891445374
2.27685315227121
0.0912470612084413
2.21622611153721
1.34537928454779
2.38163565372689
0.449760600405039
1.01686042456744
1.17985019560826
1.98327794491301
2.64769882968067
1.32447138857928
1.97909173680719
4.2188455815352
2.77049858156167
1.90091507097474
3.8296345990665
2.86285767136625
1.8465386719866
3.43244364580874
2.25777948227798
2.74277741928376
0.396886302068184
1.45578875029298
1.97197272890659
2.25952538892342
1.65314735276625
2.75085078728626
0.813863218389902
1.79558193255023
1.44720362369525
3.07812043183859
2.4808611120336
1.7845315744382
0.151701978038566
1.59984726115766
1.62318457255346
2.1740409803797
2.28506747810345
1.72409873181272
2.90852114673488
0.812881889027923
0.612238306890612
1.63103748495244
2.53299389618589
1.85485731629348
1.75113229848058
1.60615239718217
2.89422386293638
2.15327338642612
1.66493672838752
2.62019039398323
2.62315188418888
1.84121862019617
1.81277889508933
2.2084194206777
1.76902293665775
-1.20305057299938
1.58656870763464
1.58008827596445
0.0787076059143916
1.0638787995105
-0.24283494382216
