0.61819773370645
1.24026010466173
-0.0594744568816286
0.222576495234871
-0.971862430915529
0.710772077245569
-0.695437342055227
-0.12183748506456
1.7277858139562
3.55378072132116
0.303939224998975
0.383140867502213
-0.458039411098289
-0.569494799550882
-1.08083303734689
0.487464829774073
-0.100675214078011
0.396577086106596
-0.870110516867526
-1.14654844064181
1.89603496646374
-1.66397745081908
1.683891746615
1.52340131675004
2.44613404790488
-2.39026153580143
0.118368299370513
0.226007991053673
0.803105473793987
-0.0829648968672649
-1.1605483564236
-0.219142766072277
-0.0270016313690578
1.07871589524015
1.79524994938548
-0.706404095404084
-0.158864859468827
-0.64452601078866
1.10157812198264
1.91066574429429
1.62437666536308
0.516616892839345
-0.50845513604772
-0.705601527108542
-1.25113790601216
-0.421962073628021
1.41017880607786
-0.35392497306933
0.678585608720498
-2.39952348099544
0.811470613955919
1.04488207292011
0.457964983903471
1.23001618986529
0.800226193581745
-0.45243657626392
0.992202390067195
1.03092665854045
-1.10765138540346
-0.907792552950048
-0.117919094164631
-0.0222793788250713
1.43910161689004
-0.968026987239878
-0.387103943892619
0.617877445450844
-0.00462384598186576
0.439123564785993
-0.585912904617866
0.981838500083886
-0.814579528720822
1.36418828348001
0.791172808815312
-0.370259455625476
0.836037254001803
-0.675690131718367
0.808738595794585
1.85581506741537
1.71100226934818
-2.10812481779142
-0.746518163649435
0.213121525831461
0.314121974975708
1.07013325205254
0.0891007447881444
-0.125792970177904
1.97752754186309
-0.0558262009543416
-0.106279829898235
-0.421963612902179
-0.918157078099901
-0.0694887137291112
-1.20308288593476
-0.360317599294323
0.369632236961274
-0.851635372260913
1.60436104765604
-0.343257752924057
-0.0571613045812097
2.43947586701632
0.356815432189602
2.62888672070834
1.30026458262675
0.271637865558268
2.28943319123199
0.720558123876911
2.02468058471687
2.35286517075905
2.39597242206178
0.870082051482513
3.35588352468257
0.861636069815082
3.96899233104732
2.34411577997337
0.636761779409618
0.893281609964181
2.40379645846363
2.85494070439083
2.68957047133411
2.05254653974172
1.84695503440209
0.693191846970479
2.77211069944135
0.792806916114575
3.27319652721765
0.679276685442307
1.32135055484805
2.09192390367836
1.69220439180444
1.53311085056979
3.562427245074
0.784844417339509
2.25955039996896
1.74676057176879
1.58142520892287
1.67240570046654
3.11315297094291
1.00590876413007
2.36785674049082
1.26122985888385
1.34355267947479
2.06892551365503
1.8290964396787
1.57162368778628
0.941850305023316
1.80698041045275
2.77201277045638
1.83494717373453
2.06517964122065
3.58821951835929
2.90580084753002
1.84313295474536
3.15390514145767
2.83326258088058
2.59038036566669
2.07768315365022
2.55188246475457
2.28961020848827
2.71715016138038
2.7524479056958
1.54037642027889
1.03389138645788
4.40216559420837
1.68488999551101
5.00367374315219
1.92733981836808
3.65762648258654
1.92376150330672
1.15396613256194
0.81228777182046
3.04027246310683
3.21961879404912
3.14393900841397
1.13299473191198
1.94418241655638
2.10740698155426
2.20844638104827
4.44894268804797
0.875471141594193
3.656365809252
1.42507110903136
0.50042800933182
2.38712941302664
3.30082863104603
1.17459471540473
3.14313176577992
1.39179636175536
3.20640650372151
2.49060028484224
3.0923192889055
0.81592225538983
1.22924463580837
2.54573769072584
2.27186647810561
1.60949748522292
2.4903297210006
1.32008150278156
2.78456272661483
1.55343312002756
3.23415295164697
