0.0137031955941465
0.858325484627444
-0.389442718455241
0.693898457469502
0.853732780805776
0.734567116851938
-1.16803504381112
0.331263289890199
-0.858848854862911
1.26202110194053
-0.032046336539219
0.917901858646294
-1.18937924170945
0.798529450024147
0.476563827294202
-3.53918982496939
0.970098560205719
0.654293775610951
-0.555258232343751
-0.115402183830291
1.21867909613747
-0.673070623626032
-0.517528152989091
0.997298695882521
-1.21121374889842
-1.28024348381733
-0.848625964105926
-0.576715715534677
-0.635351510784815
-1.40278761364409
-1.33893399994029
-1.16117376683108
-0.659493178035468
0.571178232724365
2.82274166901517
0.0551706367854551
-1.41625192055218
-1.220989815581
0.004996730497525
0.246262618116815
-0.68202836196681
0.821810900711193
0.610334648239098
-0.938123383461792
-0.877517313245769
-0.458377169510902
-1.34897422237044
-0.726161013784739
1.04145148756896
0.463556700981232
-0.0381843215037748
-3.3395928018921
-1.74144691503885
0.527219736632042
2.08897625701395
2.0644203918057
0.779214403189261
-0.289905629468697
0.505728017881147
2.3339467014145
0.576751179785159
0.246096439000431
-1.31315820770222
-0.234992135857438
-0.46228947698329
1.6511829942034
-0.0310174403887096
1.06580487162971
0.426234418733963
-0.812793144921867
-0.377361467357787
0.268248730057114
-0.257289731198206
-0.136138090870548
0.854780442269751
-0.991477843231707
0.04776806207435
0.801731949329246
-0.0970946305101528
1.14669667954652
-0.873785974046485
0.866035434797555
0.838862096437104
-0.715915502594579
-0.0800509173180912
0.854063304545972
-1.07068713560671
-1.41064466944818
0.683451377320064
0.0207494810847717
0.925199770761863
0.125366911607363
-0.244878777957077
-0.6578556099558
-0.341675642905146
-1.6919539506601
1.82056978436039
-0.892231538672052
1.36218263709054
1.36758665183013
2.49198686206581
2.79169404074291
0.68405259960127
0.283028718128043
2.35468609880426
1.7366004362173
3.80878981716923
2.46243436287837
3.06053276030473
0.441049892173142
1.18740366917876
3.14075137968535
-0.509810957356266
3.14344990586497
2.035165787041
2.14456872332181
1.32988863392516
2.99538975247101
3.4462655059127
1.13338733679507
0.912838004966869
0.600464883657317
2.2391760152682
1.0505111081198
2.319012509301
1.96179455361076
1.7394722757079
1.65789433309022
1.61763469731718
2.26496909371412
2.92445042360896
3.394790504827
3.22005139237246
2.00607533636896
1.64453982322497
1.53105740791284
2.68306400897684
1.97127364369406
2.20497740965945
2.62822486283484
1.3204564999244
2.46639545642451
1.34619442984496
1.34205219139305
-0.314898669390905
3.57008169270825
1.52816549468355
3.15637257563914
0.698592548581219
1.5201241113611
0.309692005662348
1.87100118813983
2.43133546720732
1.25538798011354
1.69446894913706
2.96810540951502
1.97063415601578
3.28192841104891
2.30293419440791
1.548973925684
1.80786816304979
2.83003069752036
2.12857578026372
2.09789847109998
3.75929870819185
0.583487936024186
1.80825842287746
1.91005917912226
1.72027250277635
2.21803933648817
3.15702921797525
2.80882726686424
0.665908070063894
0.269217543112067
1.1191879347643
0.700584537600804
1.62490565665548
1.70467314298251
1.44722417682018
2.5602305781125
2.82928824049181
2.62018517298215
2.92296377796468
0.98470132021063
2.34884945781093
1.22560795133374
3.43430180415008
1.85976558183509
2.24291463579337
1.42783827391019
-0.32726938981223
1.20176207562106
2.19638511450274
1.38531426816592
0.860656473158357
1.51349456625324
1.11137621526294
2.00552008309605
0.6407113596182
1.45328459675957
