-0.271239763203086
0.257837204224066
0.621806906316616
1.29972421810817
1.03432922983871
0.808239046155138
0.0485165602441131
1.01604612557713
-0.0855981481630096
0.952723743640988
1.28984714614859
0.386005136386637
1.02131153133493
0.118672697139042
0.646487542119501
0.067445296400982
0.987569842876502
1.47121624674802
2.290546454644
1.3761697087922
0.463771627973123
0.231663403459251
0.549037853184466
0.896971272687777
1.60654045757521
-0.0760620706740991
0.365707430564223
-0.00605827544501547
0.565521190755516
0.0463514756214259
0.213293469917105
1.04079495733814
0.89051340352056
0.102309322585558
1.47296956359525
2.6892565728218
1.36651058199511
-0.779877909379592
-0.419241398572264
0.703185120766471
-0.0120890132710559
0.477400316683211
0.578338695841665
1.24777570190173
2.73007635930309
0.251326741366942
0.745458895764044
0.64581501416648
0.477387498270981
0.190144019366345
1.226480380488
1.07409653391322
0.198092485261784
1.82704391030387
1.42691378772157
1.94682216190624
1.41978653008006
1.40640478945774
0.203356033817037
2.36385368627762
0.967059548710684
2.65988560430335
0.673625285713691
0.584892173350759
2.27154942163719
2.61219872955351
-0.38720973266272
-0.183061713298718
0.390991182817771
1.21313809124786
0.117879510736193
-0.222838436825622
1.16010113507163
0.739567448422477
-0.0448396531391343
1.29864869610653
0.375586250636077
0.754270351071137
-0.342469006835572
-0.0252264400479336
0.645867933722189
-0.265306480961899
0.0158161926894858
-0.104524065826168
0.654908706162408
1.24807182270222
1.41437484814719
0.845600395609878
0.443698323030882
-0.430907382870774
0.393279950511176
1.48387761526322
0.816225884268167
2.49049649490128
0.274809873471856
-0.586176840469262
1.68641005920984
-0.154295264656857
-0.131384696213545
0.0096427111761247
-0.157502972485107
0.274189810114988
1.88731596410067
0.631445189853244
1.11755837912419
-0.690305911789706
1.70887163858066
1.25636395495565
0.0670926246212615
-0.736481829352855
1.0575674204697
0.569454865087277
0.196970078960157
0.257874694707326
1.13529877973592
0.130396605124534
-0.465446833469196
0.318792848344482
0.687175632200564
0.238117701245628
2.11846007302582
0.475972553261343
0.412574675242566
1.90216933020081
0.758693869267343
0.541462764960754
3.24879970011754
2.48602400960302
1.99742726811231
1.29697330968349
-0.338200191148898
0.16508188505418
1.60030919221513
0.812804021647595
1.90372882775096
0.0824839404421998
0.377001704170831
0.949838351740011
1.19849858191898
0.000832225291687114
0.812596407322393
0.665025677926666
0.257778170854108
0.654619827127347
-0.548463772389877
-0.110312097945989
0.0148798464124945
1.08590876791978
-0.309247091217248
0.417448248902974
-1.02565890991746
1.12242834373624
0.659770063377245
-0.137369921460632
1.76304391474317
0.417253252383396
1.0674676502908
1.01071175160291
1.73107880234564
-0.241266514628582
0.593601236796598
0.738261633391033
0.0353620775537861
0.727222871358654
1.24479443360023
0.79100252913237
0.152457928046816
0.61983869155013
0.601882800255382
0.35294845850926
-0.324889371261023
1.12280615216046
1.3988326321208
0.856300317137271
1.39961421154567
1.21289726058662
0.0825809725474933
0.0790954442871348
0.523415436408084
2.68236362031748
-0.358638740307807
-0.547923142125144
0.933434971079915
0.138522116958475
1.09976297878244
0.433156135692571
0.20064642019726
0.628406738588268
0.500856742487411
0.555881164764939
0.632269220879458
0.319038895677268
0.320600796387563
0.173067390309332
0.952894993427061
1.66538812807113
0.262919114963051
-0.150017311251114
-0.108190757752024
0.784670424903726
