-0.931371209462161
-1.207419189236
-1.09429283462703
-0.282597476021257
0.835667335496212
-1.95316971828845
0.44116807771529
-0.40500072421744
-0.425750344765981
-0.168738680815282
0.437193487094206
0.00127160388735042
-0.25980927249866
-0.325914539202548
1.23803833642415
1.45981255720699
0.963946504493033
-0.071248821196162
0.250885339415259
1.60185408012001
-0.855600652961655
0.171289222978978
-0.20918357536257
0.817219119320458
-1.97125278294286
-1.39787310842753
-0.209825164398965
0.596436971059417
-0.852640179192408
-0.48532984292528
-0.174019814088715
0.615753123661042
-1.08077381907852
0.531723015891569
1.72398958251625
1.10797112584585
-0.690877434327568
-2.09871167976387
1.24826826812148
-0.267027334149741
1.38735695733641
1.07562936963615
-0.396000117419337
-0.887931106535101
0.126577369421553
-1.41474118289232
-2.5213937967167
-0.0826950797972489
0.548218985140539
-0.0404600503214251
0.787473367306943
-1.20210537730857
-1.14919755532973
-0.722852973174897
-0.138203695202464
-1.52959821806334
0.461468456400488
1.00914150840848
0.27095383825935
0.251429887128991
0.459440662821679
-0.869278057697611
-1.36211411981649
-0.467728462875568
-1.03791833056184
0.387705409108043
1.25032780951872
-0.303366412671619
0.375372635746168
-1.26790522944547
-1.50831293617904
0.219417512104246
-1.70621431476841
-0.187918610400137
1.17465168825007
-0.630596798277081
0.740142652944869
-0.667934806259474
0.249457765293639
0.31271152504048
-1.3193530812808
2.42681386187142
2.1180753104834
0.55620272357235
-1.82591599631669
-1.03611206941952
-0.466759717536166
-1.14453823086758
-0.905735934638134
-0.534465392624355
-0.0270194813245901
0.137310452131115
-0.203509127086484
-1.27251014238193
-1.02536513280994
-0.0708693134577245
0.0725016698960921
0.35837561829872
0.164676130296569
-0.562580112513807
