0.876688207350907
0.450123730845236
0.854899553219657
0.401849749017206
0.664578092995961
1.76591470190789
0.849230128967365
0.863919572260908
0.805890601251046
1.27460736519572
1.04708137103629
0.122757570176968
1.36648295464347
0.560579846625927
0.81686495394188
0.68825300432954
0.366791640052395
-0.300790103731267
0.0641680634678651
0.823855456970563
1.53761572120025
0.660032964639284
-0.142384832763805
1.30514878640886
0.180322633341696
0.373781102460448
0.42005136254458
0.804269826876544
1.4967347408874
1.11409394845555
0.0390574253439514
-0.198100116060208
0.940754960675615
-0.562955491080636
0.739210016587409
0.146831656296692
0.717459016624371
0.249415767853268
1.69885542997054
0.856087532803401
0.922497881802687
-0.818474893380202
1.95396099536686
0.323053545881072
0.24566704411492
0.459928864322873
0.339277501675537
1.01762211955217
1.87123309270174
0.431256202353431
0.270638971262797
1.19952185505125
0.860885040882689
0.707811753999765
0.838767015721694
0.949804697134918
0.613855117118729
0.596741035757164
0.623646883637653
2.10309112398129
1.49087240730867
0.36594932990196
0.947169408196744
1.41851124720836
-0.224108184306942
1.14203264797959
-0.00274142969605179
0.151367375910734
0.687872966457779
0.115419810954019
0.274264504034505
1.31705521716015
1.25522110758636
0.0872008017688969
0.768835117078673
0.131292647249392
0.161433522835681
0.653637175157784
-0.0573318751953789
0.805784573731695
1.36423085678168
1.10169989657984
-0.241465299970876
0.169096747399212
1.7933408334836
0.0186174864467739
0.488796954619733
1.66822584249541
1.33566537613016
-0.141008251078127
1.87948746268954
0.668963573727779
0.411418282827078
1.21364784360517
0.669494137076765
0.32269288861053
0.364076426179923
0.226741568719167
0.361705344216586
2.36996858153622
3.5733332071762
2.97341420982698
2.52601236264647
2.72407805666072
3.2722298514323
2.08704386808421
3.30538780990199
2.81795207131103
3.16899218310323
2.73543249414265
3.12173758449937
1.2317432652389
2.12419830520579
1.9879068268597
2.09592166706811
1.673162253372
1.64475909646673
4.90343831522739
2.16824171282957
2.43657508124659
2.85695583728185
1.41756909177892
3.14552349234182
2.33420403601116
2.84720513568533
3.39221394934083
3.72722542829285
3.48334972918925
3.49284008089785
4.45987814920156
2.83358874754166
3.25568673220816
4.22294759967625
2.55256393161329
2.27887421293234
2.82283060830997
3.32659088509543
2.43544344622167
2.98645720968879
2.1807901860415
2.78998390641236
1.75958417994069
2.40887997142321
3.34562136471182
2.46286831682432
2.9255454882162
1.69618843162641
2.5359638096077
2.83314201512148
2.53974130294694
2.55705625942706
2.3275751155446
2.74337198708121
3.21248333953862
1.17407394546672
3.55305898672411
1.90179296344749
6.33980271774611
3.03977665206785
3.24603079810375
3.59410497720027
2.56565860699704
2.80442416040864
2.67630626944506
3.24243889479971
2.8881479449246
4.64067387073512
2.22265345298578
2.74868121077857
1.47770575743887
3.46714541274309
2.9548962910894
2.71237933418165
1.88424782178717
1.72086288627004
2.77628710930025
3.38656261959448
2.12602041908374
3.5360428601806
2.2709971816443
3.33243000225278
2.4678018934581
2.63844275256216
3.12294557817578
1.54771224040095
2.43202865150839
2.21857749801145
3.01542638131669
2.71333276683594
2.28141628312313
2.72263342026305
3.52581608819789
2.19134095382503
3.78219652338041
1.87343888038014
1.4246486958594
2.04325715044476
2.20802851671511
2.79321605122514
2.32056304790926
