0.455192869415331
-0.454970536013158
0.267625229190115
1.29657549609817
1.14842201761474
0.0427656827587152
0.574543216217946
1.55800108285478
-0.293419262543014
1.34522389317525
0.497523586799504
0.3726327707729
0.111039868881073
0.503720575894237
0.0407385784940824
0.563133853745647
0.927510053415195
0.311597381635397
-0.545782430112871
0.854059998536705
0.995074276529912
0.16027057037036
0.745709881384203
-0.448717653476005
1.49383142548814
1.8782135498208
0.508046503919557
0.272907401815019
0.506453755955014
0.695193044371244
1.46038089062889
1.01232401167573
-1.08383622005861
0.760953817531448
0.962326356028771
1.90434566956793
-0.0177727628321347
0.796703533567056
0.0201211504724647
0.926026264972282
0.499842306055175
1.15566784516763
-0.376404740973149
0.368949384327243
0.251892828382344
0.340398669373612
1.33052569224569
0.555085696464574
0.140948197854092
0.323469124747274
0.189061793883067
2.79475105598802
-0.196910774412908
-0.175904492875579
1.0365568360274
0.666767339919736
0.481151852485872
-0.0471310831032845
1.01252777299759
0.125765698574774
0.422003573103051
0.155969126209456
1.77414294596662
0.737916222322686
0.928056037427815
1.2028789378528
0.492499513311058
0.371903964108702
-0.0282361594646241
2.29846808927165
-0.0366968959078924
1.04839372182237
0.572085170040042
2.46869210986797
1.63085878902414
0.37327400878657
-0.836173057536798
1.15194418156255
0.465039325627915
1.66548150189306
2.13020032747392
0.944151727234793
0.128335243191373
0.820408145837965
1.02921249116221
0.252924880564801
-0.249791505532933
-0.0309611802804561
1.30871289182081
2.00641751014743
0.75789964565442
0.402428638130769
0.758193931474916
0.91631001590889
0.393319599920095
0.160069833963518
-0.0263822181475828
0.681462731471452
1.27521278164064
-0.940315722823048
2.26085378462174
3.16447317815476
2.61049106153892
2.80255307835856
2.0046881856285
2.73705097816833
1.95122419508781
2.95756438555932
2.04975310620379
1.50596585644578
2.16954012993703
3.78332048683378
3.01264138328192
1.83321109784263
2.87970206646331
2.92992112423864
2.31407782489954
2.90731349986102
3.95984007456827
2.30231184495255
3.77448249210067
3.60767289831843
3.72286671679867
1.47887603528021
3.82491007607494
3.68943834836902
1.37845820300868
2.82151452072056
2.41703568145532
2.77733129766758
3.64523041918676
2.91278320415799
2.29186646900058
3.49995303590296
2.96923861654286
2.42443757469119
3.10470506402195
1.98919791684721
1.54357495239494
2.49111640305961
2.90128591134367
2.91922946725849
1.61842370537552
2.27581041935931
2.22599364925805
2.56082151380096
4.20802285275206
2.57561903938893
3.28334826502216
2.57402463991518
3.61116686210102
3.09330451744903
2.08882638568535
1.83516242518236
3.27272120504578
2.81703164271693
3.124701292972
2.61790552794029
3.00851578519709
2.66968364198564
1.81729965033695
2.25122308432584
2.96901637824189
2.87024894521999
2.19284273040633
3.22917313521367
3.09714972099317
4.04327040804505
3.12249401486374
2.49400471135411
3.51890116508244
5.73303136028488
3.71283509986279
1.68222205151145
1.54716407833097
2.61040182881164
3.88731448752014
1.68681133064748
2.99604501817076
5.29572739815574
1.60891338310537
2.24876672102332
2.98757363977213
3.25011278767357
4.0829837421422
3.66972630925082
1.90723930662053
3.94239115273617
1.8111363730563
2.52119413161557
4.34909279757097
3.86883895633752
4.11332101509096
2.93548710283323
2.22022940071484
2.42778979242373
3.992416436669
2.38094926031419
2.98146868243351
2.06666836869695
