-0.124921556781609
0.420813052838825
0.506121833486026
-0.955592766226144
-1.33037184544982
0.977445129913049
-0.320282556866911
-0.650559788161267
0.343576563448792
1.10975644124113
-0.711326667707479
1.20027151489996
1.47333297789549
1.05468437103494
1.09726638920623
-0.260227758085718
0.524136049077882
-0.105106504049369
-1.16111671832261
0.293652818701911
1.28391692239184
-0.441849933120268
0.0880764311644109
-0.192910033614619
-0.00995914099132868
-1.15066083833066
-0.0393230839875424
-0.989578086645128
-0.57295131284505
-0.834551073307185
0.526256962276404
0.88238854824118
-0.778318561918986
-1.49416489984867
-2.15104647953032
1.68296310031372
-1.07971640194748
-0.446872780804911
-1.66956143683785
-1.55023807099233
1.01611018343699
-0.614810862788594
-0.327413498247022
0.687215888143838
0.620708393008192
0.74315496528234
-0.0329967855182046
-1.66725216587046
0.513296958903503
0.344862565869317
1.02956312044573
-0.124105703184081
-1.42777554015803
-0.128479114004876
0.675408481971062
1.44071588753111
0.932761815532205
1.23799539206393
-1.48221479488663
1.10314865304075
0.700380496600827
-2.62031147966609
0.165155193119389
0.450779271740587
-1.08833809391739
-1.30823651249863
-0.864085836147394
-1.31052528031795
-1.1185145965243
-0.27107818914674
0.153414015663536
0.867427987351274
-1.53974808128685
-2.48023487856437
-0.440559520766969
0.22130504719876
0.0756847902259371
-0.136493120912673
-0.59534530778687
-1.71322166199885
-0.356116318868228
-0.840655273266087
-0.452943820099174
1.25403284919869
1.02319970755951
0.735521914978322
0.376485904490522
0.214136472749244
-0.63056924498626
-0.0288985094727991
0.247255779843669
-0.789391313651634
0.781931439107506
-1.41429026669917
-1.62004945964199
-0.451035982279616
1.8299155950221
-0.864357548827408
0.0062555750575141
0.59522218825816
0.22167405656392
0.150518623575427
0.474010880993214
-0.624131316830271
0.432057876368771
-1.93581915098824
-0.20765966430906
1.07409006013616
0.586868822596402
-2.8327538926182
-1.5721108112527
-0.448672537277761
-1.68018311514872
-0.418339606661619
0.366878388809615
0.744606923581953
-0.273352587616272
-0.0912297414986069
-1.04374873939756
-2.42251635545212
1.0436473754917
0.664095262915597
-1.49922901722993
-0.0310029422189248
-0.996182238992362
-0.871265894538863
-0.158111835318791
0.0895021902826716
1.34020940891181
1.60559459776171
-1.01281639398973
0.551311113766445
-1.14615387326223
-1.15753261052553
0.270079736060113
-2.09845680260194
0.468337643344441
-1.18444017253111
-0.0584307361113759
-1.0358504554353
-0.907750113085165
-1.44848466685218
0.721319435854494
-0.428772792718514
0.433434709800433
0.112290131766872
-1.63150299376456
-0.580119922208306
-0.00903625842157922
-1.83858488033749
-0.251739195744013
-0.943509545772912
0.0729240554938699
-0.161126251570323
0.956726689017763
0.718581365056581
0.266992891382306
0.495465927952503
0.218071411827386
-0.424493341787889
-0.381771548578624
-0.612343167364177
-0.695670526658258
-0.369238952761783
1.0344377764615
0.917942189835061
-0.474822935602117
-0.090144395307037
1.21990520155339
-0.098753912578954
-0.145218961299767
-1.42983394329673
0.337780120096115
-0.78336649557497
0.681355278989601
-0.243734898941711
0.185097634352141
1.03879012514198
-1.48985888475657
-0.195507579637402
0.161596804290818
-0.882650902062255
1.02994823428457
0.00299230188668691
-1.72194830254566
0.208448321151319
-1.31760257523771
-0.544865358146339
-1.84995545361713
1.34753454592228
0.962488407569281
-0.795124062419482
0.908446596895423
1.08212993671808
0.700825888486341
0.382904241993372
0.574601033298877
-1.15574526029311
0.0397808244467683
-1.55680988775433
