1.2852420611782
-1.20341292653651
-0.963050835882892
-1.65955787069245
-0.828286116607197
2.12177370595494
0.119441767341164
1.06154086116432
-0.721224732615273
-0.240823564374869
-1.76837960501751
2.37734227365026
-1.05761324779997
-0.448878794740134
0.905802994656151
1.97066882384827
0.758604106463001
-1.04767156511257
0.065505801822225
-0.0480207004113627
1.7831342471754
0.18847413131421
0.584687129804149
0.660393184709717
1.20723352888448
-0.796382993470292
-1.6423812659424
0.225361996121668
-0.63498748903161
-0.404376981824297
1.4233649503955
1.10460736818977
0.0759084510682845
-0.489149423067852
1.15339914596964
0.0814710166564172
0.839890099232871
0.969025781045068
0.764553091206969
-1.32618282614933
1.25157989765051
1.18865891460797
1.27353782365198
-1.14097158997204
0.093447169331603
-0.246777050482704
0.430136461126202
1.47838063514735
0.0461917986160575
0.072897400231362
0.315913042305698
-0.14468354872296
0.420898259862437
0.920183701451977
-0.648614436123738
0.158083698690796
0.712592944900879
-0.242898786483364
-0.126047867488565
0.385945736873915
0.333739561817249
-0.102626649747047
-0.228321447713901
-1.74811536068921
0.211267288105
0.569215625364125
1.12808790238225
-0.792506591945157
0.243619018483356
1.43093321427993
0.905183869344661
1.1573430532204
-1.23575212018008
1.97345345740935
1.64127400312778
-1.51925325029926
1.26675014161213
0.833062526262153
1.05638677160129
3.5600157950139
0.46107925537641
0.252212509706413
-1.02715018144632
1.08351800922643
2.41451022612606
-2.07133558437641
-1.24214793832644
-0.993340497905864
0.155349092172259
0.32618479747873
1.8559806474657
-1.1026284121466
-0.186135360305073
1.54830614493511
0.772830080173548
0.524533127600797
1.87755351109741
0.684983483553974
1.55488053473345
1.95467015525571
