1.14613691225848
2.42922938273167
0.869026926040392
0.508987839668371
1.48492801248509
0.441437606753603
1.13743915981074
0.486586511013314
1.05827666738573
0.0419147673101443
0.262329826295763
0.658454822482908
0.60458140024262
-0.155859869902773
-0.409954336343533
0.338645870054283
-0.140059843507078
0.253952337571034
1.50006771893106
0.276028255393855
0.594554134578719
0.357575862096406
0.896855913477238
0.216744040680295
-0.165174227053761
-0.0481626911661035
0.550900456927484
-0.516604559443449
1.96535512503458
-0.305336302876207
0.775758597460864
-0.10231092767406
0.408525453841561
0.0254708026863698
0.898192853199438
0.629598942000995
0.680911226253704
1.50248905709044
-0.184797849553512
-0.0145018027927102
0.740182806517028
0.216999504872166
1.27394070425065
0.584536921354428
0.937431308483587
-0.364065471243632
1.11691817691304
0.453503435140616
0.169467807415936
0.545832152669457
0.630599556779865
2.01861653866948
0.896812547298556
1.57311412054819
0.74181692154133
0.308822738339335
0.0764102536231174
0.78334072468164
0.154459865036161
0.202302956763355
0.326448794840479
1.03814117786537
0.689372301239255
0.921265201612511
0.329644334696439
1.50643332245036
1.82942327215822
0.78032647909443
1.35252581001933
2.14162345187233
2.87004961028661
0.737066349872238
0.837904199465301
0.368472289939126
2.40280384901769
-0.597356699928961
-0.313217890657665
-0.40846600325307
-0.231210537884495
0.563153385092229
-0.345473056469748
1.45187123586405
-0.31657631010292
2.66374104798358
1.04801063284193
1.09859221265888
0.406046823524327
1.2486090022134
0.897418692963839
-0.00388673337200002
1.05888418871343
0.342875533091628
1.18339230137799
1.57031200129451
2.12759717159424
2.22114828555837
-0.0697533733337897
0.514744431192562
0.175890273258195
1.12627268627106
2.97859774264961
2.05215201174417
2.08700503136998
1.81631510141274
3.31478233726959
2.08653492701883
4.21583835901809
2.91574896330925
2.10309471924814
2.06869557822978
2.50605045505621
1.94801829515268
2.62922000318319
3.13366559856242
2.36251818020759
2.99299019086345
3.50446885765571
2.53672804351744
3.96807485769408
2.16151603834484
2.66413386868234
4.27532317056326
2.55716119309813
3.02100374949522
1.64781788264454
3.0138750023846
2.2893142154122
3.66293475644061
2.3364685512857
3.2587526550007
2.29940873798255
2.26249358094718
2.13915739819025
2.40834725620995
1.88118112310701
2.2103223914337
2.83252391830283
1.97454409751612
2.23654983458075
3.84411156244386
2.89973457821386
2.72486272813376
3.52533825097478
2.69691513232396
2.8758810954345
2.90033869155772
1.70595430706254
2.32993868919256
1.97317838968844
2.43869278194588
2.0402573269531
3.03131904640713
3.2513506746209
2.32975971887105
2.99382115643198
3.15864836422663
2.64645802697697
2.68446150303667
1.74299938346749
3.072198543254
3.18125600415267
2.88388580527098
3.65336802191621
2.20234417575192
1.83483631522964
3.37021136142834
4.03669146943112
2.19834783936681
2.85849819102896
2.8214781750276
2.86709202469836
2.71678275167574
3.59496381176509
1.78218996262864
3.01055391029809
2.79176148465973
3.3052929242601
2.35970602675169
3.59630370690335
2.55468611764647
2.68264335215711
1.34840954286442
2.05426517034693
2.48880315666957
3.5720191598674
2.83233032992933
2.89976404406396
3.95078700412704
2.88804918287223
2.72969820669661
3.4215247271952
2.56695950569921
2.31218403974646
2.66750369016162
2.5314129580401
2.24120377358052
1.52130420112037
3.48710325909294
3.54630491380316
2.09895800482603
