1.0155132709516
0.264373984171055
0.603422360562331
0.854869232989978
1.98454390256896
0.947861210353681
0.555526084375424
0.709740126497836
1.38979486350585
2.41840803366418
-0.227915689445617
-0.116339873470497
0.980890534730534
1.96776182367722
0.691258344302542
0.62908077438272
-0.734881592032035
0.537617643727604
0.889493643526776
1.10824949890464
-0.721409599684503
0.116348821837174
0.0905537392110227
1.70412184118157
0.691156979793029
1.01445739808626
-0.0632986075960816
0.39830672014104
1.35474310531737
0.0962416231285577
0.269817155017442
0.201429951551177
1.04290375647691
1.33943082476412
1.01804784346264
0.214851845706753
1.6763360286597
0.37131836718577
1.29389931399739
0.573612123955347
0.265681902538025
0.542625618094883
2.52726961086415
1.41007888470731
0.852454319326419
1.50720999630543
0.848280156274672
0.307814682592053
-0.440158868885223
0.810094868413622
0.921073467764452
0.161935748911924
1.04894664657976
0.373751244937308
-0.110714672279566
-0.666396344109265
0.131654316391041
1.28293194272121
-0.620354809288272
-0.498753888674394
0.573498588828245
1.34664928701779
1.99910180565077
0.0676849512128923
-0.00787706118436671
0.799017839506693
1.83128256484624
0.916203976589036
1.1423021830362
2.08713686883159
0.692428122491029
0.712279739788664
-0.0811732927727208
1.12875505560859
0.40129059634445
1.59922603177471
1.67632007367012
1.26513796134853
1.3756768374386
1.35699008325411
0.689283409221091
1.55877488440591
1.49922831874303
0.766968568184772
0.356060904041209
-0.123817195524718
0.272829848891046
-0.389261701373318
0.494856535478439
2.13242981023754
0.158152401136315
1.19844909195904
0.00655796540275536
1.2896764858094
1.16246218912744
1.74175417363135
2.49712676689942
1.35393123926759
0.921705612306683
0.507963832171375
3.60736729817325
3.06072013977398
2.84860841747701
4.32605922680541
1.87902549936089
2.06544797957982
1.74005535044371
1.92142654111407
2.1240044609556
1.44149852796125
3.30536878500559
1.98139178051137
1.57849994106125
2.55410980758038
2.50551833663259
1.18913768799673
3.93988334782282
2.45170165665138
3.22533535041969
3.93908917212381
2.17471307012822
2.9760636448809
4.21705932273032
2.71638062571186
2.58488553571894
1.87959248385321
4.07433612530093
1.6941083451879
3.57002929757359
3.93564064281934
2.46876567666396
3.95275863710095
3.81738440045225
2.70115367952601
3.31707653391948
3.80388821409658
2.52667559140868
2.5835100074609
2.0328663085289
1.59709807603885
3.1578264277305
1.62195485241851
2.4277424498406
4.833289590672
1.50810490946381
3.98024862998764
2.93164700915513
2.61285456391
2.84905031646932
2.36931368247494
2.98703634084434
2.51511319513972
3.58920470547515
2.20837578361923
2.16736228614329
2.95642022383693
2.2351026966721
2.00733866156002
3.23676717700884
3.26785853593523
4.05770568567987
2.2515774756487
1.56695570501572
2.06432176298009
2.84160931772008
2.83690301273828
1.8966627698463
3.02069328678962
1.96738259068665
3.34639208440002
3.50505728962291
1.81711124445558
2.79757959544852
2.55426098555341
3.29551771131315
3.40361744927335
3.66225931722309
2.02216696176862
2.21591006712333
2.50313186993181
3.46589635439315
2.93933162705242
1.80926138364753
4.54940686249989
3.05326458728451
2.94122148553005
3.36793930540481
3.57884660263042
3.46023578355813
3.73491941410075
2.23645281478974
2.71367156742968
1.62215339861343
2.77081261181167
2.11026490786522
2.42405468625837
1.51658562883759
1.92246073036732
2.48397099509022
1.85222843861403
