1.63303007296688
-0.310150711175923
1.02705167989149
0.416935985446054
0.547694529311043
1.69567173381767
-2.02920929859738
-1.35847039447529
0.162864743911155
-1.14637121417769
1.25802174096865
0.781503081115454
-2.16542806610032
-1.16924198628612
-0.423501433691705
0.1703512018222
-1.19811464564195
0.427407849274803
-0.334182125700289
1.14532393013078
0.639743853109101
0.882258674868207
0.791159489864411
-0.0250086222165171
1.39001553449886
0.469297157420351
-0.0223699432504852
0.732168887455954
0.360660206542038
-1.10155758193541
-0.513195124711049
3.01302760179774
-0.55427508588556
0.488418699184992
-0.218444129277253
1.54814189763179
0.238815317959113
-0.175606155929287
-0.857765670180962
-0.0606455847060924
-1.6136010463221
2.29439780628873
-0.53319225289816
0.261939719246214
0.631695241162578
-0.440840917825611
-0.777874024633542
0.290902639281912
0.0991863811740199
-0.182042395678038
0.738311764456862
-0.0526848047835058
0.033174262633809
-2.31280599770727
0.214853626356499
0.886778317254467
-2.16693460347186
-1.55062985379536
0.286176556662986
-1.34299117567184
0.862443318926469
1.94214920263147
-0.328814274171853
1.05292122970619
-0.9290464613722
-1.12303811969632
1.08820993482873
-1.73986333392329
-1.57642187479371
-1.69613917972765
0.0589045150678881
-1.20848425267909
-0.302466319471008
1.39651663929093
1.41415370257521
0.199618975465666
0.874953978339761
-0.413616072153648
-0.0390072223609586
-0.693717844614857
-1.95903030416757
-0.0866671538969576
-1.01418525210645
-0.420799081718217
1.06147768806597
1.0864459362268
-0.197587238536315
1.2676964197715
0.893075258338321
-0.810903154162576
-1.02802638727318
2.05788423706841
-0.317444746270997
0.162143296852038
-1.45122313122691
0.573395007840068
-1.18653666735544
-0.340399431741695
-1.26098745577204
-1.36279458075011
2.48547917383565
0.1259229724031
3.338066102393
2.40079021151041
2.42293946295506
1.17235633416778
1.64579124698838
1.71587271099217
3.10210340003344
3.3597374472629
3.02683067070119
0.385500851954719
0.362191826320077
1.23886019488612
0.608763955039435
4.98250764801433
2.46816905971627
2.36824046153705
-0.28364076046435
2.8443419959324
1.81104266736193
2.26941801596375
0.511738341613474
2.1423251826012
0.238960485313059
3.64860196470564
1.6423245521398
0.43086535776127
0.916212571134126
2.43775163203436
3.27836221547385
2.738987499609
2.69660506559415
2.69504620424507
2.50518329957867
1.99399120296658
2.8171732548114
1.123175994754
1.95908779198524
1.56900457998269
3.37047506170497
2.40387508795454
3.18783247189792
2.57716468195868
2.69977197871601
2.17916095859235
2.63977131685313
1.11818468083138
4.34096244496951
2.14530461116501
1.47763805190262
3.79455268767424
2.65249616184653
2.27991414314334
0.364501948076686
2.65507645883377
1.44179551110965
2.15417488432078
4.18425870880872
0.245896671550072
-0.173169170517512
1.87633928528397
1.64672096535934
1.99243898727952
0.573718214189489
3.02275377662774
-0.371396111759498
1.0019814854392
2.47525848010125
1.99695104955521
2.30818444652013
3.02089589146635
2.52885916575383
1.05088552204871
1.96375884380785
1.72195231393043
1.48664738902216
2.11485311352292
0.965736226015733
2.65207071918511
1.86372243502927
1.26027547823805
1.80960069983628
1.79313483946297
1.50064701785094
1.79525817183474
3.06060880230087
3.52937021796543
2.39722832073334
2.28755776617924
2.10432664671699
1.23510182433564
0.817401148539463
2.68760481786258
2.94690769197197
3.62537998781734
0.712202880020838
2.50397823556634
0.812026342351279
0.833740901101664
