-0.103164414857541
-0.355890300134781
-0.603833416975925
1.02244627696338
1.13380819237767
0.71606114256419
0.115924291387239
0.838785720958621
0.173000099765384
1.80414049107192
0.0359521617264098
2.26372210095789
-0.514513519013313
0.0352727787927358
1.87226203532487
0.73463946176648
0.760110137598564
-0.625161880070989
1.49513998461605
0.70334799038631
0.623954500619093
0.948271640486586
1.38807330941487
1.44869956460268
0.918561963915196
0.286869397799948
-0.0933516715918818
1.1919162717184
1.1866490888472
0.615348062121135
-0.0206574394946567
0.394169810795731
0.618656475916994
0.247206546822789
1.14267851293531
1.006275644641
0.867657711810787
1.70275543305536
0.792603051976
0.0348109108485775
1.33634178401772
0.805271674853876
0.255617844891812
2.31833195100714
1.73302560199951
1.17245404952151
0.860193536556401
0.325915117847279
0.76408293245073
1.6975678416848
0.893124567225047
0.0881013106129796
0.741158305279799
0.961401459952334
1.19998538362461
1.05621958931208
0.354454279435649
0.639990515932596
-0.26171198835898
1.03932135228761
0.755458659928483
0.197043880272544
0.0311782839221406
0.923365673061567
0.761895190841808
-0.65992304217281
-0.765891550025986
0.451512822468425
0.647997240463566
-0.174017321528412
0.696608549309528
2.28461591722279
-0.186083253287926
-0.259527938120539
0.696452526131595
0.731027465129548
0.948383952729872
-0.0815453016200187
1.81615431198753
2.19173856802967
0.599354748739157
1.61227287132786
0.771928938473585
-0.0966114394847504
0.585373666074043
1.44517639367343
1.09966285423983
0.269619294889305
-0.339298126260458
-0.187128752872931
0.671384605609778
0.935817453095591
1.06256620926941
1.27623733815596
1.2965549634667
0.50467314552254
0.133147287119155
1.52338084311306
1.53835952925844
-0.199746719666173
3.36790257304178
2.5343235401658
2.29603085057964
2.40757742895063
3.17407356094742
3.20293470477933
3.17251541644664
1.68243937097996
1.67275491589102
2.1918385402874
2.39794700280398
2.61800561784199
2.33556477997225
2.55342634405333
2.05747085231412
3.19430780082948
1.48329090435625
3.16738587704982
4.19918698432792
1.88270211846037
3.09991988076513
1.57103099179184
1.41569904823039
2.06613447913997
2.738817721035
4.00274205200293
2.1945616776542
2.73074367486473
2.61724124146117
2.14278995222345
2.50269485202541
1.60464453833625
2.49887809725099
2.63875105040488
2.3600251403312
2.80653286769662
1.76049915769832
2.88369634920608
2.67251983711234
3.67460248133348
2.0889711151306
3.24122397350457
2.57270261753444
2.00466483942059
1.92822069209535
3.45871185885423
2.44648698071277
2.9591811591222
2.08825650837373
3.03367931066974
1.66515429367804
1.70841142502728
3.10427974882859
2.80587310397148
3.92746967191839
1.44835489437694
1.37178143744371
2.41238877983527
3.84217222211541
3.42857626555169
1.47454316348933
2.56391072524508
1.94156056648303
2.97853906718514
2.5427524601525
3.74600749418109
2.91242076387258
2.0132600470908
1.77329058300839
2.54951194667512
4.40161561487797
3.78756674897968
2.09911921824679
2.37104120559026
1.85342906910278
1.10036536530591
2.52152977835859
3.8502746554396
3.0287118231886
3.16573797763883
2.20634503788921
2.52073512583866
3.18450419232696
4.25166928875367
2.86383476217113
3.44297216615793
2.62673045182262
2.74289599667787
2.71232740022445
2.61664515030294
2.99014893923583
2.70991760894394
3.06437005717471
2.85603832855358
2.75830316971026
1.94785536303163
2.40771146276942
2.61877907772396
2.87328443221542
2.51173865303113
