1.08357724817189
1.09733817003424
-0.0860505452380074
1.84607083262001
2.00558079750243
0.679626956921206
0.828713477825866
-0.249326341772406
1.10944601596201
0.1757736389407
0.986689749479259
-0.265822141967522
1.08376589544515
0.775688717186061
1.38997289044955
0.645148726769217
0.65634627354726
0.885431524352395
1.20289166491232
1.58121315637433
1.39345121785276
-0.043283764411863
0.465282758494621
0.20082099840531
0.53186821777319
1.71649549177722
0.682818697524024
0.357565754853158
-0.199841873722664
1.38865225115652
-0.183083938332861
1.96580910551356
1.62395653550064
0.798193682339467
1.32568494372731
1.1449901408424
0.0951262324946172
0.50267830523514
0.295843456861889
0.0661458373945485
0.415531607662663
0.116052938457336
-0.192348966178909
1.2608233316055
0.303971183413346
1.07103291496941
0.386837236016736
-0.553591046732725
1.44910197983999
-0.0208024468814421
0.396531756406105
0.955811521977557
1.39850610189903
0.845329819349446
-0.0554864154288851
0.534139260502961
1.76093287003025
0.178783273170709
1.26772756843861
0.0428456447445345
0.54665668839138
1.11863165888652
1.71413719746651
1.08370846386798
0.629843297505861
-0.534672253835348
0.747746718552982
0.499267382122942
0.845303730940065
0.351510777250183
-0.732027115664305
-0.174225141075318
1.63330885805089
0.985596361218339
0.535102906752971
0.25023524506032
0.338882508456822
0.722864191713351
-0.0915725592774616
0.465127165725634
0.518822315449137
1.08015818388523
1.58999081265139
0.948056445933345
1.06635789720871
0.243213576769959
1.08095684203952
1.15299822935913
0.466527672237039
0.367364971086112
0.196703318989631
0.0973742984259416
-0.13366125070212
-0.0835181900526061
0.728994367202727
0.37445231677717
0.258414465630092
0.707041817284227
1.28140712591206
1.17293338947238
4.24653329374501
2.69486535904933
4.08699750358651
2.55944844755561
1.68355024339739
2.66570936927489
2.68945823300338
3.00084387873855
2.0564693668044
2.71953829260965
4.86217954843162
1.99247783668418
1.78567607227526
1.87630067091541
3.0734355528016
1.97614040924985
5.28214034019113
2.89398609198008
2.16324578249515
3.12712308295176
1.60011974042376
2.72835005482988
2.85783081027766
2.13466764207043
3.11688887088982
1.98033126240591
4.21535079840703
2.99366969355858
2.95434519108155
2.46397968312472
1.74902086122184
2.16481334038292
2.22560628834631
2.92763858399655
2.02680324429532
4.05256155870062
2.36128938521454
1.49768452362678
3.18022791454897
3.07371882999883
3.98000813730137
2.35710544475906
2.41510035777375
3.02438547593314
2.38806080797473
2.29487557928036
3.0737014408483
2.88189327313582
2.37731982370853
3.50670318690701
2.31582022248156
3.82785309730606
3.32343432666023
4.669640653938
2.07658693229465
3.65528450150442
2.44070792064009
4.35916584299208
2.86740861477179
4.74057121055214
3.8715736549508
4.10545293006743
2.40664227236102
3.77389735803418
4.64969370235162
3.6485214511173
3.88752430717013
2.0686460627388
3.39115708749184
2.98375537087742
2.42607240678413
2.95604257178324
2.42220831093187
2.87867818192149
4.07661953184043
2.80584924254146
2.85552771834298
3.01817950312423
2.91259878561658
3.11464438844339
2.75224716567007
2.21433882156239
2.54062261998796
3.2284581563071
3.21372416009227
3.40685418043826
2.59893764812862
2.59206184747668
2.59490919821602
3.69276474131284
2.2927609336437
1.95155209547171
3.97637783400683
3.29768459859768
2.54358157949191
3.4768982466022
3.46907156717264
2.56446524555442
2.04174667389275
1.65410583321781
