0.290921639395922
0.885433656597879
0.546762086190643
-0.0646389145812921
0.352960487404869
1.21548912868311
1.83093219853338
0.361021859213641
1.31964758693106
0.105998598252633
0.508446773346287
0.758391387406689
0.434215772648308
0.483956990901286
0.203716638047232
-0.61939534172501
1.74522918468841
2.21203586394029
1.52303669969359
0.646101235783559
0.0947800472788194
0.924299113926017
0.275828657403728
0.471595593831041
-0.0266627735050318
0.541212727749188
-0.199608487502829
0.736751005778991
0.341363432959725
1.71302260605086
-0.0545186030073076
0.0470218171560753
0.801429190111239
0.215017800592564
1.10728734201092
2.14890117614587
1.616357587972
1.81402904468367
0.202808300905128
1.12272398625519
0.549194706534776
2.16488821690743
0.641755917530187
1.65512736346017
-0.114151927282754
0.102896351220112
1.3908516403152
0.168794930374197
0.51860972454214
-0.282903074226624
-0.0716247561688786
-0.101093240379363
-0.237737983479085
0.867737857825338
0.914655951158265
0.155888891815665
0.42007249260945
0.467677065552146
1.35630940126968
0.661163942341017
0.63898355116272
-0.0600451165279262
0.199372179988034
0.639456197523766
0.728414286625809
0.890381538575022
0.429575183681729
0.470537964800546
-0.140588357845434
0.0896520250822567
-0.15883744509469
0.114180312284125
0.392379416883327
1.28358068283144
0.0976724060204696
0.583685513828982
0.810938657578285
0.771109457639349
1.08394706099025
0.988839052280188
1.26733821083887
0.36348452616135
0.979280635820039
0.526460738907559
0.466463124295956
-0.245038589613482
0.598419793625794
0.798471768831153
0.868793901399809
-0.153691317884174
1.29946680071373
-0.230422763267649
0.948641404601187
0.935543228958483
0.292420411373844
1.17193021430359
0.713033861230355
1.08765614835391
-0.218639394861226
0.676656278634403
2.23799622713656
0.855233586691713
1.58509379325625
1.2461806200578
1.05100565333371
0.653830334187618
2.32172117223819
1.46605992681804
2.18084501858066
0.722817182582954
0.618761999679314
0.13229345507424
1.29219744442921
0.832627191233524
1.33750076983034
1.4013847643276
0.572618090835776
1.23533320622836
1.58393172824934
1.41995876224027
0.564389787148779
0.344977351021736
0.615119329020825
-0.274529837005177
0.101723893360645
0.805607360109648
0.2370210673579
-0.00373094498707732
0.83269497270367
0.571144172707514
0.192258835059316
0.920821201726952
0.0711811345274532
0.593663117125483
-0.245682969425699
0.932438210295282
-0.253961113654371
1.21832093214418
1.13018911884076
1.4895489553465
0.915782985544306
1.59510176035504
1.57141227282333
-0.277386845606478
1.20261254934471
0.381970784427659
0.573647941849371
0.991574022316757
0.0465538980807422
-0.459779094935751
0.971211851317682
1.00811801712233
2.26529623508864
1.1713519913849
1.09740721440546
1.36640947080153
1.2003657695407
1.46001925588051
1.38335825252386
-0.0852864540981856
1.24414171419454
1.08280189655711
1.41938231620124
0.836528973782273
2.1831022088569
0.792575991249319
0.422282793196499
-0.411570968279378
0.472424893310286
0.207557670082371
0.0723775533651794
1.04939850134692
1.72973033298612
0.0387629963493022
1.09305768727363
0.879260979056113
0.152511604097747
1.36244963493287
0.514888568243926
0.9865266327254
-0.379257956694683
0.258078428453133
-0.382997649706472
0.922031333451032
0.6204565727174
0.859080858234446
0.11079108938984
1.17800641607899
-0.0453255565008314
0.539872080952738
0.177190396659862
1.33286875867398
0.796308320347987
2.34435972685985
0.866396748683245
-0.283749150638429
0.433044244876434
0.898444178094615
0.33795636081548
1.47975718482612
