0.729790352897257
0.387751235739487
-1.17855504063123
0.0426486306891316
-2.18790260968189
0.862305992872529
0.893063354320821
-0.711801125263987
-0.303065350719736
-1.04928508462474
-1.4182162089526
3.00368187155266
-0.489371188227308
-0.181917615808664
-0.379767442121532
1.29442398179995
0.217586755093804
-0.177095728823468
-0.102660992745692
-0.484640418095058
2.19165494290116
1.49623171311819
1.08541266473391
1.14112078789697
-0.782353845534779
0.380402128928233
-0.307654286551772
2.26832459504265
-0.456178774628614
-0.385352184907075
-0.404710244381588
-0.0780605557796404
-0.796208235298401
-1.55920595974688
-0.692749382025608
0.0150894699825309
1.03314434531677
0.614519474345054
-0.58846781297046
-0.812777485134959
0.562349160721326
0.224312694197206
-2.27476524712385
-0.322877061884195
-1.24947291174302
0.677005901955375
1.03043995313792
0.712544837928951
-0.943459764919432
-0.453179424187899
1.61751479166425
1.02871177279055
-0.917168492575329
0.586383198679757
0.420411157776912
1.93748423166129
0.254252696103344
0.752524760325748
-0.363113058479806
-0.963873840146784
-0.644436516017156
-0.956877731131259
0.962229423796979
-0.864847196420834
-1.24653153168248
-0.769748201829741
0.94723254470874
0.640085988715257
-1.4782936744412
-1.59747626047803
-1.62665811422577
0.375418714224482
1.47811872965452
-0.730305727724876
0.899424946239963
-1.6155587559606
-0.368988274086488
0.235047559214576
-1.02232804271947
-0.68054068242333
1.21354108056967
-0.831556322113248
-0.186213174549042
0.204735455348459
-1.28748078641361
-1.66004801789047
-1.50602130715194
0.241172493854043
0.150355207321663
-0.546506901041157
-3.04671875089506
-0.897884079192313
-0.324776824814076
-0.317816270197332
-1.61356000408362
-0.25233914569836
-1.82908352172074
-0.305112590775357
-0.244953953756357
-0.471430174992113
-0.752853749079635
-0.0263302293811719
0.796746205521558
-2.00234649524782
1.91804683507434
1.88058765662706
0.635737173389766
-1.68543253923899
0.620174096053704
-0.994925034247744
-0.194605838706454
-0.826684056164913
-0.27736598075099
1.08440399751049
0.208926979906477
-0.313798713990513
-0.370132832201628
-1.28888356786149
0.956610750005955
-0.0779771114048541
-1.50046047449304
-1.6627618294018
-0.981408318042248
-1.54362816767938
-0.00299433898998168
1.01438729782626
1.61221117880524
0.206140465168634
1.59864335089316
-1.45028129962183
-1.00421874765846
0.00519575711166752
-0.1388447557423
-0.92373285495849
0.967379077541905
0.142992403611729
-0.187796668949551
-0.00733492221797678
-0.28261920145335
0.236598717838917
-0.0880631778297586
-0.665816021762955
-0.827919490966358
-0.339163644558314
0.318385411520005
-1.60124990547278
-1.37145860634456
-1.52613210293302
-0.806499680766636
-1.13894647980329
-0.925909054205862
1.74158113987586
-1.14897919944849
1.04495461879097
1.12406173527065
-0.553857816320744
3.01814945516264
0.214640856472538
0.62131731722963
0.676719653355933
-0.811111164627251
1.33898886243338
0.519618468990935
0.550091046815525
0.118150400035075
1.19470145047537
-1.57483336181982
-2.36338158289491
-1.66207105987196
0.588972821938207
0.455215254397401
-0.684203236375946
1.48255587558039
0.558291605398678
-0.18185000490513
0.785067342781741
1.9173933158318
0.539990853337658
1.72936302392592
0.527135610396945
-0.425754578732038
-2.02980476429807
1.45315021156767
-1.41765802573505
1.74682424135102
0.044879864239421
-1.24669320049505
0.973420293753679
0.771837630362187
-0.0719541023789325
-1.21017003106915
0.372210877730027
0.898988816293388
-1.41533508309966
-0.287699685542044
-1.08112376981798
1.03309540079218
0.498417914622068
0.231490470142258
0.429194061024161
