-2.40999584160191
0.105865195624354
-0.137027294389051
1.74886370360429
-1.071169583567
1.20429915067198
-0.903289163849512
1.3166473880509
-0.307909283709207
1.42312151352442
-0.0727032998438792
-1.55169973646631
0.230687192273016
-0.178987375734302
-0.964111976330166
-0.0918045458455322
0.108394717063653
3.58964112163999
-1.17100948791675
1.7235351911421
0.123617242146961
1.82179699424498
-1.43234949582733
-0.885159096038565
-2.63271178719619
-0.424419868490704
0.299462596248336
1.31972191994546
1.37526614691683
0.299725066529788
2.37942674159225
0.327560555859141
1.13915717126676
-1.64411325352065
-0.487950708005086
-0.161218768606066
1.79443992096695
0.912168034307872
1.64813814387806
2.30762590414258
0.329844666728051
0.494456140639206
1.2962658308037
2.32783302196976
0.05656038243165
-1.34003882135223
0.185871851872438
-0.572563173924047
-1.14731310028404
0.223305472013869
0.49447692146099
1.33468841523427
0.945435271820077
-1.53945171331227
-0.748576284715612
0.903473287508896
0.238158552662401
0.0693570454568407
-1.44366198781763
0.24778924503508
0.179968483831181
0.0782558272223582
-0.12934174998052
1.79089538518558
0.0233791921419914
-0.636233913309251
-1.35525453570272
0.527609137999267
-0.490881477048791
-0.307301389067477
-1.01717907406437
2.0631552736283
0.055077175923403
-2.03456697518937
-1.15359881938337
0.358344822714623
0.192945858247054
-0.663832971074282
-0.0262534065063665
-0.600078550219263
0.612472637859391
0.138646669408259
-0.74244244856208
0.892541248493267
-0.957326967223465
2.31956836681656
-0.233251952295791
-0.297792756084241
0.76789894746479
-0.941127860174921
0.257036180304759
0.262899657936521
-2.43253113691856
0.394374375957353
0.368769022962378
-2.01841028095954
0.28962780040118
0.998818017902849
0.531363958336742
-0.223190363279491
0.569811835564488
2.58056242164616
2.30638944436605
3.5445307989011
3.05429123566026
2.57556046111375
1.9055991388283
1.90830946502395
2.2690538272875
1.85948829751966
2.79513924567471
1.91903501154681
0.763453667448271
1.98321573861605
2.20854434088677
3.24692539591229
1.98853938285598
2.55398049936133
2.6042935398422
2.60866761420436
1.85037018882967
0.350429558838123
0.367499862986799
0.683212556816756
2.3877502726484
2.43035192047524
2.06625776250661
0.743567357085413
1.81698689500583
2.79114387622808
0.891359930349568
4.06207204924645
2.28456732039299
2.01761442457488
1.76794653282278
2.9219115356619
1.38354088989836
2.26928709459651
2.16384074430711
2.60461059918057
1.69030001464456
0.662096905802647
2.07799735074913
2.77488870524923
-0.391110988997921
-0.545712530659602
2.24203029292854
3.59918608023097
2.525770453217
1.50878594154796
1.48255242453698
1.65822190727346
3.79614226655315
1.42835146346539
2.67158326187344
1.44871745072371
3.80129202921742
1.26594918147649
1.68728399292075
0.00267512497191169
0.595008582562607
1.97526080635067
1.71565071258398
2.72333596166408
2.25590387856465
3.07652527588265
1.79474906162133
1.7974290262745
2.68839375960675
1.95136413265229
1.49330602250663
1.76896768007846
3.35037339259087
1.50403504031846
1.03660840040656
0.253193940834681
2.73607082296269
1.31650710210674
1.50311232121206
2.26793154956935
1.52166765459758
1.37151383650619
2.62227936517464
1.45390763328757
3.23173023721642
0.591786662445508
1.90853899080782
2.78699879335801
1.19483530777021
0.137065112758012
4.5282290669397
1.95765664972278
0.000146740627524178
0.96598529226454
2.79656949414122
0.17706229421341
1.44172594866274
1.73927723559179
2.27329900855904
2.00201080377127
