0.0823599009557407
0.0537403940343219
-0.562703524043104
-0.385844324359327
-0.140193455893391
0.983121313870123
0.103194316620603
0.523510379610168
0.42453736844444
0.33014957576943
0.518147597025219
0.135318525353813
2.19977245512539
0.0122390303401489
0.200801188666869
1.23960832308968
1.20855586952782
1.43181702986651
0.323947259448774
0.933502850222653
1.85454452786239
0.123935420703155
0.285671293403374
-0.492264462254916
0.159543527972453
0.0933315811809655
-0.863455607575803
1.46254392809204
0.18639698663881
1.81298169294046
0.168143805948472
0.350973643935559
2.05904229341215
0.654543061301188
1.55241728583512
3.38271615796471
1.28241918077768
2.18101837500767
1.38472827910678
-0.3935379820034
1.19678234782571
0.52935563620573
1.51875093683631
0.473180892175541
0.446333670687926
0.423545675750517
0.804138016681011
-0.0651501876252361
1.36750803400631
0.712526818392579
1.90724104455117
2.05545872119973
0.35010834338438
0.8320541363136
0.304638979648161
0.207098225891478
2.72526801329736
-0.837260937025717
0.923784391597026
0.66966239554038
0.652099711762539
1.00463260477338
0.847346068081596
1.78101645188224
0.873286413583988
1.50159472060632
-0.0664979867457365
1.53407821437017
1.22027959379503
1.47838033489573
0.0686789778096981
0.238408413453
0.851619056314844
0.31516784451285
1.0286932608832
0.367947368462254
-0.487083899946473
0.114523329028599
-0.296082598241864
-0.044016286122061
-0.0191554649588481
0.292193763792889
0.107612679079016
0.329068904985737
-0.256210796819266
0.480043597115898
0.947372574717302
1.82890952785791
1.55375763174761
0.64112590599884
-0.0177713349315711
0.355011535693136
0.269919942218529
-0.106489605658298
0.613172639274061
-0.580251696148167
-0.106613133281654
0.219178421171413
1.10843357056956
1.02848226517476
0.949995179578942
0.687332549195806
1.11205722330045
-0.270867963907185
1.37468604930473
0.16007081721757
1.32496740004006
-0.01604672991219
1.0867651047504
1.58686070234089
0.609334629742318
1.35815953054573
1.62118901045583
0.168197678921874
1.30581705848356
1.66513164291297
0.021293379631687
1.8696156795299
0.678895414796626
-0.185186941570718
-0.433199577415237
1.34275353721792
0.056575470332973
1.57276383807984
0.859927671415181
0.244326830707374
0.494551478353079
0.87006683888165
0.122391545272749
-0.671391953744059
0.530611300986692
1.23170380267979
1.10265376194271
1.1485378886957
-0.275739753471808
1.43460789669296
0.673776367248855
1.0902886469214
1.28896574547702
0.893398168468647
1.30259856502569
0.405722258329403
0.697450974614378
0.717955847449344
0.489927644055272
0.459676501957169
0.320109869053367
-0.204248856106753
0.846964374149549
0.808351896217693
2.23783078594589
0.42424453235527
1.75778183563867
0.351366451193095
0.873582014145299
0.468940184187343
1.00096980368518
0.575902917447589
0.800339668043618
1.25169788946237
0.98530068828826
-0.0474641659010514
0.227507055579028
0.973981800824051
0.927100568919001
0.333765740499503
0.822763780995231
0.428859254331036
0.295716763977567
-0.161621629372953
2.01651633208743
1.08022245997555
-0.230332712597914
0.260320167964741
1.28922123394984
1.46684940368528
0.621673094384301
0.716204158282282
2.02890114364499
0.056533197400341
2.7076083337282
0.718079141192855
0.349995615010548
0.800498960389809
1.47818701007513
0.391888443977224
-0.387620548360768
0.817472156068499
0.989741492896471
-0.0513496770737494
0.97212902802381
0.405628730398017
0.359497367579413
1.27953984652786
-0.124081486787644
0.328728751251013
0.0874877375743736
0.301044089010925
0.023630171762327
1.43702924693
