0.0498803520409105
0.676412442984738
0.306027478821864
1.54276440562224
0.125886808871596
0.437305889716409
-1.78612266657824
-0.0407577727623519
-0.473531371756565
-0.579343381185645
0.884185071046267
0.686175741061012
0.362776638038952
0.0774936407335487
0.481064926334836
-1.04646523214657
0.827430744034255
1.75561927818454
0.708486884555804
-0.464082837055679
-0.324669526896937
1.25216483393984
1.10268736527716
-0.82401328927482
0.0881332847132219
0.165686668316936
-0.0283553346677858
-0.611856513052761
0.0419934554516697
0.814160499592959
-0.352995906629208
0.903761496040012
0.252814270113314
-0.0834062448505364
0.856934160591119
-1.14096313713123
-0.849274014296248
-1.12509524296163
-3.09738555901131
0.0731018034974257
-1.44066630881952
1.14678995710321
-0.389844771931454
-0.128901272174781
-0.940326626025753
0.611286083035757
-1.27021052774649
1.59532965749294
0.347909411102754
0.523594871703735
-0.821711452524863
-0.341330664338513
-0.479569341654543
-0.941335263134456
0.989761619979691
0.252234340563223
2.4428762926194
0.659123813808618
0.322578310545587
0.234842715501436
-0.0315527312740847
-0.928853831774959
-0.0643611679723212
-0.970885750757417
1.07394387995793
-0.221899753972785
0.064087829704203
0.514261032586897
1.3342728517786
0.320944036283733
0.14486535643893
0.0563128664433768
-0.412976580065482
1.70299203211292
0.470862042563185
-0.564700370716889
-1.19811951338382
-1.27832017778899
0.466987985093771
-0.476813627743748
-0.162634920073541
1.76377319878366
-1.10462865993926
0.55777313867234
1.54582672735861
1.07488098591184
0.250906022087645
0.124103971030335
1.03941627762474
1.7404902985549
1.40614451040593
0.912418983356313
0.79705440506329
-1.17725839977126
0.250923024340986
1.0204153321247
0.109051739773453
-0.731798790132033
-0.0905732129256483
1.31435084219574
-1.57376559433873
0.633662110800507
-0.655114944793347
0.302388221710471
1.68072438375815
-1.38519363098688
0.87786688596268
0.673988218984422
-0.101452782073508
-0.101037764561562
-1.17488134826126
1.52152965362508
-1.14689688770433
1.32610199370909
1.37302727691541
-0.292595953895966
-0.0608631622008105
2.1447366203168
-0.412118152353959
1.72031047672489
1.10376301926646
2.18608637428535
-0.489628166746915
1.11345155219079
1.55730173166167
1.17005041169749
-1.07230778241804
-1.34678004938884
0.0913014397949866
-1.14930420852766
0.497949551558396
-0.614788719311773
0.422667680809973
0.289194303301531
-0.0974607915025832
-0.680651761203959
-0.510648110346588
-1.32199278441085
-0.647956775260517
0.146981935933106
-0.065735402045626
0.628635011113449
-0.764075905376979
1.48295187791171
-1.03522597170274
0.338144066676051
-1.25442160200747
-0.24193948400672
1.35581630142491
0.533430457399263
0.0377149920309385
-0.344966344600124
-1.23366645665444
0.564688431873113
-0.712430922160286
0.186773487634554
0.655812782171141
-1.45986057114603
0.29269932806766
0.205329140155495
-0.130690760041083
0.275696382824724
-0.0988471053837516
0.615041234950581
0.831839060528731
-0.510834135061116
-0.889230749760185
-0.995660000386096
-0.0884972343372224
0.000325337128352622
-0.885964918766054
-0.833515493866924
2.68799579276034
0.338162011782329
-0.505156876037384
2.35065583808741
0.960682344455886
-0.17775154414252
-1.03832449736593
-0.403624073565792
1.37594757219069
0.835307474248159
-0.123658940245273
-0.647996154488545
-0.0908839293916966
-1.35433538103539
-1.19749432963433
0.230584746531439
-2.52066942279658
0.184351353494081
-0.325856085880654
0.664158863740662
1.8846852002033
0.767850898731572
-0.20688401016893
1.14962018973691
-0.758134349909776
-1.67079945053013
0.227395497448846
1.16754768386621
