1.14432811621872
-0.397017676429283
-0.743859935873415
-1.46336499728399
-0.17802455804986
1.18449937334637
-0.305448573770194
-0.592979921344247
-0.330957885947484
0.3037539677048
1.95554870787151
1.07183895999817
-0.047340731240827
0.0307447681079761
0.883491737267868
-0.367119949952031
1.56831342960696
-0.614271712673706
-0.221286523782451
-0.862339386934992
-0.234664276543819
1.20631225277004
0.741911318517333
-1.07641166115502
-2.61292776326672
1.52222895447342
0.764155556396739
-0.261719979160599
1.38009585540441
-0.653694215804538
2.34925647101204
-0.443463001201894
-0.833391290264309
0.905771487431191
0.633024763650926
-1.20945648973822
0.967973348396393
-1.4889788623959
1.81372312303984
-1.68269045824472
0.664114103432964
-0.720132985265653
0.90355582739545
-0.31798838070604
0.891634246996399
-2.05465505349557
-1.9531965384272
1.25945888534847
-0.653466475462082
1.03606387160894
0.33408337828562
1.54813997494573
0.305142226939278
0.0332206632005259
0.864073504133677
0.946159253553733
-2.09603012634415
0.454113699970467
-1.39206418226001
-0.227435695774244
-1.18818356951473
0.297702385222322
0.0345219795580684
0.203655155095872
-0.0210974770800969
0.384468468272641
-0.283480880590476
1.03993243455296
-0.123556262784165
-1.11704441577396
-0.753636012478279
0.532113588042918
-0.467026374243679
-0.893973082544293
1.27694574723542
0.463144278614255
-0.116069375262127
0.351018164500185
0.890406465128934
1.35526009552606
-0.63166358805394
-0.342647344385402
0.535445565516746
-1.17828268448907
0.122018744873207
-0.463032009379505
-0.825408878824211
0.94773067799061
-0.493860334633478
0.84220156958594
0.513771135584461
1.18227965815617
-2.30912076216013
0.714333424596766
0.209074156907129
-2.08825736351654
-0.775428483347725
0.371228714968499
-0.29872494016834
-0.19053255988761
-0.255984690425208
-0.312678205491242
0.100598270247267
-1.66027512088952
0.362607980751387
0.787365262653134
-0.449890150262654
0.77396557725519
-0.253839782808027
-1.77101875957295
1.08798459771236
-1.05610652086568
1.0576918764401
-0.630545107870386
0.585606498223846
-0.254650837432893
1.30514623953735
1.46505323689099
1.075829624852
0.281836959692283
-0.573637030365126
-0.360818752104991
-1.31388721493966
-0.634946954325752
2.22850484342102
1.2573558595256
-0.787757498381835
0.328616609898259
-0.109953030380923
0.100928822134288
-1.15952784766304
0.0369239034937008
0.162947991154041
-0.439428839131201
-0.79585360190521
-0.104721814355756
-1.34800703814977
1.03867036729882
0.0786541803762633
0.998986658672298
0.958649327824378
0.305936480492321
-1.30876683740911
-0.882667886271822
-0.359286272893845
-0.325164324398377
-0.728545780764112
0.1694463157669
-1.08204268980669
-1.10134036508081
-0.130775794367123
0.340177189985688
0.29486617287193
0.25486932677635
0.189110317538974
0.0482608721457301
-0.398518149836388
-0.964317897115352
0.666522181315373
0.701205735464282
0.74589144835499
0.0671910089375428
-0.979205818709713
-0.0480025236581656
0.545596477591458
2.71032576483983
0.605771341256791
-0.447462598096697
-0.380801409771723
-1.24922345158349
-1.35032166973571
0.222418880098073
-0.421002167250903
0.685169007427693
-1.28390249933352
0.426841694071395
-0.394994786806054
0.264025630172349
0.549245061908606
0.524789137762559
1.36142439062747
-0.853516736669452
-0.381628971862631
0.448412501541269
-1.60819618703306
0.628497606736581
-0.589246715938537
-1.22864346741223
-0.501493863184162
-0.768715381953328
-1.47392220888072
0.216269204159094
0.260156298574011
0.205604168213477
-0.940931686586164
-0.665777812261481
0.266472799228257
-1.05516988846869
-0.0812532803028947
0.999650674890918
