0.756166264791462
-0.36495281594721
0.683163486533327
0.902567151821567
-2.28304898210352
-0.503848910371244
0.336689392894382
0.665328582859229
-1.31802876420712
0.191188204112642
-0.469245959485989
0.308616750644691
0.101518168257985
-0.599747286853519
1.10845509656547
-0.108573212412837
0.887616786934916
0.186878674982289
0.389049082141813
-0.125346504393876
-1.00619337247478
1.02556750778511
-0.0497727587845064
-0.322171937282101
1.38713714228918
-0.482242218947034
0.815430184003963
-0.823844381004316
-0.90694060909207
-0.902416254237451
1.50693837699728
0.0613513950750823
-1.42116754476164
1.28611925789944
-0.102240080923472
-1.12968373550336
0.829784359610114
1.37211821937818
1.7336488239464
1.20466529143849
-0.210467370775953
-1.51463313687976
-0.30809986819938
0.0958253036871625
2.0271205481866
-0.074382014086849
0.0408002374316354
0.592373184868121
-0.553669307621867
1.05140009637962
1.31057891445353
0.279325388689255
-0.193028099690339
1.60210465457129
0.872532205934777
-0.254431978490385
1.08023554290311
-0.8660733608081
1.485883663049
-0.86088439253291
0.625890569561371
1.60056676941531
-1.49871938271345
1.33688857613082
2.05738384648041
-0.41756582765217
1.91452437624441
-0.668082010499617
1.29603998978284
0.28988899738427
0.610944538877038
-0.940691392560076
0.138762890259538
1.08531416231494
-0.291169769071306
0.770110853323578
-1.55384207339257
0.614264719759166
-0.45330708285982
0.0333173891196676
1.49764709447186
-1.17996914314573
0.167449945657939
0.357340566366514
-0.0110421307349066
-1.64959029538489
-0.0578614619414073
-0.129154978712605
-0.30981127256049
0.407204180649994
1.00236952483356
0.238878612785164
-0.978513031867109
0.911179732401295
-0.173260601884852
-1.24421697671123
0.619505396244959
1.82826774193522
-0.249513631328855
-0.601828811360443
3.7549094080471
4.94026960045462
1.81154233697009
2.06168495379013
1.47907823928434
2.50104604657226
3.60291401379266
0.587751925615663
2.23299947605892
0.841054965217385
1.97665486153269
3.01693500556959
2.86901424488304
1.68392593944284
1.70507390046267
3.32791779356346
3.17824603310447
3.18589255587228
2.24085519472668
3.74301200148801
2.23869278185296
1.24786596521269
2.56924760548093
1.77158801626345
2.36542019295359
2.23373636780193
2.57407479700295
2.80922373330639
2.83006088018658
3.71193420903745
2.92159423491503
1.28817984948113
1.43258124383928
1.49823047710508
2.64715532648629
1.3877413731351
1.23174926731271
3.3133876698419
1.40822220578907
1.72800130667315
3.35942195935988
4.22790343749456
2.41981747304085
0.732521557246164
1.76112339872345
2.36121309022468
2.15295534528211
3.50176434885306
0.713270234661378
2.30196665382651
0.0941748103290485
3.02049620223653
0.92271894622064
2.49008135844017
2.894023953611
2.96976331100894
1.91474316768603
2.23024492725822
2.2952719610764
4.52994127063312
2.5844944985828
1.53099366798034
1.43113180282713
2.2446809841357
2.43933023123762
0.387332088151103
2.60658891744499
2.41762164212219
1.30269935069433
2.89034894523983
2.02951720736553
1.18598042668835
2.86005159490112
1.96516243307863
2.6923489434585
2.02390861147076
2.36962736821839
2.90850047030987
2.35368565596959
1.11427515402701
2.87345085939278
2.12379735754681
1.37640469037702
1.88236777870481
0.754844418086632
2.98595977771049
-0.373329876618801
3.25165858985714
3.14591219022224
2.03888721501505
1.50620339212612
1.06542274400158
1.02012526105004
2.70172144366639
0.737028190301752
2.15238074575535
0.550496303011347
1.69244036227537
1.42161399346726
1.80809457923681
