0.954061864383141
0.683811044966206
-0.892036476586276
1.04180360471982
-0.231678801273552
0.800148178088864
-0.695425985711208
0.179279043912197
0.795665769858262
0.461219908460476
0.378973795917664
1.48813408824685
0.350850355434148
2.2455847062927
1.17968353517455
0.0748152994255417
0.408787835478317
0.735530274658595
-0.367606574815262
-0.397565419115796
0.60303138577175
0.448511073768844
2.44651342944345
0.660068387970176
0.573262630722354
-0.0734461622258076
0.16916219183842
0.591670686402685
0.503966901190491
1.91913460407806
0.449741736733342
1.64932821474515
0.590268584734372
0.490126326192065
0.378938236269807
1.28096640088047
0.868759128529007
1.08073905119809
0.570246977861198
0.781366574052083
0.643325081006025
0.859731284196449
-0.532812101236716
1.87913586393225
1.14101837089961
0.482666973814694
0.157788124202896
0.320845808044432
1.43194716544548
1.5211606732896
1.80076142787897
1.51316474988188
1.88971753659408
1.03134632396588
1.00737411063722
1.88131044482377
1.40930949605143
0.862555510854323
2.48985982818793
1.89658668813064
0.784822941537791
0.0100711811830104
2.53199692509511
1.14321899055542
0.946289679280769
0.906382155927658
2.29895904655008
0.736425717959008
1.29014740427249
1.6600890112711
2.04741519168774
0.878917097727212
1.22583211840061
2.03455405816991
1.58645244195319
0.768967800106274
0.488164967685566
0.657285629693822
0.371610321148289
0.164766739202936
1.20995399715743
0.568255860341931
0.598308191292145
3.43120435600526
0.723561352090667
0.779754010862715
1.81016932303244
1.2380051137288
3.46996120042592
0.587813318714437
1.74850356809125
0.532459472532533
0.986532885742038
0.503856382719203
1.59992821396144
1.97448256084243
0.691534264641983
1.82431383360295
1.86567259996231
1.52787087008116
1.75916474489014
1.20326844922868
0.55904640923123
1.8631635175127
0.866417411467772
1.89733084863697
1.60280471767687
1.13256961478939
1.83299807775424
0.736255797688751
1.32168337170674
0.752758611251112
0.499612692368156
0.817394486469154
3.29069692017121
1.32937964824355
0.607571153000243
1.75489700451811
1.68021079993241
0.680637988867161
1.2670712942895
1.14583027689477
0.750416142067352
1.07515423803253
0.529551301443085
0.860829130043894
1.63557773747268
1.77116965579834
2.10064830108735
0.0560079745210168
0.570546384383986
0.578029767405033
1.19247977516877
1.68653708433762
1.97153843690244
0.768554200842727
0.687097799599506
1.60609857194685
1.74458023631509
2.2046368532015
0.950044374059198
1.44690828893767
0.457451246957953
1.23428504862967
1.46536023185017
1.32020169552954
0.765685386974807
0.244891020199457
0.883196138761134
2.45317153839063
