0.519875424812089
0.467372458858752
2.05418293279333
0.6076550115172
0.699047978843824
0.707008739272046
1.41300755486746
1.6602372996317
0.832143493962772
0.499018097785664
0.547260431588222
1.75162102397002
0.392412755205248
0.490788961678074
1.48040451751803
1.01599596849165
2.08410281568059
1.0581192587572
-0.563192818710229
0.404239599278766
-0.26933708857763
1.24223147031162
0.912931118182359
0.338109870006116
-0.523656685605582
0.768040478297631
-0.519556445922607
0.731497755555399
-0.299877169775854
-0.379706359246094
1.03181502789302
0.192263753371984
0.177790415783128
0.864576008275486
0.661211042061726
1.96598339764902
0.816379164192716
0.797812157442459
1.12053303480332
0.354824479826669
0.320758103669306
0.976130550868509
0.267477564274699
0.144971155729424
0.553597679362057
0.460860334889729
3.0706871556763
1.16684105966249
0.792670443788936
2.04762974512984
0.769465527456535
0.913164852380657
0.184919980402739
2.03874234659105
-0.0104546636409007
0.500146555099726
0.196882756286889
0.863138012108763
0.757955082241204
0.857934627923299
1.22517375006892
-0.191066979627498
0.74481273116658
-0.215733206845681
0.0262808222434595
0.670152954800399
1.04452095858964
0.341040415072076
2.24656373867444
0.162204450767108
0.888358860190207
1.61950604957251
-0.391609251665697
2.63667105503675
0.5491030479142
0.861370011254569
1.06109233583134
0.958373179145445
-0.861179676787634
0.366128075264396
0.697062240881115
2.08613306427786
-0.79410555330152
0.0290532625948576
0.176569651365181
1.77317392205022
-0.0652494198103223
1.10375088583067
1.41939498696466
2.12441786315171
0.103274516923627
0.576692056909659
0.314348394668741
1.2579061366708
0.363051272037358
1.11209260333659
0.696769984191198
1.74735545029591
0.770730386509012
1.52377216244886
0.809837265959633
1.40203319430043
0.367597408757824
2.22577310370422
0.810468127733791
0.609645939497379
0.236160404847447
0.681865777640291
1.44372264540123
1.12756312671723
-0.0666570493354021
2.0186859718206
0.887688889040684
0.556564353526428
0.132963799631768
1.05081983739651
0.809947979833636
0.318300580015031
2.06301383355569
0.810145850986793
2.22060243338443
0.117117582481575
0.0359085005502282
1.13798613651294
-0.604751956127113
0.0901697077102772
-0.0509865847943806
0.956420982580911
0.904935041392325
0.0682463303824896
2.12069051373348
0.241396784588767
0.119317786968409
1.51083575216306
1.30067996029284
1.74976087032033
-0.462069431045738
-0.421350798453693
0.545441562364256
0.334428315167779
1.45418681235244
1.71244127029382
0.204351194707244
0.67883522282312
0.728916464098817
0.434774714146496
-0.234151571336097
-0.172357959909517
0.665883123998858
1.67623916512375
0.601888287096626
0.647631674515503
1.25109269932739
1.07285924068253
0.220461804308343
0.776346350286782
1.54320867798479
0.627908714200503
1.5857519859914
-0.101527506724783
1.53561954058252
0.0455484235458038
1.92356357903537
0.240385036962398
1.58498031661936
0.666468995992849
0.676018915794922
0.407424334607315
1.00983479946249
0.451327515940496
0.931634910402104
0.575591033618907
1.24275956877152
0.966018753031501
2.03950944953103
0.308793169460001
2.06121184934724
1.82579101419218
-0.105995954660676
0.513513108279601
0.531094896956721
0.370056397086818
0.18279441359517
0.250780044347637
2.29143427964801
0.259734723509725
0.0465907530906755
0.289142344444438
-0.410822216962695
0.0386082426821132
1.66351149198107
-0.154027978966086
0.80437997547775
0.967035286957239
1.53743361514114
0.983761538103573
0.112991502259449
0.545137218492827
0.235493723937042
2.07597225916605
