0.257754725303609
-1.77583761242114
0.817951235721087
-1.12343293196313
0.326095928495811
-2.06612587867612
-0.276098081230918
-0.153256315052777
-1.65617740301733
-0.667403002168499
0.291797763209468
0.555406087995401
0.630409691103984
0.936554922250993
-0.200781549989545
-0.331826405935028
0.766720047843469
-0.0670247932965668
-1.30994052277924
-1.2727714531451
0.0761878613769384
-1.60464702664333
-1.72402848411472
1.42110738794944
-0.0930206468511481
0.63595469074367
-3.07138148961336
-0.0726536474031357
0.25136687812857
0.21582782223451
0.458925161636264
3.42000375837768
-0.467367987775022
0.894499615463469
-0.286016120779698
-1.06473101792382
0.902062219203584
0.191177978478411
-1.38751423623395
0.492121186969832
0.514379937310401
-1.49002245960084
0.951687273688089
0.503090388168493
-0.104775817803592
0.157076557056878
-1.9752139819037
0.850552230312183
-1.98561267581923
1.16630361414385
-0.00253461627593442
-0.535239972058687
-1.42428756494231
-1.74152309942478
0.587919312290288
-1.31461579736716
0.44337512765049
0.919258620970296
-0.931300604198661
1.14289504752354
-0.983485311825024
0.0957963921376539
0.984983918195844
-1.70584571378732
-1.91141353751464
0.812063846709641
-0.995798991720222
-0.134143574199129
-0.373471307214469
2.29919634022384
0.390757244118728
0.26107878090557
0.991323288361797
-1.07260513466817
-0.0468109088612419
-1.34693321571651
0.588713488260283
-1.66602608033738
-0.130453120494896
0.932203943427982
0.384144533602862
-0.841036997891649
0.21696401976628
0.439507087546107
-1.34424248325216
-1.55304682827289
0.265175044477996
-0.273414266817867
0.150513940425904
-1.45087475609253
1.48088888527041
0.304113329913523
-1.48686816837091
0.889855749697591
-0.237849475537568
-0.815464229412127
0.318581195167686
-1.93476962337867
0.74241320291332
0.0485506193960436
0.835095071254203
0.905814054107722
-2.22021276167766
0.55905993217203
-0.705854705086448
0.896182840485399
0.733755806667312
-0.712828042218226
0.583126064065886
-0.466193949708089
-1.73966795809387
1.52045484612218
0.352969217348291
-1.89510973296722
0.27674842134826
-0.647392356635897
-0.835938503278121
-1.24572087624554
-0.760951955473192
-0.143869644255621
1.08166838358224
-1.51158443501747
-0.702377538670569
-1.36736290461813
0.0309524823689337
1.55522043202229
-0.484625065668146
0.95147868354992
-0.837964363759747
0.131319782447287
-0.709705785692321
3.02008974334793
-2.04502833070788
1.00553397156199
-0.0790859361098678
-1.32390790909888
0.264516110155955
-0.0492334031315546
0.724802212206017
-0.0726432837497988
1.2923637566598
1.1666005964666
-0.306182156619997
0.23989845020541
-0.249247383946584
0.650934320308461
-0.261001999973649
2.69884039414646
0.742925968150192
-0.48504748974012
0.668581379719776
-0.888687963926183
-0.633423613186345
0.906223774724029
-0.366211565489768
-0.896638185971258
-0.59871285054711
-0.222766511850982
-0.0425618589307655
-1.31660481013158
0.473547850744004
-0.213235962414194
-0.688343740864232
0.0102282057664912
0.140865543550571
1.68227653716918
0.748673124313388
-1.24214986726503
0.188857673154565
0.252677839247806
0.274161082625209
-1.58725156991354
-0.659677408862488
-0.876574233434005
0.278172028699176
0.267320461853214
0.178806834325912
-0.291932683679881
0.170184465297698
-0.747641351640734
-2.66626264048922
1.36533742311445
0.217542283811173
0.166794811102443
0.504671136419321
-1.23335154130529
0.556334329425131
-1.24108446784412
0.220047678027919
-0.744908077396496
-0.765153391216812
-0.634671956639734
0.130805777590521
1.7582274389106
0.540838982723778
-1.38343915367108
-0.366055865337965
0.0485193294349121
-1.01424652877686
0.855739829850471
