0.467467350664252
-0.848360287130458
1.98896105199898
-1.3561682535357
1.79063298211475
-0.149716924481421
-0.472711751352576
-0.7131852533142
0.396573407537015
-0.743532014179121
-0.0569328103101713
0.549630325592838
0.281618354818437
0.651804549026971
-0.677872802947694
-1.52901808578526
0.191978776531435
-0.615884561759413
-0.261640469409656
-0.406974423019063
-1.5359603498554
0.313813313426959
0.137409745382197
-0.579207984733641
0.980124220271384
-1.91388845156122
0.194716947032114
0.00169676941290082
0.0602177729429883
0.675396847847091
0.119227952370821
0.354256893448878
0.14759657952486
-1.5167279308936
-0.28229790158667
-0.157355173323401
-0.672414750118957
1.17067249392802
-0.610925996352617
-1.38605781181452
-0.865453860264789
0.0908564818537438
-2.35307817351991
-0.50830848500333
0.59853013491741
0.23995620019877
0.250143669527655
2.31385190024626
-0.0442371692943551
-0.131885788710556
-1.52841078167615
0.441370789192113
0.618667801795785
-1.43140174215266
0.0632848558350221
-0.304140347329855
0.361388390860597
-0.891010910383017
0.241836791749419
0.268995233892662
0.841721527351326
-0.803291471648958
1.14982068545082
-0.60119726523019
0.0766991579940221
-0.888970276149502
-1.15949130197029
1.69405931262319
1.11431309868695
-1.34988327038665
-1.90203591211588
1.09620885686653
1.50153436510556
0.678436205818399
0.0276418303422996
-1.63924436199666
-1.18955644122981
3.08843472967725
0.275527524683577
0.761322319937776
-0.577228067184223
0.509006521077191
0.0793217197949747
1.50421936515068
0.165461392820793
0.787269425625195
1.72531659328802
-0.307585833692704
-0.111211007487639
-0.746820704656066
-0.126272135531579
-0.325629333868575
1.77170416517045
-0.335496067803226
-1.12158393394968
0.375740304656957
0.588605856479454
-0.659693429109628
0.480017079532384
1.52988895006775
1.88632887691994
3.09753301943152
2.97414162782647
-0.820490906716637
3.67366158287422
2.76494031068966
1.32561279666547
1.68785600738311
2.34866811264688
2.99529388378329
4.30892575435664
2.94122205958006
1.27766594658433
3.48922830102544
1.28353211187226
1.9863332228882
2.76452460046051
1.78538168125789
0.658653855381978
2.13225815859853
0.875006439905087
1.65055653117351
0.588621902900546
2.10408679222226
2.24613058550252
1.98928635200506
2.38814951496336
2.51743283591424
0.961714080805212
1.18102036020407
0.208593919132294
1.49413752121975
1.74580993441957
1.25503373776767
0.495768447655205
3.07812444494471
1.92686052542145
0.855196737887219
2.16856274959428
1.64879655582341
-0.329264599428658
2.92770880394752
1.9124484997891
4.13558126075297
1.75093551191102
3.62464862698683
1.10847351648968
2.97520005373574
0.725856282373651
1.57738646424732
2.99675291675438
1.08535524172586
1.51876514668402
0.640246648299801
0.816358382395917
2.03662233857062
2.893499985222
2.77497384929245
2.95521342532044
3.7793514839617
3.01628413226334
1.99081904615633
1.81710573620058
1.01353511192048
2.97153587196113
1.60440676778062
1.61697261453458
1.43189408640528
1.66169989430464
2.00128714483832
1.65340318521623
1.62061105001108
2.27094636461177
-0.0423326383666018
2.36622555123373
0.229449565548284
2.08953799493576
3.37811429231766
-0.356670008225124
3.12494476750166
3.91407161771107
-0.388552211749818
2.75278002045661
1.63715226757179
1.4489355884725
0.898017674299499
0.84277629857879
1.28927171883308
1.39764137741112
0.703186811641986
1.24694521557087
1.93969692759518
1.18232482479494
2.57852484129311
3.27278602087494
2.7618338852736
5.36495844336539
1.93187417553195
2.40478622652779
-0.132112266889835
