0.527268663619615
-0.241388536359112
1.94136325718055
-0.316807091526726
0.987131993073256
-1.67049469344837
-0.70618074820739
1.1402936770267
-0.477522001653008
1.29915362805794
-0.248927417375168
-0.0841200386748769
-0.932106149999969
0.946273531150377
-1.47935395383216
0.404416785814844
-0.0299548664462986
0.976412127774832
0.152311890151763
0.224637238909256
0.8458630395987
-0.165663432116039
1.44825396697184
-1.22344856775135
0.736704185324776
-0.231375892630297
0.622566965934888
-1.85838240268764
0.566977024320384
0.25110224901129
0.248440776379787
1.02860774251653
-0.578029838061201
2.43361624466346
-0.731057481756377
0.714720486656696
-1.60831652574866
-0.153334778822788
-1.35773200161184
-0.96781297615302
-1.86005053256495
0.468171017747306
2.67385505951786
-0.915996701426817
-1.18190493351382
0.489892277390845
0.208211954447574
0.650579729291323
-0.91069252179908
-0.067243546613841
-0.0783447600550349
-1.22270258491373
-0.769428042708147
-0.308799153862547
-1.14488067392878
-0.0610351368757188
1.15908876607308
0.242238845407836
-0.650917201871528
-1.44772886709602
-1.45420664646349
-1.65302107933237
-0.48424118739426
-0.506285011588808
-1.10153222819063
-0.359767667120533
-0.92304131812068
0.551414066830067
1.10562878740676
-0.334431181477207
1.00130768040506
-0.501616538532466
-0.64273064048243
0.420231313186311
-1.25946552705532
-0.548318100019602
0.123838758613992
-1.61110663762586
-1.02329792265153
-0.594382155723963
-1.08221718197297
0.933815479399128
-0.87192500612877
0.493761104755507
-0.700229094829679
0.0598055271228252
0.16325098719614
0.609874671907827
-0.321430658027975
0.586883539984143
0.545098949370816
-0.737699208065564
-1.62307007319217
0.832818572065645
1.78464479661415
0.662372797915809
0.0728228382357944
-0.693426190114941
0.886762459797694
0.18041159305823
1.71554500163969
2.41688154225806
-1.1394301258186
1.99843425805342
1.80667519461315
0.721424956454309
1.69320320516932
3.78675802364164
1.54162473448509
3.56456925320655
3.35152261523215
2.42008427542847
1.88299052884769
1.08606835758851
2.73480731807522
2.5986155047819
2.41134887160757
0.580843046463922
3.52201575770202
2.29647335247609
2.01736884967473
3.2568697159494
3.70118011261055
0.491098719729087
1.73365424917858
1.98715563187611
1.98834835058724
1.82991194580022
3.78623785357208
1.77096612364453
1.43077260550257
3.11596984219623
0.989099119627102
2.2507841702444
0.326193413565026
1.85919170951841
1.01189961850379
1.81407984035802
1.91561402156175
1.90104690492824
1.74686696546249
2.44289258944943
1.30829050494062
2.03989596049137
3.67696350564808
2.01371331469626
1.31254378157644
0.949769379918866
1.79492830039881
0.771528033768283
-0.309178198037072
1.34751493338311
2.1515651339558
1.25780910682886
3.3132999185446
1.86221477449251
2.86110423462526
2.6058890745688
1.27528909010803
0.896637522449735
1.93485846982522
1.46634776202508
2.33102032697281
4.24997305723159
1.78992181839974
2.95764101107856
2.29884631002545
1.2014510078113
4.61823348932937
0.666364113839967
1.63728960365562
1.19090441490992
0.575350125669324
3.44938442745728
2.53771365568108
2.67177564117779
1.51022253602945
2.53407771154635
2.3431586159856
2.44728012400149
3.19497847900687
0.894084210437864
3.21376070992439
2.61032385124686
2.23296534445189
2.23207727367425
2.63900254648469
0.939662936422582
1.43875567868245
2.93134320054712
2.92946688706655
3.57993983578665
2.11453462038093
0.306358265733802
1.20071601355025
0.547875371082905
0.930827871286724
2.12849706084416
1.55828816307403
3.96546160691157
