0.590289379505771
0.795103060309004
0.0628666682246775
-0.611514698922569
0.0880727089379512
1.04046418975358
1.89917362774141
0.79260924124072
1.01533640209932
1.00946444196505
0.945951548825212
0.663648613848931
0.206536896078079
0.195520778145414
0.762318557812494
0.187856303530504
0.423976733170056
0.644044494171734
1.80592780382416
1.18403174828937
0.131228965463205
1.61048753185639
0.66480009186562
-0.411464885984929
0.886972352085321
0.74740811874156
1.72488057998912
1.8126345069192
0.586695785909706
1.13425220085991
0.367875456809264
1.26184838520119
1.29257064560705
0.97956450474682
0.0369438066109331
-0.541410203103681
1.27054216830603
0.170929534869423
2.15399061741698
1.78465536758513
1.65477523429361
0.63189067105493
0.846547322320874
-0.145613868436712
-0.437851383016436
0.735288613506712
0.523464697777066
1.11599899870937
1.4020648409289
0.989086330135983
0.832096312750826
1.68219467855487
0.437939034634386
0.60840639757219
0.782791279941701
-0.00287651741939206
0.400609225686241
-0.0192150394002456
0.346972934816752
-0.0218433692887328
0.36047344445929
0.93778355877944
0.225923264210324
0.163747605570568
1.38894327868103
1.41071478484728
1.01883143152089
1.34500950030412
1.39319117184775
1.51533103944748
1.28766710162256
0.769039058459959
0.673804304756743
-0.605653568247167
-0.197769747039009
0.0180406761122757
1.28571112944691
0.768626117968837
-0.027924160596504
-0.0296377573764455
0.020457643145838
-0.0788802399790967
0.697114356953516
1.49865965941766
0.482581303574097
0.578538469092554
-0.192190099035855
-0.398125825328066
1.03435846272998
1.11544125365954
0.0369917234421719
-0.0465433959671292
1.18559984783886
0.490856487284523
0.0731464687648475
1.18312697782239
1.06308145189424
1.82667853537857
0.916729682034561
0.353570075758821
2.71225398294768
3.51138174073557
2.83731099045371
3.19661838886138
2.55551538876495
2.33125469660818
2.35972538938893
2.82291124937131
2.62206646503297
1.97255448510998
2.88251745171875
2.93126895897525
3.58911187554028
2.11532519991648
1.52235193932351
2.15373899993811
4.18732019850045
2.43663852763048
2.647243508682
2.97996717373515
2.62279117757369
2.87387408357673
3.37554309874264
3.41594027658826
2.60049185167418
1.7653774197287
2.81294863832304
2.21238101960191
1.65308970185086
2.28594561504068
3.38445938847744
2.95500012298068
3.90645920446715
2.87400232464049
3.67213005445984
1.85999306364532
2.96873273129125
3.06602274806672
3.21160916873989
2.14764439494869
3.00732498052036
2.06447618522928
2.91129802229657
2.7855569759104
1.4684751069763
3.67259423717688
2.24944496543731
3.0399922313997
3.49263312809213
2.48995859070173
3.17443117209457
2.83105254628688
2.87089463441547
3.36102015457393
2.99227899389095
2.57602252471159
2.92108430233621
1.96998568007377
2.8198539699079
2.4319759145567
2.38610932825161
2.91586976452349
1.99463213445429
3.11930455074458
3.08768954579799
2.7320725268533
1.62011640970345
2.46694558829748
2.5958440038005
2.83274970782637
2.53160826601761
2.41295309401276
3.33087847052639
2.98180404940424
3.94955214840944
2.24258950582216
2.69892907227923
4.52523529967475
2.96982953970096
2.97891236567356
2.83182272928036
1.90485885190645
2.15103924139209
3.23373133959334
2.98308714515781
2.03504812839013
2.19355614392838
3.07248442955534
3.05365053120686
3.91443317021996
2.42422948469182
2.20038942725153
2.21674764134267
2.02200156155875
3.55642727558655
2.12821173519565
2.9180035920598
3.21589707106714
1.88613222584391
4.219811269672
