0.847933083364345
0.314577025465614
-0.0386284321578282
-0.10677616215486
0.143303067008351
-0.109856578650511
-0.475776258080594
-0.00315974644187121
-1.93305961873754
1.60802882090256
0.483376797357843
0.179257153772219
0.54428543418877
-0.948696106866161
0.470413416022434
-0.806171365181866
-0.740002332429055
-0.673704080667036
-0.719945660478654
0.327767822077027
0.513936036681659
0.895159648566511
-0.560100401125166
0.878191829994671
0.862489422024246
-0.481987490207022
-1.46854653095413
-1.78471809229784
0.0349100349645253
0.564849161228503
1.22256092318139
-1.68996014730736
-1.09562334065539
0.912675546263811
0.107367006104035
1.11801306649475
-1.23140521112398
2.13060156641567
1.29533323255509
-0.377526686119962
0.698733831959248
-0.387812312258105
-0.276224823165045
-2.4484889153229
0.0411437817466899
-0.898061991072711
-0.310254387064367
-0.578565878256195
-0.732826445902104
0.379244134668655
1.12137631712845
-0.269155851340187
0.71368641918128
0.345340190030642
-0.614482164028643
0.390368187827102
-0.77692171139609
-0.275929543493994
1.67273126824796
0.532011904280048
-0.20237354302009
1.38310212089449
1.38234545807693
-1.37279441599691
0.568658008525344
0.362569690589058
-0.0179956733448005
0.949247062460251
0.909746724715181
-2.12209685567834
2.44439613398629
1.43294314128677
-0.0464651206110627
-0.576689013423798
-1.95966581413166
-1.21998605668344
-1.18076793529701
0.858177329067999
-0.617140196293262
-0.117105446157554
-0.754189164061149
0.924687526322013
0.376564207831958
-0.863233828572194
0.0132584470941233
-1.17697083543553
0.284149522739854
-1.37590382697708
0.270470352007979
0.305816074518929
-0.251716636248489
-1.18148729855026
-1.95381213238378
0.205095831280913
-0.92866523512903
0.0533199618194722
-0.258477754628281
-0.422800678250154
0.789924822209476
-1.65512950563047
