-1.18722813417277
1.97882693655186
-1.31939757285224
-0.590446828812256
0.687057557725806
-2.20292752208236
-0.54140219236088
0.741037036063012
0.95731500182489
-2.13294885043357
0.131013297205172
-0.692441094893475
0.191714161666566
0.127264831104539
-1.61824567428854
-0.804764423661897
0.539409050177674
0.698353041561592
-0.786400718401412
0.107432850564378
0.13825915299493
1.00880424800905
1.87093793399405
0.518446183785147
1.26046752021471
1.06034926202907
0.344222038794309
-0.0888520081736085
-1.53297258394146
0.76704337679777
0.324680882796492
0.165027737000279
-1.3548365624946
0.0632148679018563
0.469742409499632
-0.856114133475667
-0.413427621862962
-0.293203545774774
-0.782239681596676
0.694985181497062
-0.393516411115292
0.552301694902706
0.174396747101279
-0.535165076829599
0.897454093457516
0.980931411994328
0.261403706364506
-1.36644961189698
0.369216076196747
-0.233672533250798
0.682159178889034
0.117546326937451
0.798802693630634
1.31826638559824
0.287850195981829
-0.782192809753798
0.796293620359521
0.670133754360267
0.685784566174908
-0.127796570925036
0.792918202866209
0.958225704967187
1.54745102203617
-0.324916350309098
-0.407397600605098
0.973353514558805
1.95115495954416
0.967133376483979
0.986956158978458
2.31899256235941
0.801515288900641
-0.309969677547145
-0.109017357599115
1.67930942052435
-1.69625386903333
-0.434342745792128
-0.111913500807673
0.326866008441076
0.596946251469265
1.20594728412169
0.935933096092682
0.968645700261069
-0.367643091000508
-0.978968925170757
1.31952081500688
0.0500832660114004
1.93415801634426
0.0247938700099942
-1.01062057150155
0.502348457172764
1.19952258004914
-1.96897524228294
0.378735315802045
0.555356252758238
-0.149722368472992
-0.254476419035959
3.07480882766565
0.792335172287387
1.11041842651255
0.784365891284752
