2.27791946971866
1.27531429413872
0.216880471257033
-1.58244637973077
1.50540056322481
-1.34265251721706
0.214075210689601
-0.00147151537224635
-3.1082865006801
-0.990345779344398
0.43706507175955
-1.09756079134909
-1.03540100345033
2.38215354381142
0.401960634586714
-0.000620943971383819
0.180170688100517
0.610454589284219
0.805728745114979
1.8980414798838
0.448222725766167
-1.5538478701851
-0.0351588147348816
-0.491088574036974
-0.800559799659681
-0.555944982603034
0.139914085932501
-0.234189798365117
-0.239586675878579
0.371708884091821
-0.639806225623605
-0.39316399904475
-0.428355853899885
0.29943271475644
-0.217131236350804
-0.581667319685765
-0.44013761189728
1.79559567751121
-0.537496180124141
1.03993876822507
1.20145668558827
0.262026000053018
-0.671678748877821
-1.47524378108435
0.887772975773476
-0.252181152581875
-0.117626729132762
0.839174919585774
1.77371182998085
-1.20082129263601
0.0915617610150888
-1.56262689651098
-0.386761703680941
-1.27851678693419
-0.531379698521421
1.37212100288095
0.203547623582197
-0.27489991169893
-0.946141782358991
-1.11258062073952
-0.139701942959014
0.66407876754318
-0.880461102775625
-2.97443375196167
-1.50841696270255
0.319565369273732
-1.18530424620472
-0.150673779989957
0.344638036235219
0.163621594909654
-0.355444983396173
0.205146546045613
0.932747437137574
-0.100660584598569
1.25231140984047
-0.0924202058376317
-0.357785614593756
-1.41152302078784
-0.372175896809505
1.53647505453074
-0.923155499415611
1.20016122370024
0.962588760614601
1.02115339566346
-0.794057191510814
0.984623372978863
0.769265661803823
1.20973565140855
-0.454309566363876
-0.111431372069734
0.68194693297393
-0.308662050758999
-0.0230924112965184
0.272984469253997
-0.820778297317314
-0.231597567104841
0.104962788955241
-0.731033963235833
-0.243927874683795
-0.580074454684295
0.770553317200971
0.587865759448043
0.592601532153065
1.72365614691664
1.52166282725967
0.861275805135334
1.33054962488083
0.0459646248919123
2.16436044018862
1.31385833104629
2.4507867979893
0.794482039666337
1.21968150675069
2.69713103883463
2.05062461359954
2.28882012910401
4.17267749148323
2.53096403166507
1.73065749015281
1.0318759560963
2.76050012256771
3.01777276511602
3.46022491972615
1.45118137820263
0.69378604915495
2.66303163927911
1.7108762894618
0.977815691594095
3.59092233005121
0.526801484224056
2.59721046548728
2.76563564245356
2.61019642793064
2.28158123004253
2.65990514951223
0.684340998002216
1.61484048420621
2.2223158589825
1.76531399925531
2.83362675037005
1.8923528174833
1.83890457195251
-0.555367562854721
2.5240019919465
4.03463002168394
2.50958535413607
2.2468922770255
2.22364282965982
1.92840298309503
1.42473573087327
2.79443037179271
1.35006585245481
1.18732950166447
2.44791727453883
2.13687321780895
2.76671112228736
0.4464387961647
2.54593916151013
0.0411874700099111
2.40774766010174
1.69717709215606
1.77155788522401
0.450993861048056
1.6234447476092
3.17969397723602
1.80245947954514
2.69967089767877
4.92430676170817
2.3014556937031
-0.391959495713336
0.740544763839981
0.145783399923546
2.22484817263748
2.08825140539043
1.40992672112219
2.17826267655315
3.63037352142808
1.44498576560351
2.00945285684409
0.756291784316516
1.97343787447191
3.76713216142803
3.70960390469573
2.1800557549853
2.78887739580601
2.71857245930384
0.875354274606094
1.14088664016918
1.31250548296056
1.94552422108835
2.39538258735685
3.48962962841583
1.68501656838359
1.73547032630142
2.66904300622884
2.16440197315327
1.49063916815416
2.172780273416
1.50745905515505
1.84738791431311
