1.37027750666823
0.926906166954813
-1.18211306617014
1.05361527305853
0.911239552224414
0.32572431070922
-0.719585039843207
1.10618033616047
-0.770203094122273
0.551331668568766
-0.923300526952174
0.102992289691043
-0.61689363639836
-0.923482089994178
0.959137961734915
-0.796961280405944
0.224070928117018
0.464041312834804
-0.0766713081465278
-0.49545239130554
0.397444012697146
-2.60646314343955
0.852953718788264
2.03102311857221
-0.649120410402168
-0.695558827874916
-0.146261590141813
-0.830130303000636
-0.526797115174499
-0.746708762125556
0.809363734880335
0.313161953625055
1.7013696798294
-0.00211987792285913
-0.785065280509996
-0.120045600526846
0.254538100217619
-1.18719046824912
0.312158717243756
-2.46740234790195
-1.45571135194261
1.63151590883319
-0.873949944813599
1.02283564178407
-0.688571130422532
0.130456390492404
1.67891912737031
-0.801102751912391
0.710371319269704
0.834623464688552
-0.251676352061372
0.451791521203316
1.03294352654369
-1.55782432456401
0.836801165691041
-1.26943828714446
-0.931335385223638
1.42523683150796
-0.928065409158736
1.44820172790996
-0.0848758749315535
1.60972843322605
0.505740970323501
0.792278105680446
-0.525893455626427
0.744916451037231
0.431181537951766
-1.3707889034655
-1.25392634707873
-2.2007531710378
0.878147861263836
-1.14672832114054
-1.32747972350026
2.55786229727574
1.60971952316344
-0.857253617485371
0.748309908987392
0.105054406342043
0.174067145462492
-0.890114872003575
0.0885972390875947
-0.928551985340612
0.607272835424567
-1.78845229183621
-0.877451776808421
0.56920438719539
-0.156160406506952
-0.272868050496385
-0.430474600774428
0.46640399445907
-0.726058439685971
-1.59668016061859
-0.914912048832685
-1.06131868004392
0.199821144369326
-0.245577053790614
-0.103258613094329
-2.84620874658777
0.580993729445518
-0.153371431739309
-1.02182144151179
-1.48666891620705
-0.799204997387491
-0.234395943335913
0.809233697346989
0.951223896255206
1.40561874560808
-0.318529005487837
2.19614122380766
-0.748760014916515
1.30403127822835
0.879940989262573
0.92847881477832
0.655832219160672
1.12345324419774
-0.109283208372829
-0.487352480550897
-0.281621517895183
0.520408462266471
-0.318790181401138
-2.88088520887702
0.357936500410244
0.134674042638654
-0.338527833518279
-1.42315005891301
0.877071515719706
-0.586408656879188
-1.96355230580845
-0.725402194603017
2.12572946469181
0.298671577782879
-0.25176055374687
-1.61642697585902
0.640186111232967
-0.650596432600564
-0.555229165183344
-1.09199430622245
-2.00703586119525
-1.42498717058367
-0.441742121789549
-1.81759100479405
1.11277344433159
-0.890757568854119
0.73494827342847
0.162384261192964
-0.519037606473971
2.15177290125249
1.1523858990687
-0.366741578645903
0.872073361257477
1.02902961269749
0.951964858053296
0.500055812194536
0.27789324986199
-2.17928595545485
-0.47259257945672
-0.0872069625397804
0.492351090966649
0.209204261550616
0.697776928699857
-1.92806664853171
-0.427268995781594
-1.83757684277907
-0.621606487048358
0.0951975791805605
-1.37877280442125
0.74993797591044
-0.860160244513369
0.167226457753438
-2.22532627178459
-1.8432105492427
0.772701053067349
-0.60276906746506
-0.451315106103258
-0.94505478802062
0.872684905644355
0.0396702475244704
-1.60491797556298
0.159397283253971
-0.625157158714531
0.114046908451819
-0.706474922353905
0.748189095076844
1.11700197212007
-0.200185656961485
0.0938152315466493
1.37372604154999
-0.79191823821115
-0.812021456722032
0.614498795975455
-1.07922392100154
-1.74102772937907
0.118021327516733
0.909957405618156
0.505006946212585
0.583647127925932
0.824848595885361
1.38186085171271
-0.734865900443446
-0.884105222757628
