1.04731839724553
-0.26303799321837
1.36856866389814
0.429793621528429
-0.259192494129199
1.89349617402995
-0.825365950206675
-1.4256635503477
0.0998798945868846
1.61789802426502
-1.18846011622452
-0.293141134027763
-0.246591649760885
-0.366988071092088
3.06581893628471
0.807738669271562
0.0940466502770267
-2.82848520536555
0.216556665532729
2.61136635259909
0.0595857117032261
-1.54310180390879
-0.452529832661757
0.528644555656498
-2.08824086109208
-0.636282584867681
-2.40490876479037
0.823756744789414
-1.13186053667358
0.473058113927223
0.540378443956606
-0.163255562959438
0.979728567597925
-1.27336615443026
-0.969219578181216
-0.658528825548875
-1.15365590691894
0.210779903599037
0.589678091408753
-0.393244469197384
-0.839181278919076
0.0823733102063656
-0.0072393468832164
-2.02154945244511
0.711033776939275
0.349172647910005
-0.764065398818971
1.03838569697256
-0.776996859879185
-0.463443466963898
1.39630252866846
0.280330385331213
-0.720224835841046
-0.602927559238964
0.259183162781748
-0.0896616933303179
0.416777522778813
2.24354677724176
1.35582640202929
1.00737519841918
-2.40498498529175
2.08887791743321
0.146413281828599
-2.11008724135879
1.51876322303482
1.74633155474879
-0.82883010007997
1.55405547321166
-1.2809865370643
-0.00148132554492014
-0.827580428773461
-1.11480800805616
-0.45852916043217
-0.534570133153398
0.00372105318064742
-0.370781748302375
-1.78138376564439
0.913595063708688
-1.2474757682667
1.47889544824658
1.04477145334066
-1.17158569537251
-0.0968390064267513
1.27530685681606
0.0445598430412122
-0.35227119718164
0.527435975060624
-0.30520517532193
0.78502228411667
-0.0397846036629979
-0.108027710289341
0.652613361187553
0.217744436540719
1.11941474574936
-0.0423532306667847
0.371440885479321
2.0376231030794
-1.05239591620017
0.37479688513787
-1.03027717780647
1.84933321761404
2.54522098746043
0.605484073152201
0.583901747608541
1.15861970239742
1.43706007534563
2.31724270060634
1.31376470635855
1.75449674633027
3.19408772168664
2.07590533653777
1.51245517143737
1.90021641571653
1.00280984456182
2.53471922403475
1.03611560074936
0.118698227136867
1.38575754596838
1.41708098857788
2.19252721650962
2.30555706935297
3.6620250420519
3.46072610351311
2.14129979192965
1.93614714378736
2.01100966810336
4.69007642021565
1.69303878955895
3.04548831717258
1.26307116219211
0.740494170746186
0.522764402509794
3.45866683118768
0.206473107639092
1.71785992420344
2.9144011516807
-0.598940874932222
0.689620650135211
1.28035383875296
-0.00333879076242871
1.58941383438617
0.949148868472152
1.14053529501492
2.32188824543617
0.811964648787111
2.93524165008535
1.64404658923393
2.43764637457498
1.76374461565151
4.33432569007734
2.0057531495773
3.54322147399742
1.32796932227631
3.22195791602431
1.83321976453775
1.54053780922378
2.25101903269948
1.71291189821628
1.15048363679483
2.86048514664006
2.6736289386928
3.40871828169709
2.59951265005229
2.84731342001402
1.92280216776498
4.44622827683741
1.32879027036553
0.757286456649158
0.626486738507912
2.75927741052956
2.71705814317972
0.122537119082562
1.77562092656243
2.22222926423595
1.6033016972436
3.49130039413366
2.45266075582407
2.44473539001358
1.04826984176214
2.11469879402961
1.01062127069006
2.8091030921404
2.24249453782676
1.4146278695582
3.11264479756184
1.11241861362676
1.27923018335071
-0.00763619540116478
1.7867759134402
2.74621249918346
1.70320339992453
1.61298074635447
2.26286614996464
1.8186903040497
4.23834950478574
3.28120770491931
1.33997594333108
-0.295869277149731
0.704664542750527
1.5365250758089
