0.697679848035274
0.878739222357943
0.153881752509387
0.716294652355141
-0.266360083634443
-1.46329757834853
0.594984139588529
-1.85542116305666
-0.978004273398634
0.845802691436708
1.55908189786434
0.00676816137876403
-0.639911153175496
1.02740812573673
1.07095488852409
-0.74184374212809
-0.283553099812781
-1.65735644128193
-1.48766164401146
-1.47515238724868
0.359368376109463
0.156869098824842
0.0689645538715932
2.21678928580853
1.67302312998401
-0.923708061110471
0.840812880853214
-0.00193338117908149
-0.403376950706408
-0.00625384007049035
-0.153047706122708
-1.76743225258224
-0.344485552109926
0.682817787205591
-1.48737589734667
0.359761630825852
-0.768902364533752
0.307223881422061
0.0953474486626031
1.10215199350096
1.65935149794573
0.00182646398537335
1.97727804795152
-0.463815255859548
-0.392745296346063
-0.0811370430003005
-0.163900406854256
-0.539358943086173
-2.55305194608527
-2.75320833098266
0.240834165851123
-0.502461145205961
-0.742061094578354
0.925716117016227
0.683746245754102
0.673370477296689
1.79811213953874
-0.198288321318908
1.84394316220602
-0.715006419935057
0.95901232048897
1.98145796673101
0.227560960750255
0.398591597190467
0.599728498727494
-1.15855192770196
0.625768890780269
1.21521468441381
1.23089513592207
0.711718358775579
-0.406927636280009
0.266925637357785
-0.99017573895788
-1.16679807744586
0.35229673788367
-0.174923565097529
0.333416191352722
-0.90016952354732
1.11822520973636
-0.600749738442568
0.0950055020112602
1.75940092994208
0.822400767124534
-0.794428258608853
-0.214013589264881
2.31914096017549
0.813816492205142
1.08473042157674
-0.495726469704703
1.75447409264755
-1.62317524406324
0.796257524350105
0.214405182439122
-0.78344390410787
0.282091939475468
-0.0837886739948005
-1.52349213153526
1.37660780551509
0.338054142621551
1.40673144490322
-1.72470595401315
-1.19344452105653
-1.56644662588975
0.381681739881792
0.923869347197358
0.223853556565566
0.217121377298939
-0.499545421735263
-2.10702604889578
-0.308567813992431
0.118117533964631
-0.992215759484124
1.25749175080645
-0.490766990958011
0.290601727439824
-0.0873783511141925
1.10734480031433
0.910205305113248
-0.835074959501941
-0.66218135268079
-1.37208675934141
0.055721266644605
-1.03573523215324
-0.440946036802718
-0.684732044929644
-0.401375411512219
0.156747205926762
-0.404611815918241
1.13196751854718
1.09527450976143
0.396751033897541
0.379963606581079
-1.35711363001195
0.997368033696215
-0.400965507345491
-0.409301010422024
2.00339401292962
0.123327561046467
0.803373515511008
1.0493610247021
0.213409250119626
1.43597807476766
-0.918334648252088
0.318336394360883
0.149424097697122
0.29167595033658
-0.357482228426446
-0.388814771585737
1.01594280469277
0.560380937128518
-0.858619342374932
1.26102803834235
-1.24651771574389
0.488865373659726
-0.58268174505989
1.70692391629748
0.0403122164297483
0.621931857132073
-2.36851731874838
0.264789359350805
0.197273528204002
0.0842977816445107
-1.24635553258142
1.07964205239197
0.736505513766448
2.71143484568922
0.494596783157259
0.657683002710387
-0.757241675219964
0.059183658315015
-1.68089338856369
-1.19387211891359
0.906270321567381
1.0814939521748
-0.924260055771794
0.93110320702942
0.356781613994669
1.4708305089789
0.758089138099996
-1.95603761511197
0.0301377802399258
-1.42773651729035
-1.02219666466611
-0.589253963416965
-0.85072114302186
-0.0889065674355917
-1.11900771203069
-0.660515291422471
0.390319145781132
0.760444991905033
-0.631195390289497
1.78853147699783
0.0922998066751797
0.993795306826364
-0.660097912194069
-0.49698369311504
0.255056973800309
-0.260596356693467
0.24092165131074
0.60210471672078
