0.750838484451686
0.723949251511251
-0.735764166285854
-0.242740967007705
-0.452994205698827
1.0839804602997
0.135811690572615
-2.35945211857772
-0.733285720911112
0.0869388962912941
-0.229413346323689
-0.362904075878229
-1.23094317080644
-0.05948129579653
-0.318006359366445
-0.998593669529742
1.31942113994435
0.941115312657919
-0.657226660494507
0.879285677284509
1.02820876823636
-0.107576428215775
-0.408813938977756
1.5364864110093
-0.907365914896497
-0.0972833182956968
-1.15783250133744
-0.162277794185799
-0.563486073273763
-1.30005739546701
-1.84566469013401
0.0689326384859575
-0.677657946262178
0.988259317216897
0.468553799634197
-0.685896391436805
1.84020450433245
-0.155551909571071
-0.810770207917447
1.41310389838935
1.96909470128226
0.965649585706496
-1.37541942322094
-0.0604666248817709
1.00771962622024
1.92887081878789
1.69628969906209
1.41400949442747
0.593800219144689
-0.447248610783825
0.154391875507392
-1.08333332471506
0.330786899574824
1.05649907903514
-1.27922810157334
-0.725065250777211
-0.17061059352484
0.903554796595041
1.18980900478858
0.0368542509825932
1.71360750296328
0.0412676260217875
-0.586385588886975
-1.626276371303
-0.619307895106807
1.47028953174323
-0.848815609071166
2.52880360856263
-1.07287663889868
1.31227748838012
1.50815162076007
0.560673168010709
-0.735906218010392
0.36041236589179
0.9972022255699
0.855824911817368
0.771144393649307
0.328692932893379
-1.33162113181472
-0.273052834826487
-0.396508387370031
-0.272824129308121
0.830522893617501
0.418855100061727
0.847809645246825
-0.911734192235257
-0.387533920851287
0.314047824393639
0.699225984153184
1.49297415257859
-0.280293813616689
1.15350169323656
-1.45710290479789
0.544478400732203
-0.84441473920558
-0.769567902528649
-0.18361378848577
-0.0524505997852819
0.588022730543384
-0.23195216084812
3.15942411565161
1.44141136296922
2.88406775950753
1.68012515275026
2.40298531982138
2.78871094910939
2.11457253986025
2.30777997836842
2.76472265298329
2.08710640578426
3.56775975666049
1.82914905821729
3.6058234898346
3.36198199102338
0.446790531656914
3.32963852843632
1.08640469593604
0.359510994142976
2.90621723747634
0.781010363958685
3.46382012176335
1.93256763484351
1.17919241673832
1.03865065084111
1.638698792645
2.28434535861106
1.32106719198064
1.3094965724094
2.35969089272257
3.30905315036433
0.291358013973433
2.22878076489607
2.37317243766058
3.09287172429913
1.63994815246639
2.84794396096951
1.11764080951672
2.06626964790663
1.661684884144
2.5226891091313
2.89827251121299
1.66281500888769
1.81248518056578
2.92684438012001
3.74955679306208
2.9686343302178
1.28603036951333
0.495631175215104
1.85932971035331
0.741321344697112
1.93145569369086
0.357131999786106
1.60660460347908
1.84668706369908
2.73840804773628
2.81647667050793
2.24062529489684
2.59129530541134
3.00100811211271
1.14661976147223
2.74679255001512
2.81379712829832
1.76137049317976
2.4594117875315
2.3681680255418
1.57941150916947
0.442639708935649
0.788952977239115
1.61068442858957
0.125131295987024
3.43167189672788
0.66249801827188
3.61064103136811
0.758795545259479
2.21769124092836
0.745585491273827
3.64471751223456
1.05903772437886
-0.0363793095614469
3.0688049075137
0.269112093106863
2.0252415432582
2.79284478827582
3.77356158783925
-0.116870505579905
0.574989217752483
1.0054473138642
1.72557585570604
2.63695168743393
1.55704772049199
3.05035004714077
3.26397524621455
2.92309648602332
1.36088838874977
1.28247555967321
2.80142197012567
2.30770161464302
2.53690139681535
0.917589669342122
0.988337931877584
