0.912704780502621
0.948952104864431
-0.280971947814555
0.955774295177643
0.142316755946079
1.84887019892355
1.14919995754914
0.122339963818993
0.519097376583957
1.90148276058553
0.851860317792188
-0.474172063445915
2.83689316781199
1.5805766539933
0.47204587465538
0.283438046992908
0.982531436990801
1.01749807769423
0.75766645671237
-0.0310407527187471
1.91441261381523
0.104937060662727
0.868738770019648
0.674964724451472
-0.289128101920091
1.64526891593041
1.77104253914718
0.838133815004285
0.965706885758414
0.313114334537228
0.299004884060158
1.00643025064927
1.44305187405594
1.30459775640129
-0.475928573775543
0.578586687170904
0.345386747047612
1.97511853482838
1.16082095185452
0.726396948314301
-0.466906057186698
0.600403581361276
0.590641431582323
-0.175579947858791
-0.488418567585254
-0.0789805912935554
1.34265983015556
0.560455163142205
0.229053032087405
0.477587474381073
1.06396010481592
1.08894891173502
0.870241954703534
0.0941799662194842
2.17254001873133
2.02236728705561
0.573911984895336
0.918288826026629
0.571662397595129
0.4276362131549
-0.0265328764705542
-0.109905121255551
0.194616012230839
-0.105279449826227
0.546396236610405
1.55458372759149
-0.0993519170267234
0.0893254296297391
0.892465403613264
1.96180591671578
1.94988864635724
1.46274847014175
0.511103458568742
-0.359833467197654
1.2635787335633
0.964431137701848
0.356729808028946
1.08883113137835
0.76167242330482
0.274827283256937
1.3614496081352
2.83460580648806
0.440427404463092
1.29663449099517
0.177620896379562
0.426420927580337
2.14525862155654
0.95069905078973
1.2006254906344
2.24279069926473
0.869368292391645
0.954740353030694
2.05679654589096
1.59648461447298
2.45226990653479
0.76295515970016
-0.227683973599585
1.31381113033865
1.05053637901958
1.5672442068813
1.71590434757479
1.20943658726731
0.820786529399956
1.52191931993733
0.920466082623655
1.17648029146961
0.986481983895595
0.627019695882295
0.834064200066311
-0.451153954553323
0.607223746027182
1.1989445754322
1.2188620252029
0.594937163463056
0.170081352815473
1.37366160106469
1.80746083102921
0.581408015918114
0.462745277458102
1.02012309205948
0.270796267992888
1.57223605832202
1.43614684164047
0.310300545644688
0.709656926073563
1.55587084705182
1.11559516882184
0.361090402535862
1.50020262050741
0.902093802171022
1.62792976351197
0.0639848267814177
1.13063250341334
0.524073532987104
0.388480156398905
0.664881667578783
0.156945179476474
0.890268221415463
0.0790779560524957
0.769485594240814
-0.169383726603907
0.173640122161026
0.755343788101498
0.522787234077092
0.941921499788191
0.673613311983232
-0.0495062741616923
-0.263126721331652
1.30272917413129
0.0898080376070739
1.09163229843851
0.443999331023484
0.512876845271122
1.39223549505892
2.31169350789693
-0.488320451543175
1.64602897046031
0.942268109585967
0.120075788345051
0.269287035838989
0.733615389716469
0.572896771161252
1.56065243359541
0.382165959157421
0.830175616408088
0.768363346289128
-0.0390118016871166
0.830286346125504
0.440508460723117
1.13624769638591
-0.0231275833402576
0.032300312397284
0.10596324988025
0.563686499400298
0.930694473649022
1.37811198585338
0.644030440884013
1.51719887872233
0.0643772337214332
1.40992590816708
1.52089920302235
2.15293605464831
0.588960626535477
1.29288835901009
0.885436852549396
1.06991825375044
0.353522588014106
1.4745447538718
0.459062898065268
0.39484021238534
0.662289534627602
0.432116851656007
1.20894990496297
0.284595114735728
0.667655742171785
1.04823659901402
0.619031000028624
1.84489243356193
0.48707966046824
-0.254542396961232
