1.19767522934624
1.91856101173697
0.635006385294096
0.116042573434699
1.91250970638077
1.14004053105199
1.9867742294682
1.43587443795782
0.292152304777269
-0.562327104906097
-0.400070125157111
0.159765923780975
-0.0415451067864569
1.89586029387322
2.49347131401135
0.406207151639544
0.354045466942801
0.955109160573394
1.70136077804106
-0.515060370322879
1.06745560523181
1.31994531193369
-0.183227492299397
0.00573316718979316
0.797842581626785
0.96710753527395
0.170758918405727
0.781807260925646
0.15072416543335
1.03210312512837
0.389336296426637
-0.201081772979318
-0.289174597591461
1.06832664530801
0.0692267500143653
0.972297051009547
0.18018150399897
1.34691847945624
0.405078776731849
1.22678083518935
-0.283930646917471
1.7885557212597
0.725613180139639
-0.0504691213457931
0.247071032946474
0.0808594021925464
0.942229288872519
-0.102379029887134
0.386901803319543
-0.333918826082431
1.94507250561928
0.450793147340864
0.85241674291108
1.74181605927632
1.13478851048985
1.91553179471285
0.646943641040991
1.5210763038465
0.616886355994593
0.380536284273313
-0.475317977502882
1.90222384411204
0.302354649067641
0.32085895817703
3.02024053964166
-0.182982565967565
0.70507362089096
0.792757776864824
-0.754420880124221
0.544999029324131
0.897940363237612
0.641790679094691
-0.0876023680174981
-0.0863560081369396
0.513817830931161
1.99012647118031
-0.420213427412874
0.535516916429839
0.7773931796091
0.699616928330948
1.42029930902026
-0.13844936136748
0.385972637892479
0.48276428255779
0.393250214563962
0.884971020835316
0.169014202107153
0.483492439595804
1.36630302554361
-0.467459367927976
0.653733398248804
1.33143963520038
0.084771464758598
2.25164410236785
-0.411460860312132
0.518038909022052
0.587591210853661
0.615046579615775
-0.359727374848284
0.159026005494961
1.80975199125907
0.873869666433167
0.854832370793661
0.760869782860566
0.893919511198438
1.89701111620988
1.23649525489101
1.51017427488073
1.29728192385004
1.03315626368865
-0.937170096579255
1.28404102714132
1.30419761179964
0.290812141176772
-0.498281530389781
0.268778575101251
1.20950934355155
0.263503219248768
0.762819331053675
0.837925975588631
0.598835565054799
0.615620782994635
0.389223723882582
1.01705382998132
0.402709824871952
1.13896841447753
0.671300720742955
-0.0693583227580573
-0.115630545743044
0.669317999780446
1.83956450305453
0.292075735499956
-0.0118332714912421
0.83151953578245
1.67986410109016
0.978419220021072
0.331692481007605
1.7998063342893
0.679588083576716
1.34780723159905
0.891081706861002
0.61477902280138
-0.656492410400551
0.762664776677483
-0.867604697980367
0.0525046437601628
2.09309716404967
0.0641291874821815
0.31556898366693
0.720190386030532
1.13841543487487
0.966998661536018
0.641983535040629
0.057023161014406
0.470143731849445
-0.135779744108922
1.2076863653545
2.10055923516734
0.871129666732803
0.78596288636337
-0.161555549355209
0.447894096771348
1.19923188683924
-0.109882703186321
1.05880830968968
0.594596017254517
0.290467007498765
-0.0496482899695919
0.195188671145446
1.15031942669175
1.25015707019489
0.889479067953024
2.01342692147349
-0.424593805624513
1.77695896595522
1.06159972371077
-0.691064210708777
0.463481292537618
1.03168350938054
1.16110380141903
1.42641744094367
0.580508892210216
0.59834221298587
1.68672812976639
0.662653446784534
1.09852738852418
1.24787178589812
0.531733817102441
0.837819760095802
-0.279451435321634
1.27791297840212
1.47104569618987
1.22867559840945
0.0994409413387225
0.738691118849497
1.8942134037059
0.546848931653289
0.744796282272626
0.730406153953733
1.17331645522245
