0.678974373441199
1.28709343232781
-0.0752568044469487
0.429839813757024
0.489384339875812
-0.561910980843668
1.57245969053551
-0.272941241472436
0.785474084596357
1.6764137319739
0.882501929043926
-0.899655704108653
-1.27854912652072
0.145257351832798
1.08959030757607
-1.17375903623209
0.585274603400615
1.06112867033694
-0.957743400276864
-0.410360507120019
-0.105503284965197
0.237895985980475
0.128654046808615
0.0441373329060915
0.616733289744653
-1.20594299263837
-0.0193523017226914
0.155997142290584
-1.00114934682229
0.34567699488189
-0.573204147253535
0.347055551928487
-0.0194772300514714
-0.392941219605699
-0.319086325386523
-1.58966348822026
1.07102804950641
0.446317926287534
0.0786161384003631
0.735474637079051
-1.00255258046153
0.141250057132698
-1.0372614176336
-1.26290053179008
-0.351653627990498
2.02489754152764
-0.555069638896644
-1.50998696316509
0.334797925163285
-1.9915675287217
-1.41909126588669
-1.54945915142664
-0.0967482069554887
-0.248381773108618
0.131821880480685
-1.64549965992826
0.295818299956833
0.3576395078743
0.474738421942891
-0.982012253091999
0.687483171663391
0.841852093899634
-2.00164019447754
-0.209981690661427
0.395557643512645
-0.627899683302193
0.534589796447988
0.699559057459168
-0.80849108110709
0.277240552277101
-0.274086331506373
-0.628079928044711
-1.37727679134814
0.798076774017347
-0.130622016335681
-0.346093432931098
-1.26304137614831
-0.0333795630330768
-0.997874258406007
0.399676983671578
0.882803634549377
1.31985518418549
2.07004582709869
-0.409198398873981
0.687059015413908
-1.26357357536228
1.24094399422752
-1.74843660671287
0.546423591299945
-1.84025502246182
-1.65640390169747
0.591139125868421
-0.723632743632797
-1.22267074484866
-1.57905648793085
0.231210786927468
0.529960645151247
1.1513341112329
-0.399508103946642
-1.25025356117226
-0.964617951531104
-0.830267116310322
-0.23577893073716
-0.639940468898176
0.033269577428137
-0.824838169100348
0.484681910626029
0.157568151963514
-0.665832683012789
-0.391830566842335
-0.532139851703735
0.289819723396183
-1.40750630338402
-0.922341190944164
1.51768102502745
-1.04186529067058
0.39306857076362
0.545549136906256
-1.19164143829502
1.80260625759204
-0.156159609080905
0.218920119291399
0.936003153047664
-0.706373071740519
0.141466030095513
-0.354380287042051
-0.0237210306075206
-1.19048891836123
0.916400850795339
-0.194858580428637
-0.425249839519738
0.503265955973296
0.671426776277098
1.19219597052878
0.588782171909924
0.932474866243276
2.06110894205277
-0.0412432044255696
-0.92748873019433
1.01631644916369
-0.850660850276189
-0.107795615136514
1.26733802514464
1.37227018312003
1.59002754565874
0.0176458384572017
2.34303360571013
-0.334729624815925
1.97212517622051
-1.0660701005137
1.69381990646477
-0.25553456943644
-2.35304629281633
-0.843229195193685
0.285339963724419
-0.573648930761703
-0.00773131126153679
1.22667201115498
-0.128873242483155
-0.251423273133906
-1.13645672212581
-0.0603215285013872
0.0682737880273242
-1.01405471289829
1.57264299105047
1.14953530552803
0.431441176287442
-0.94321978058065
0.666818222780978
0.643178939304071
-0.552604617498569
-0.119263109943184
-0.455177023087177
0.200286509298921
-1.51039624201072
0.608205230559495
1.09163893141903
-1.21729965859087
0.373262673243098
-0.70349869085752
-0.0612008455882234
-0.347106064904086
-0.361817492078234
-1.5451659377631
0.196577783960228
-0.594231701386186
1.09942065911808
-1.38660613924517
-1.65066140167563
0.381112268578597
-0.288078624886733
0.616584976306704
0.535351472056456
-0.0171116771167116
-0.389914330244287
0.681815946757936
0.996259073179751
1.23839486042611
-0.774999138257842
0.247864115079794
