0.331441221411974
1.12004179790149
3.15824954929806
0.20496291199313
1.18020601269318
1.16784440731243
-0.124681216842424
0.832140184453729
0.413237984811025
-0.163067143738712
0.343112392879845
0.0274839605686287
-0.0231492459935448
2.20249756889588
0.377359784946437
0.832472230450715
1.6187548691619
1.43493989637833
-0.198082645260286
0.755650756780206
0.0776983673505229
0.555413175817264
1.48463408609546
0.659122223268696
0.638929718249629
0.203769384343955
3.08484104015806
-0.568799846698867
-0.185331170809935
1.27026502362125
1.26693937300874
0.596358144402729
1.47405414619329
1.1509479432723
0.726912755012481
0.234319760265485
1.27753312281492
0.434970067427337
-0.518748496272844
-0.20390718760042
0.682644277680098
1.18794025160992
1.07565102852196
-0.34523141610897
0.216418141435414
0.744821158224246
0.865913138722629
0.752484495716344
0.566242831312377
0.84495620497316
0.61956111025737
2.10534038390738
0.916012232251806
0.7920670226347
0.418744815842758
0.605589106298851
1.16654593382541
0.212357213071135
1.81638527878909
0.992968324267989
1.43874716530061
2.1042541824384
-0.00566159919135475
-0.080464931711595
1.57011936257271
-0.143189186373712
0.465953470764449
0.22707502530418
-0.180766236153671
0.950441285500445
0.910566896685933
1.1149331506949
0.675502143585775
1.47234966124366
1.45064185305861
0.622754015329761
0.910849808590395
-0.13542142271991
-0.0593913170318165
0.0196965675448646
-1.05033436873115
1.65098611866949
0.802828980790773
1.78713348080691
2.00284668100774
0.863164516503661
1.62192514148882
1.00713774042249
-0.471841969322794
1.28290459957371
1.68518501376695
0.73993187701957
2.08195725371409
1.12585795346879
0.690961498801242
0.11769459307655
0.78117852305977
-0.0645074839838929
-0.537089538935731
2.36282512858587
2.9126157008273
2.41141608851025
3.18606568284457
2.12725323684468
1.73954488877449
2.88452363195782
2.81786297304593
2.25494147605501
2.28554151290021
1.99573701015347
1.78645675164504
2.38302135036733
1.29527363378634
1.95840152553702
3.58376076144518
2.83511151083502
2.23447362442275
2.66306980305235
3.63955433415806
2.55358420321878
3.45716347510486
2.62622717142949
2.32399654201423
2.5543000285008
1.56896541942427
2.2189717858578
2.52866728877198
2.32893115270885
3.33231790003432
2.60135957739422
2.85402385310502
4.2321543692194
2.06531102677041
2.42087044029513
2.48748127402
2.54685854212523
3.45477561942383
3.66507359750288
3.50455692299107
2.11126155050776
1.89012492633974
3.01857464815144
4.11871986449042
2.16528937129013
2.67169302309583
3.51561825218111
2.77999790774793
2.21789396880393
2.80515280634668
2.6382719872048
2.05318346613583
2.37359678758364
3.32484336501124
2.80274508028789
2.57347132685807
2.86243546493563
1.50166972187858
2.56489648480114
2.55855289932946
2.0970780100751
1.86258737107918
2.77981822478221
3.46538732301234
1.89058536378589
3.41377000103377
3.32034875111998
2.71565291142291
3.73924850506259
2.40758445947553
2.32576564480423
2.8905567054511
2.58402728730541
2.71131664051832
3.36909579733424
2.13231622020096
3.67905085455892
2.40949322106656
2.98802659574137
2.52144135598669
2.54248652531315
2.66751752282076
3.0589026437005
2.40081002759951
2.5731050433108
4.70128378268965
4.18821654354986
2.27453069112581
3.12507851181497
2.10394829060883
3.16002565603928
1.94376647992591
2.28197087817863
3.22016634092831
3.04632619924469
3.50496463341899
2.77875386683079
4.05600067683847
1.97378729798469
2.98009789128807
2.74051477706518
