0.215100775551776
0.453144911245194
1.00447545803907
0.845222657857765
0.624016696393138
-0.719714295555716
-1.0710893923257
-0.0409528215135865
2.60503577826874
-0.211642905508133
-2.49653559354547
0.00118363754901353
0.162334452874164
0.703292187603458
0.030511201760892
0.559263551032655
0.376566432649863
0.631330792958753
-0.704393607812702
-1.08263305860791
1.53774896177796
-0.0948170686081911
0.188596552980994
0.0112069494077388
0.125814096764681
-0.925031332535858
-0.875604812947315
-0.0357367944693234
-0.753519954905798
-1.15087606218338
0.913506913212411
-0.205059222433844
-1.23548052604164
-1.08883800673843
0.893122515340795
-0.424493176175686
1.18294440012106
-0.86532782810542
-0.107342915333065
0.216063772479511
0.639959363416303
0.940860516908756
1.54910918467471
0.356754512687013
0.971297791761281
-1.36991538895546
0.558094266854582
-0.723247309773392
0.480566517084871
-0.422412160480331
-0.527180247182617
-0.611604421274135
1.65724522871876
-1.5849940272374
0.114958792507008
-0.659283196325752
0.0933510809672097
-1.53579412471778
-0.0274872081227462
0.192276702610654
-0.288222478173583
-0.567438031891295
0.657237350678537
-0.269877397719153
-0.0905393129377046
-0.105693021927444
-1.36943182708381
0.757600826364609
-0.304213028854027
0.270954226781936
0.987108114099551
-0.333643444947298
0.718775511198806
-1.30001614971552
0.00591149966392731
1.429055931845
-1.15254789372274
-0.129382053909446
-0.575767797225888
-0.334152698885344
0.537274073793622
-1.5188018504209
-0.0739329471879098
1.36830740821637
-1.09171815896693
-0.684192691726101
-0.876052241538583
-0.435174867799735
0.606311223525624
0.00215144006844703
-0.809974001547754
-1.3568504497373
-0.70597229765533
0.217151979031447
1.8784078896749
-1.13977994334186
0.125037348151219
-1.04280056107557
-0.198507068793225
0.263325853812042
2.34854839809327
2.96805804574551
0.993143966355337
1.25330545432817
3.05656730559361
2.82786840498875
0.941492082262365
1.40599304373062
2.19607076001603
2.74175272754948
1.90302588035539
2.48857909920748
3.0978317274886
1.93130161384074
1.52499474297815
1.98519350666881
1.37279261134614
2.49334446215572
1.1106320003265
0.706097362454381
3.18351085893098
1.2887264918825
3.86380865688542
1.30249693256239
1.63312560911299
2.08163964656639
1.60903570430493
3.08576853302249
2.14963341426801
0.928873169630608
2.19759885164327
1.64296941347277
2.44870994392409
0.507762429152967
2.60492555880859
2.15736073838407
2.48714071801611
2.29267367935886
3.05388256075497
0.864603273784336
2.00315824020319
1.06786213962676
2.03051570812242
2.62690793348554
2.2418488893843
2.08770691893305
1.50434199894064
2.80472875639345
0.769215123465458
3.45009850390775
2.11978822441269
2.4255453329969
0.0651918297248799
1.80538027721584
1.62291891899188
2.97295341331423
3.60566165566704
0.778635399306636
0.711299310070445
0.392471044395879
1.93883717551907
1.07633959467133
0.658892467304634
1.68100156347553
2.94682911028146
1.69988822496153
2.6322341106323
1.9243327599658
0.703632915308783
1.81191461379406
0.826794042683782
1.84189622157771
1.42982559052033
0.519747369571353
2.30279657233674
2.90972193382994
1.76392952960921
2.71573237282083
2.38622043971431
1.67580438871318
1.57787198921514
3.21424360404212
1.64851246298918
2.6065311545906
1.8320256833331
0.355996270790959
1.74654480790441
0.392205536442974
1.85110562373132
1.26209319601242
1.59992494277412
0.702787364340523
2.57447677729663
2.79826074964765
2.40422301508138
2.08152480342041
0.791180672705885
1.97643164545443
1.92393959328601
1.20043294727233
