1.08282116967324
-0.481321281122857
0.762963843761701
0.658863297644076
-0.485839810484372
0.376526547557817
2.16366045175071
-0.3493395456407
-0.359430576989188
0.344547486830711
-0.0978588348434166
0.728788864619157
0.51156240583256
-0.114970084588432
0.577615333440751
0.3280472870606
0.871152289342828
0.795953292788602
1.33773121005972
0.470977327431855
0.865025701951789
0.989512260140643
0.374632734067413
0.828383526949297
2.11801481819995
0.998641885090572
0.0774192151258386
0.502383949463722
0.748298667944843
0.875592420014906
0.0629328296652125
-0.0946399098078488
1.39394595306151
0.133809197262392
0.854454452000235
0.401163721506602
0.589873495371341
0.149878077122321
1.17613132203047
0.480597403036509
1.1096726550607
1.84918292007947
-0.0853381526750883
0.160399594360749
0.612363008770762
0.0118735881417028
1.37877723445023
0.128040125219122
0.555764067669982
1.04734329041988
0.382950245877548
2.44720059754574
0.640121877794696
1.3001190949839
0.279216121618315
1.74203787271042
1.78284730758497
0.842867550148093
0.726765215663815
0.734121469993511
1.48441790476096
1.80831419846628
2.00633563051512
1.55475001852124
0.71659600217792
1.72886160645823
0.929080150965091
1.65321734476064
1.38860720545393
0.981024886546659
1.31097306703509
1.05713621536413
0.797119368397474
1.08352272673935
2.48505801732802
1.26315225737679
1.13518613638886
1.08067182341525
1.36897526426975
1.30627165904608
0.600885898046617
2.2116907499246
0.642574530516658
0.605727660639314
0.321639917916116
0.798412861032005
3.38761831014607
-0.126089287324049
1.47992672081658
0.618361548154568
2.61708427660669
1.61065087503084
0.64750216724165
2.26860382745193
2.11185238184167
1.29935179435731
0.593653519607788
-0.0401791339306267
1.87606482945003
0.432529879445828
0.225942106559967
0.898371255744386
1.65239386287296
0.862035127749279
1.46192112706295
0.366297188157784
0.0827857700139955
1.24423905995168
1.40608486220455
1.05109265550303
1.3402880610024
0.949079463150704
1.75546643106603
1.26291175649286
0.542977003766602
1.51339076132293
1.7143978630044
1.54697078673621
1.57843629534702
0.766712132927171
2.02434832994353
0.48193072117915
1.42784672872729
1.54186837819377
0.657921067697726
0.767740910618719
0.0868089639206066
1.57480488912447
2.82712006841908
1.17351274952521
0.707337920980838
1.03094189120177
0.808250740780633
0.342298105192261
1.4587526265953
0.803500727836193
0.788493149927491
2.03439847912994
2.509163153181
1.94327836045851
0.814257660977501
-0.0553660071903503
0.495621475632089
0.744446908973521
0.835081412989075
-0.170961609907859
1.23820337982044
0.821660202124461
0.744293117838546
1.50175121447722
