-0.270611751939768
-0.649559866009026
0.385883662815425
1.47406602907608
0.710547999378604
0.261733157138868
-0.144814734375492
0.0150394313740052
1.62932496685928
-0.683231711681121
-1.38179115464257
-0.219888499946462
0.419940799599001
-2.40437261359228
-1.0760836548561
-2.03169360515275
0.898833121800669
-0.635167398273359
-0.505396527527171
-0.280381403115631
-1.38369824529267
0.983896554400394
0.87997778990453
0.727208924199951
-0.581120486158327
-0.798044522800859
0.35756218982587
0.116450017538472
0.0723785948935018
0.380499125586924
-1.13777470847135
0.934668659800575
-0.691249019270826
-0.309379643936788
0.04895184787555
-0.629942739373729
0.396963868528444
1.50699926524543
1.93883905499598
1.60697037281722
-1.85527525777332
-0.385601137467595
0.510637560095021
-0.751004109088837
0.670835759999924
-1.12750880358734
0.130185849355943
0.173958088296788
1.49253853035452
0.495382420427434
-1.4388686118191
-1.1051064544639
0.104063066162839
0.156025756336801
-0.523458365980551
0.31632668001802
1.36936807633611
0.513424659912543
0.760578351905665
-0.246706266546365
-1.18914917945779
-0.794773391719043
-0.246930573412194
0.651531859243345
0.011386147567208
-0.583137139872856
0.836318060300715
-0.149286630494335
-0.772338148049125
-0.526516191997718
-0.259824004312043
1.5963108553294
0.801631360882052
0.742791139109263
-0.500703205011865
0.320250880774352
1.02001631631076
-0.277271573407422
0.371105151470425
-0.808406485511145
-0.35745689587871
-0.914065724388174
-0.154826205444719
-0.108842853403732
0.551214796915814
-0.796859242327115
-0.345565601981234
0.611998564317267
0.980279792094282
1.24576242711539
0.826037724468342
0.00659298684000361
0.778839410873868
-0.501787743187824
1.23880763476846
0.40415942413188
0.435194452069406
1.64979977802273
-0.176923866798225
0.405777509715874
1.37018907868872
-0.087280754830111
0.676203441810866
0.869306888383242
0.0149608135808577
-0.347537544265509
-0.465671715768886
-1.15202937423737
-0.498505120855557
-0.762722577174748
0.0454409098082813
-0.218122253754802
0.770393628758246
-1.17824758732273
0.107996366240563
0.125913779911645
0.647498346001041
-0.0486984124397494
-0.315722140386443
-0.597772823253766
0.358742771156595
-1.28251803043845
-1.28260123514045
1.14908303353124
-1.4525886952741
-0.182992935232012
0.540541601057606
-0.0228742071423947
0.0413602582184783
-1.79193480339681
-0.355036604310167
0.185122570303845
-1.30029236619654
-0.316395956200297
0.229325447136
-0.0157140903477599
-2.02233187474989
-0.385624568833739
1.44691644583174
-0.744398589324223
-1.33902815833231
-0.523171110318039
0.0163133047380917
-1.45466543026942
1.5175295372155
-0.39636977465001
1.0175470332659
1.22528256935434
0.170518352821648
-0.523096780328401
0.319888543386761
0.148364506798123
1.7992047982419
0.594063740033017
1.36531776783227
-0.552183231620083
0.611356685684767
0.214548287621713
1.21138022933333
0.872324707791251
0.709414669930665
0.0453781082312356
-0.66093576040128
0.403145126003557
0.0942949131875455
0.433780424626186
-0.556187681264354
0.86930923588201
-1.40847584164281
-0.940951733590226
-0.362395013026113
1.41595817843167
0.286528657803519
-1.98557311920631
-1.56129974288837
-0.626271880768604
0.470286563337706
0.0165789650110958
0.25848686365696
-0.536087744994062
0.779907664124194
-1.26699606279412
0.690739108148016
-1.87655401828628
0.163924146529602
0.825018047241004
0.597087649911368
0.845248363379979
2.03662656749181
0.0930108294148066
-0.419146142245078
1.15599656673825
0.609298836544153
-0.27218431857239
-1.03161486754344
-1.56431668197602
0.710766161608
0.368985569939331
-1.08930514291087
-1.54302922354967
