0.514778038362038
-0.436074411329751
-0.189184392480224
0.100674641050568
0.745296889918452
1.19982776836269
-0.467399637126168
0.489836499341117
0.462081499704129
1.16714629378645
1.85890466942039
1.80387692642826
1.79483712322071
1.01416939112719
1.6209870754025
0.902857309608332
1.92244546148003
0.197051936044056
-0.0336187498075017
1.03804503035384
1.93077767469347
1.30653346547727
0.668410633536934
1.02973612308497
-0.317680424346468
1.48769513488008
1.25168381564557
1.22473747394074
-0.436312982383175
2.55711284776628
1.90269728174956
0.168354980990327
0.689582276686622
0.756884471966626
1.50885432160812
0.821831355303958
1.82891478338143
1.23424780648346
0.316862833113427
1.42096925519635
0.43027494728398
0.942050014253426
0.0372043812472554
0.479060370983499
0.365708539350974
-0.176917934037753
1.17281149851771
0.9136222699555
-0.302422976253979
1.34437726580049
0.0642995627750178
2.07250623702148
0.0118094886875262
0.590144208128231
1.24888121628582
0.496392453910009
0.221246832801428
0.269958365065774
0.214047398030966
0.559279136833201
0.673840077152904
0.353386231554976
-0.468065128870046
1.42011896524031
0.505737373442877
0.819116428097815
3.1113165704949
-0.394191492747702
-0.0119305251775383
0.599603334022053
1.99675840436219
0.0782813206758715
3.40638066940187
0.131777219667565
0.0977595722616396
-0.314878852711504
0.683704014932095
1.48798759920641
-0.53899247456521
1.22753238444299
1.3527914991606
1.31691970158516
0.380244743726905
0.822472951350338
0.29345929943445
0.92158743931761
1.03811291688457
-0.238422411840358
0.0260241473676361
-0.218817747925392
0.318811930377138
1.4821575487436
0.490491393381381
1.0383218396691
1.0804209225363
1.53835224223879
0.311511656108896
0.430412297304241
1.05907258138776
0.606950401996404
0.412476029923315
0.709641521663776
0.723812173715817
0.0191397967082667
1.15262947558894
0.40162984846745
0.206588130702788
0.400913504780627
0.590426340102257
0.84191669975525
0.523399921341969
-0.563055734812186
2.03675214364583
-0.309765145147849
0.843777727687946
-0.856642948849851
0.897893285265553
1.43872025144348
1.63889020163298
0.615177183520271
1.31507474794331
1.10726010093154
0.134750087762573
0.827086717266685
0.181979371807955
1.37189576022275
1.18149846990178
0.774401756451438
1.9989020156411
1.13257733681688
3.04924940936029
0.508450700381216
0.482012331405294
0.919602759322427
2.42915854932319
-0.563357812341876
1.7760272163957
0.209788531182446
0.926689392088213
1.6707313292065
1.14688476930523
0.645021653287345
0.963035772635771
0.45264950162113
0.838720533142959
0.0553987983622403
1.06383976893347
1.01693865158228
2.05279657508972
0.342303146805955
1.06323909482947
0.899574204609965
1.06916516964161
0.65106197527302
-0.101868265734505
-0.213911394624667
1.06824894265559
0.384015918531548
-0.534100814123418
0.0726227631251342
0.677627389819972
0.630005306181621
1.69848155259245
0.587132524414433
0.190316722303951
0.916357876405645
1.06042209497783
-0.536754526988311
0.916255499981365
-0.146914861078632
0.409690287256806
-0.631130681815741
0.600871325231192
0.837202256414623
0.7665089655632
1.58094693021169
-0.125795860827069
1.96109236787993
0.816984409690236
1.66103393907193
1.12414874450871
1.00152382451083
1.50051523598402
0.628913697331182
-0.063276521186531
-0.213137661528777
0.638501498618121
0.0636246457783372
0.229195612207675
1.39705056689258
0.330264364534241
1.23176591683469
0.997620779945541
0.022660223811537
1.8033950509336
0.558781208372257
-0.409676245698915
0.183950341461709
0.428101793068487
1.07430798342366
