-0.460142117591342
1.22118186746018
-1.51496848266765
1.04421282468154
-0.242980080689403
0.652839851220495
-0.379091868706545
-1.10921641987701
0.171514900675291
-0.450422556809112
-0.988505489943529
-1.43060306719992
0.824008205378435
0.769326496479531
1.39979541810699
0.386680439221092
1.71803110948198
-0.482239027250471
0.861679335372698
-0.317108729803341
-0.224729510563092
0.250353749234308
0.390441153292297
1.69391189532
1.44034910485734
1.20471691196616
-0.327806121280795
0.143893406222161
0.181774066458202
1.22861757879807
-1.82292367993979
-0.120970639490143
1.13789825764683
2.12391012702661
0.552253271260806
0.113749729258166
-0.723640158417365
1.44694364608026
1.68903909787981
-0.469904377731333
0.493031433637816
-0.582873984836857
1.09182312779785
-0.483421781218694
-1.66158196212443
2.66051179969803
1.24775221672947
0.828377982421129
-0.20740371852472
0.128029326700947
0.152302218223196
-0.671450691383785
0.820293046315631
0.466148963433331
-0.880690028066731
-0.706225647384256
-0.330749544802495
-0.227004263543263
-0.339245533552037
1.82980914095439
-0.670979086125332
-0.592520226475108
-2.98123209380622
-0.512269739873898
-1.01132563856926
0.604798979606175
1.04948766616405
-0.268218456284983
-0.296910506786234
0.801884103444653
-0.928147907337942
-0.259518007122744
0.823836369384695
1.84448502453448
1.79549948861927
-0.615074906020294
-0.800782464378911
0.126177696495665
1.914953880997
0.534654694208817
-0.465918244505577
-0.606909913416942
0.440759357236937
-0.0361663852023937
-0.327869901228031
0.0452012832380515
1.27386163655076
-1.84374362901389
0.0656287377973454
-0.652234852301789
0.442476471761106
-1.23002897570276
-1.33150325649013
-0.0568638301458521
-1.00941584407554
-0.212204428185695
0.253546662297511
0.453514109362828
-0.47815740880916
1.15219738320385
2.58213777822823
1.60527650649069
2.22687121702804
2.90564157843267
1.22146132778819
2.78654716337609
2.86405859138298
1.41456145252534
2.09637256371983
3.44360614040893
3.70231510042784
2.39179601897916
0.745031746292207
1.85707022733489
2.33283950608551
2.781508467915
3.83886534134927
1.9864244983842
2.31745571915755
2.05683900499715
1.11081897207999
2.94217590698109
3.64018346599638
1.97952727850336
3.49340855976316
3.60760395860824
3.48912843438077
2.85199584259722
3.29004172812281
1.99156799781627
2.63402075007892
0.540704488221153
0.338235622125227
2.08235818066638
1.47337351238074
2.49291732665737
2.1495256357286
1.81382519986274
2.88236955661392
1.63642431656093
0.746027121082693
3.08271411649979
1.33634736388745
1.71399587155431
1.66253041441577
0.491734918750975
2.36453940642129
2.40808374029364
1.14561830511293
3.12478546037297
1.76112713837572
3.12482424132722
2.90024412037368
2.38058996872083
2.37076256989489
1.55717271312138
1.88455251532823
2.31690076913018
3.58225157561671
4.39483814480306
2.73179689552643
0.543680145146361
2.51591977096715
1.28701871482673
1.61589230845536
1.25460493875564
1.89088390810596
0.467860583211604
2.01555142546751
1.79928267324851
2.50149406409054
2.90231798555837
0.766031426451284
1.67513395544857
-0.20139265784352
3.47319240908953
2.61377822208629
2.13999083656005
1.65975898347012
0.746971662282749
3.3999754960904
0.39803343418301
0.0612542710611475
2.59437106373671
1.67482358863585
1.34640293892693
1.21413295565386
2.87786006682529
1.2867380133839
2.00966349677361
2.56158129274911
1.5513808712392
0.896585987376137
0.73241057022595
0.428342311625584
2.77584939128966
2.19144358470725
2.89273944865858
1.17509334277173
2.30048586051066
