0.391281569219775
0.359891451137605
-1.32428816931003
-1.74200885945582
1.1062663212904
-0.422773146240289
1.26154774459798
1.56218488786859
-0.437759458476513
-0.580639229340516
1.98079510940895
-0.319189055771607
1.38311616409642
1.10792776275912
0.363184713943766
-0.810796582308565
-0.413548079796031
-0.690176816252432
-1.33829686256511
0.328702079996582
-0.0715069377089459
-0.18504882162091
0.0419401433993068
1.81325843441384
-1.06444599092885
0.855951411340511
0.330786216463603
0.449358950400182
0.317801820886509
0.177008983538136
0.590749158708164
0.382653239094145
-2.02741798060487
-0.352951977974765
2.12603030249246
-0.287647153668559
-0.363380856045405
-0.105901278131369
0.127900407505968
0.802351519149561
0.416701394137926
-0.22606275657046
-2.2276460885322
1.44272946783349
1.37697585160451
0.630151720573894
1.53403872276386
-0.585760502205113
0.283553625165239
1.85341292542439
0.0726016555407797
1.97271642930062
0.65583741973461
0.513053276857709
-0.152829204832573
-1.0529076307791
1.61260186579445
0.414526777686678
-0.898584474070897
-0.809089029770579
-0.150692276695571
1.50669196382937
-0.568511223856394
-0.647721031725001
0.62198452872112
0.968559302391414
1.39758768863979
-0.571528663466987
-0.50327602002871
0.162402316508479
-0.738081010328271
-0.349417291333297
1.3001543080458
-0.800263290567988
-1.91074285660643
-0.91606372065614
1.10258098089938
-0.280404575090602
1.85241526292173
0.479885444961635
-1.1858786746639
-0.0644074088963469
-0.77828268286284
-0.755583337057528
-1.14050883735462
0.142845291800533
-1.66706258720898
-0.0154711379215075
-0.648322559882371
0.477884412102673
-0.706119715232175
-1.15027932544976
-0.236480966648037
-0.150105065554892
-0.566716968496825
0.467777908063456
-1.92762273758987
0.647356050510011
-0.161753399317877
-0.738727643509875
1.23743844738992
0.670713177777537
0.50574031577935
-0.580774905065783
-0.825626800992208
-1.56685894599045
0.254304707071286
0.579504977383841
-1.86904695102425
0.34915951372398
0.592860047186985
-3.09561791277878
0.768644469316284
-0.2794621270921
0.485953199449975
-1.16213198543885
-0.131545849336078
-0.350571400788775
1.15567374327669
-1.49699026234185
-1.03842096169373
-0.176507128333916
-1.00688883858889
-0.879036194020835
0.0262359995576049
0.395321021053794
-0.0586753384978928
-0.136307101003886
1.87511035501663
-0.37089522929974
0.619967297964855
-0.358264885608723
-0.714035652921117
-1.34220181640439
-0.305415451596591
-0.201301962494045
0.841530193363826
-0.912861401398186
-0.972867527025483
1.38396501828553
-0.932993873833516
0.612249879327243
-1.25591316554953
1.5032319714564
-1.21709028738286
0.831143006993762
-1.08094180934412
-0.271795898629478
0.383326100226824
0.477893830358147
-0.722233337297211
0.126380705408378
0.776154653663082
-2.10147154521117
-0.673056387587719
-0.320815487164034
-0.0967086812635316
-1.60540173772898
-1.53000432952306
0.499284120827086
0.700286513458216
-0.00795962135476263
-1.50431339137075
1.05311494042137
0.147605329052699
-0.641997386074616
0.770323258958318
0.000248252603725404
-0.210298550552552
-0.170974565540704
1.27397623924298
0.899501254945593
-0.710645606712803
-1.3337010633825
-0.077944764843309
0.422457427706321
1.66987956295893
1.67744279370028
1.57856614602132
0.296500693782643
-0.898126801343298
0.0612496068340763
-0.680308712264781
-1.03602524778884
-1.43804371406594
0.0470786913038428
1.61218363262769
1.30739518198871
1.77374982043311
2.29105054964761
-1.57164645452995
0.524545422134247
-0.790477264633292
-0.19544558518135
-0.566742728689078
-1.14975687711253
2.68273749526513
-0.347745563319024
-0.660230405040245
-0.860151454556494
