0.533119161065289
0.774359881443305
2.70090359000202
-0.646507118635509
-1.01215304698204
-0.563224038444487
0.186093330005785
0.322410177087199
0.906667492442375
0.0403234921613145
-1.12300214823314
-0.577732645023108
1.03735738319506
0.0432238893038512
-0.606767445967452
-0.0358809881032074
0.122765659680117
0.702196652563749
0.0674700465933607
-0.470770481011857
-0.933732410775259
-1.23820183670312
0.252756186317817
-0.478557956792523
0.0318472657831446
0.154792419102969
0.218196706412749
-0.207244089558028
-0.252935813668502
-1.22852772695983
0.216033235406449
1.41141050732952
0.00434437409857231
0.674036537088098
-0.192627397062927
0.289185204763163
0.908642332156154
-0.122247964405899
-0.344013453743671
1.4688048648052
0.328291681716367
-0.68567754030826
-1.2210175930585
0.582323713600542
-0.618375084741978
1.54260313191252
-0.498866427152702
-0.964414594723714
-0.22885515128165
0.49045317289329
-0.205057862314477
1.16786812153015
0.726510311086977
-0.661362838593513
0.660322541690116
0.0292432697293566
-0.6700347892371
-0.154885792359887
-0.782535254097913
-0.857852139155088
0.265365955367703
1.7828119909257
0.552588429117129
0.11716471408604
-1.71456403151265
-2.26584814083016
-0.208545432521822
-0.325237138118803
1.8049041734071
0.879153715168001
0.206769636852942
-0.620906176955208
0.880910003135052
0.0958160187085062
0.0431341167328857
-0.491142318117234
-1.70143917022905
1.01086217287784
-1.29788945997154
-0.54768918064405
0.493022626633213
1.79440933589705
-0.828524438694601
-0.789333366355316
-0.755599981160717
-0.268022246830783
0.861614069523881
-0.097559641171855
-0.03062947806055
1.12485204241029
-1.93031371916901
1.07585757582867
-0.682525562889566
1.03672359474023
-0.284430821283913
-1.90018136299736
1.25541552784613
-1.4741914407706
0.0402047763953417
-0.0490181132330609
-0.464263343317603
-0.968950734442253
-0.266724714413608
-0.603033261382285
0.545783085612546
-0.757802198558915
0.345362953934096
-0.799670588028203
-1.273058714612
-1.85431929209065
0.492397521680771
1.38778443425958
1.48086941249072
0.450504033442648
0.0889098339457384
1.38495270184252
-0.385288791788517
0.323257666523298
-1.35243741419581
0.561552574411561
1.62509089569763
0.0162176614703337
0.716608818132366
-0.437842710978032
0.618700109098235
0.13578735424426
-0.338694856271519
-1.01139009948499
-0.653184610617404
1.38078814023812
-0.240618152857039
0.854586549112776
-1.07879763953286
1.56846100341031
0.448867581059113
-0.464596120315545
0.391847039309324
1.17585662576857
0.326207020736586
-0.267923208573789
-1.8036191945403
0.206056697967765
-1.19009831505221
-1.91156488501871
2.59087786764551
-0.196360885895493
-1.23968583107553
0.274331014396407
-2.13704763788467
-0.265685206493392
1.32752233525261
-2.15387695252651
-0.619693137801608
-1.14334703989156
-0.428239452684913
0.0971337056158169
-0.0584818842715668
-0.371463388391506
1.56606998774536
0.0997688732256778
0.193648042284895
0.0537193404027989
-0.5849182697925
1.70357666465848
-1.0602176137209
-0.949453781775115
0.166225454521876
1.556479181693
0.122698799841258
-0.336596586829968
-0.329950781066504
1.21766839723073
0.287405100724846
0.146657546730274
-0.0116581319651425
0.70208947504665
0.376381864869077
-1.74382966249936
0.282382469809579
0.555904018480832
-0.628872887509002
1.08906656534336
2.15883218376175
-2.2457714313323
-0.65147045944887
0.769015268243854
-2.5373844527003
-0.756406309172193
-1.5352390159079
0.81266518031286
-0.0625067089052985
-0.444304441204219
-0.148405181286201
-1.24724634258001
0.365815729542239
0.666927742004159
-0.376931578970805
-0.972331215924356
1.32724853015474
-0.492816697326941
