0.822737492716989
1.6670868276135
-2.01216966604447
-0.372177577032234
0.378668913485296
1.14265057905645
-0.550700678613819
-1.12628615994485
1.34722846152861
-1.4809627029439
0.469883106703818
0.529205236240327
0.323583321199166
0.408836820456616
-0.312714678598219
1.81026782191611
3.11777424063725
-0.0291793565925235
-0.711671787975686
0.0457176474255406
-0.898129439183581
0.892010388993871
0.262595936277269
-1.50828298926504
0.205076019843904
-0.555526457282802
-1.43699263918362
0.967320746210872
1.16542896440755
1.07841461219492
0.359080239007743
-0.126978219892064
-0.753925907882782
-0.0990627325063559
-0.316625053135787
1.43159729340044
0.0618421691329146
-0.424311609420894
-0.429807310883309
-1.41386195494908
1.88824254507453
-0.646453112206315
0.517658547270314
-0.606457393294277
0.0645104059799929
-1.93995446012481
1.23390492563425
-0.169014713785435
-0.555855633707646
0.241135904453815
1.5307188276681
-2.17672385954288
-1.31891731128055
0.271796217356346
0.367419381598261
-0.787339232309838
-0.307670692100847
-0.494111605477097
-0.805829245263583
-0.513465844353185
0.158619649674999
-0.822926188626012
-1.14857565917925
-1.30640457159355
1.53735129232503
-0.998472013577158
0.0346938239206375
0.286929128737496
2.01927353817907
1.0713252797711
-0.228567549749744
-1.62596955496239
0.955578362985201
-0.972266970207857
-0.592612110431287
-1.31758574529361
-1.39538479368635
-1.41910632957862
-0.879234403396176
1.26648680989848
0.776972925776721
-1.34493140074726
-2.09801637194609
-0.348636608283226
0.468287121928742
-1.00218572751706
-0.0496014079620129
1.11404636557751
0.390274419065192
0.263383975835875
-1.57984385623331
-0.832019225499893
-0.156140585849728
-0.782859876074088
-0.65749951452317
-1.652363792614
-0.48167076382915
-0.190705761645493
-0.380839634196847
-0.604309842781174
-0.156247656055883
-0.775073652041642
-0.0470464516330867
0.253365013482714
0.639040037016053
0.952239645158446
1.20685941890716
-0.666908249467442
0.250942267590385
0.0403394023862981
0.51314864524766
1.02322783927892
0.717528204745397
0.14435476386213
0.509061459979
-0.306711505384364
-0.00424837328481526
0.457044737810792
-0.599883076174037
-0.315111210969177
0.364325192806638
0.247235711022242
-0.121323715611267
-0.480549932710881
-0.0211077553456676
-0.384999954523364
-1.0260558822575
0.764207848013667
-0.772929404998501
0.824644272359754
0.158432592168801
1.26531700028402
0.653213102632835
0.204760592774165
-0.211460379165335
0.453836449065383
0.345089591247796
1.77926863699821
-0.24692708744524
0.183400110312999
-0.968054719467521
-0.291913408447612
1.24637520377281
-0.796900546755726
-0.0824761906057403
-0.186946681312095
-1.44235718030868
0.0924312597522752
0.430154369116478
0.532421602630773
-0.419124039701987
1.78365419440582
-0.0358976117538291
0.448444889463513
-0.0159683522771035
-0.611457544791747
1.33802522334339
0.587210343929877
0.0463491949780623
-0.794868368490703
-2.11784854998475
-0.00823039419868109
-0.799755538827106
-0.231795150855709
-1.22025040748758
1.29595970198307
-0.710712852683025
0.0263526704646954
0.530836007850194
-4.06893962781676
1.64378828990672
0.465498934325664
0.386856795792786
-0.00154158806618091
-1.30542232568435
-0.0713250389263168
2.3714657116677
-1.0785003105443
-0.0265813162221168
0.23567522167296
0.48546339538778
-0.227095570505889
0.786359130413024
0.569719032241405
-1.025017554416
1.61864067214216
-0.162729892480437
-1.24936225031911
1.78480873668832
-0.377223761432344
-0.642618321314355
0.628839778023041
-0.414650566373849
-1.79326473940317
0.992680908311863
-0.180515184770536
-0.331049912262966
1.32712145317959
0.771548842634513
-2.52645165128087
