-0.0779597030209496
0.575478243323192
0.924048350657153
0.0603611677418229
1.06005860702769
0.961282398160265
0.692086126409678
0.448314620463709
3.13967495805838
-0.342143357003935
0.931558078282583
0.698916396121593
-0.753548908360099
0.99591880446689
0.732897520913466
0.347502578766448
1.12409658899217
0.481726860366259
1.79902433141431
0.954113755201479
0.934772852648073
0.414074526838312
0.595661688318325
0.7996169118638
0.85723855423844
1.05978109401173
-0.154892700285623
-0.334394344510922
0.487949096259739
0.744486071747194
-1.04937612481266
0.755364877537922
0.598064916234744
1.00570637528271
1.19440360492254
0.747845972062985
0.443827229138404
0.305152359077805
-0.19491723433269
0.465103611452646
0.631685449087676
0.557823015937343
1.8586284057607
0.565649076646019
0.490093761456277
1.1010371029019
0.410610987527799
0.995048684827341
2.49626208139751
1.62539624268642
-0.46727280567519
2.89346974066856
0.482626247895714
1.11646394905116
-0.0908013784897769
0.218262661679428
0.66854729396893
1.26672611171061
-0.200295406017574
0.566771997796052
0.750725399737927
0.934629656608024
0.305379199792866
-0.262626593053224
0.166589067420691
1.62583481592917
-0.142294821832236
0.582912665403101
-0.224679799195547
0.464092003514467
1.63901601681456
1.52671485723021
0.56618592358419
-0.279527356247195
0.500230454146107
0.360509118338065
0.541193309980966
2.69032737329488
1.67416566663796
0.307751425266045
1.74545425733792
0.74791602177398
0.257702040919879
0.498410558072248
-0.484909799767649
1.48759411830244
1.88879978613975
1.01822379696044
1.83393326439568
0.741989647320838
1.78932460297422
0.445344625295235
0.821060460630445
0.774675727834585
0.825804813619006
1.07172887192283
0.382030411718452
-0.123554267463465
0.148646697062933
1.35277014843216
1.11923698830278
0.710174491266324
2.07437141203918
0.392373791951468
2.16139667742132
0.359720006654605
-0.198893291612669
1.10387317710515
1.06637940535043
0.919054344503325
0.245702980330678
0.635248799267221
0.982203287984958
0.828616764152777
1.0406729529307
0.527964878782795
-0.0761224994148755
0.821365346841148
-0.443568983609304
1.55075752664432
1.28049850140956
0.424853858209373
0.189685128478365
0.321069284080297
0.279497362304315
-0.0938571944615936
0.771872344101483
1.51132190918427
0.303032310654185
1.56319082273114
0.432637392783201
0.976548423585
0.963629864276429
1.25570330476017
1.63829717638846
0.343815562820755
-0.0178852636170936
0.823091209011361
0.852428522837928
1.21346164646052
1.71594602051304
-0.512024870130899
0.902766648994059
-0.237199179572565
0.74298967546341
0.350076125286619
0.903689061577314
2.00689738812973
1.81881032221202
0.722219294540806
1.02747091313683
1.22672646596949
-0.536033742219047
1.77540637127052
1.24454845865556
0.930052956870814
1.09489974692424
0.0047191860252539
0.703412056235597
1.13965214222671
0.878380176092667
0.167236935695009
-0.354639080955588
0.63596875256541
0.189992217653325
0.246291934892336
0.700403675848152
0.560960567639813
1.70127805309919
0.740110761201747
-0.38070342992915
0.324970674554655
1.37168821386274
0.470328370192156
0.416680186557031
-0.595233392398815
0.692209006119315
-0.640659726402198
0.136126786457173
1.9659233295118
1.40214256740896
1.07220391340882
1.46023058458643
1.12429217130831
0.353414954607724
-0.209764129178088
0.740064352108241
0.400988755942123
1.48760101256612
0.408320521991507
0.471245677694533
0.632837787816925
0.407268827654245
0.151054355249045
1.57400285792647
0.308260992584216
1.34885807655663
0.552770518138791
1.03670651002315
0.924287367061859
