1.37807793363407
-0.240790848622473
2.19819665418137
0.421008465434108
0.733954629726339
0.218100669660558
1.19282760469141
-0.0894271738723047
0.894422950254785
-0.37367025296503
0.310312002372934
0.517990985833844
0.857777538751297
0.63974298601369
0.891701331256976
0.109648666486507
0.521491943191518
0.884071529021956
0.797882182922239
0.218638017661213
0.622355506506009
2.27213724336832
0.1598707695045
0.189274439273309
0.30431162003823
0.0397487140423939
0.499720371723035
-0.0978597504866646
1.4941873561813
0.26773424679904
1.47953451663993
0.001556799507986
0.364182404361897
0.51556270833073
0.35054313326281
0.768523384227941
0.225908627597891
0.599451330163251
0.520323482006372
-0.123782152934473
1.04160417140186
0.588270975723456
0.436857790117788
1.72029564989477
0.502348890965792
0.752842224804938
-0.135366133605167
-0.13790390935184
0.505855046822194
1.53776595957948
0.585497084215871
1.04801008839574
-0.257536962011376
1.346712200629
0.477810800396669
0.437610812299926
1.84409305390314
0.339516774231236
0.603611875761893
0.559592430479737
1.3168695162515
0.928380322994716
0.309203468040156
1.51712004613486
-0.226717438583805
0.917373771668757
1.46822005660451
1.54737312701418
0.082233323440577
0.115635003681877
0.824794342442172
1.86770661715111
0.16104938786671
1.14827773779539
1.03278633742276
-0.776265268075729
-0.0801619242007645
2.29445133150323
1.07995001377435
1.86827117799897
0.329612717483045
1.07555904036113
2.41217917965187
0.676242010596896
0.846230635020054
0.118146482853403
-0.148788878912504
0.208246906399097
-0.0195269264623615
0.431759061431395
0.0605665835329486
0.186218694596242
0.276734048208263
1.10526560575755
1.2017714693458
1.17782764793714
0.726937959452008
0.376937478762707
0.359802401198842
1.05174040077708
