0.30353608791409
0.925504318103587
2.97885948870494
0.561255301422742
0.475746402896955
0.210361767816089
-0.0394877071405622
0.950827672099112
-0.053940441910387
-0.508026466076317
0.875969338439714
0.0887029593455902
1.01780399590507
-0.528825775903842
0.341571949037822
-0.378116209933043
0.075060039099222
0.79917091743846
1.25668942440851
0.19951066431932
1.50804811810921
0.248035102882363
0.0936143863447704
-0.20322280298075
1.77103723887002
1.25786627057727
0.286500404883469
1.62968572437108
0.822426269046109
1.07071937854683
0.631343198106596
0.254136659694771
0.136846165138361
0.980090988230999
0.506921467838326
0.267909213036254
0.564070551613482
0.29110504944881
0.563998728466085
0.364619276003586
0.304431383699169
0.538451442277655
0.239990837791413
0.957606893990965
1.57111604481386
0.373538255066557
0.340893985821429
-0.45543781395484
1.11571814954928
1.04402246019003
0.738155447304724
0.416491229669653
0.669569145220129
1.00754962967376
1.1397048419037
0.671863641629192
0.715450692771981
1.66080855201808
-0.244134894416871
0.404306016804882
0.903098826267075
1.69300554498093
-0.505739779325104
1.87641691604044
0.736173715832126
0.787991584205055
2.2446035090539
-0.0596109398759215
0.641355438471491
0.187428654071864
0.479313191426625
0.537669604636692
0.923346460202955
1.10145482226618
2.47259681441064
0.233928301044044
-0.526247478124266
0.242195232074181
1.72204820517955
-0.131378260615992
1.14177192638646
1.02732713542717
1.15611747551117
1.55386739414472
1.32925575810031
0.289753868560977
0.677458577248999
-0.0316420410828153
0.745135741266357
2.29513648833204
1.01916706416996
0.581380632730035
0.699999986190762
1.10137706771564
0.479269980479794
-0.0528853915693585
1.5102669572052
-0.538492401452592
1.25717397876364
-0.0875823407373618
1.06503701225846
0.729615289306658
0.394877205121874
1.07776313723907
0.384081320746665
0.215851963800583
0.68667433627808
0.74979518016622
-0.121996968821378
0.151355406192389
1.31286367751857
0.0470817131210938
-0.640142286858874
-0.136157298107462
0.356060595361862
1.15012827704643
0.807925203702588
0.899580064362841
-0.156451390312749
0.344571162938039
1.6227214941538
1.72141783761866
1.90691696901862
2.35052644129893
0.00484878530991728
0.775913090582814
0.159241982359924
1.79407219860057
0.281203289330676
0.492469576758409
1.883796064578
-0.277142113134683
0.125447962925342
0.886052268695416
0.480309047989382
0.491473623955273
-0.752100582569527
1.31375790125053
0.188798034033124
0.284505486233937
0.648627546954138
1.07402366107726
0.783522846007978
0.100012790237537
1.13100006635286
0.744469429457572
1.66413445375492
0.815113442165575
0.020612492097871
0.651642417186025
1.27209599907857
1.63664839524612
-0.198521531353116
-0.150042850354242
1.14306573715275
0.975556081723108
-0.022058682736639
0.82838704321183
0.731571000531032
1.01160913338724
1.76374014258491
0.179251175983269
2.65698975498895
0.415053037648743
0.00375047577611176
1.2785984071803
-0.0466611177156522
0.607467421389287
1.19973758508126
2.42163759227017
1.32128928016427
0.216206699509715
-0.39007369182137
-0.275993157169673
1.1910048042124
0.115681328731129
0.577710292142698
-0.0807262527049077
0.237376698533949
-0.0156452089815197
0.598189189285133
2.16234118101255
2.93916570321939
0.978056014368024
-0.238254082677473
0.439151878732262
0.706318539858479
1.08496226763474
0.535052389598004
1.17013762770797
-0.52023977853331
0.110478148590702
1.77932820589053
0.168403096189237
1.79060866010911
-0.299720000350436
1.65934292264897
0.56641018569877
0.0765525843719729
-0.209887391542748
