1.2922338291067
0.639106037923624
-0.29277097159583
0.165885904549568
0.85505024437441
0.638290272600942
1.96504192231565
-0.261003187802203
-0.282478649375009
0.32250517117168
1.99692028261784
1.29384036529177
0.364250034132205
0.370406149891717
1.02173978325473
1.63257962176561
-0.538357418119512
0.828185855928562
0.151735293902501
0.695037931849054
1.00378944457621
1.24636094658828
0.770902349445289
0.628269037509601
0.0506039153732835
-0.0258868496014836
1.88536210170974
1.21049584552735
0.365862857664646
0.52528197298921
0.736878837140064
0.67551871876942
1.02238489597794
0.136756673665603
1.54382064208056
1.55706158946542
0.243940780553896
0.32956660522046
0.0989294153708467
0.842376022163758
0.114249258877897
-0.318093751885285
-0.0811784559811811
0.919780321881083
-0.109216334611247
0.115838898026856
0.791918459429014
1.41773391754365
1.23298791319727
1.1253793985426
2.04319194591222
-0.0954906855177589
0.97134112336189
0.408788679487097
0.170468271480173
0.687450485389909
0.683280578343506
0.705855539673639
0.306211611308664
1.43826276800372
0.579688212805578
0.100704827759651
2.82874463529834
0.584395055166474
1.01629288696935
0.755506765292847
0.493541703207895
1.84717772724164
-0.431957644890274
2.83290720595767
1.55849041957141
1.27881897068306
0.293467738420361
1.58944283868786
0.0749611766219584
-0.218676906699304
1.68859835224322
2.07495245123294
0.725600560983348
0.505960265005234
0.593686746530769
0.658123142600649
1.97936576826175
0.039714164151696
0.793426910266056
1.03849140647528
0.283420705911617
0.630729601543494
0.375202343411635
-0.260314505468201
0.790983215363719
0.277439190591111
0.668007723256153
-0.505726430369607
1.98427001539443
0.742643076175004
2.17394126989464
0.918123498183452
0.146959601436791
0.659854981425054
-0.0381406200544698
1.51844480599615
-0.333695538177183
-0.175505826784618
1.90025694890129
0.768324823548117
1.28992234952019
0.497095476149507
0.189822309544903
0.914281523044831
0.232429833637061
0.208737823607582
-0.583277851467975
1.40744517256488
1.29729389708728
1.29267944865726
0.896211997936221
0.975761836147194
0.441993908978873
1.33894445296075
-0.887528401333379
0.301849257270819
0.531873415693494
0.936232152612905
0.686989594071233
0.514124878795106
0.957691624961808
1.28539709723264
1.29127302458329
1.30043472938497
0.814757081844101
0.679718176291263
0.900610493698142
0.420997154429934
0.194117918102064
-0.320783879324422
0.635146281268009
0.15443586595686
0.0600223862246049
0.298573708422597
2.19924182312839
0.716192288493826
1.14113271315149
-0.170600885636337
0.72729923484047
0.319466793143321
-0.126514794494582
0.0478677256927806
0.11465808089476
1.74039045102413
1.56925885228654
0.136915617787966
0.152583441336588
1.70220080529941
-0.161769893977605
0.98570172366197
2.29328418182558
1.13037565704359
1.17042343931739
-0.215815217191275
-0.142886919685794
1.20896222858053
3.47073779108766
0.950958680844862
0.669463009641687
-0.228508738928629
1.12084659298356
1.21023116104317
1.25615743800461
0.487667554218771
0.470534528718208
0.295086858706215
0.390842549535368
0.708450865104632
1.33549008067594
0.642336716153141
0.102110090661137
0.631550595967132
0.92063906386176
-0.374165947769117
0.679961879873025
-0.195811918782604
1.25277356465024
0.789802355072955
-0.0573192906324933
1.52795348303824
0.462814349596793
1.75176380904861
-0.234675214604401
0.708970330973481
0.12210814884426
-0.118853965731608
0.589051087398962
1.58916120759654
0.492921524457572
0.213174099022698
-0.908411207734556
0.0607560369574731
0.239341015092623
0.876800360639079
