0.0293056651594737
0.255446361083085
-1.56480228666777
-0.220212052852913
0.269263848288463
0.40459045535726
0.167574875296542
-0.323614386637666
-0.711419801588024
-0.451585263813943
-0.228592118376931
0.239721721475431
-0.425480404422382
-0.187034975253365
-1.03644873900694
0.375250908300712
-0.321752148481098
-1.55975633197561
0.0530571896857917
0.951674721688929
-0.620032873462236
-0.636752303507401
-0.98081617088988
0.94272779249134
-0.797961789012884
-1.59569463249052
0.418941007479446
0.15001444432283
2.41964140106781
0.655650928687352
0.821761912119716
-0.131595410394173
0.688325160659121
0.140271140100535
-0.0914157478514256
-0.70845662823374
-0.177812065956728
-1.10570615092771
0.191980437655725
1.86083623204767
1.53295364910219
0.101240439244896
0.967296833517466
-0.74711742338302
-2.00231459289482
-1.20393519023989
-0.626596324479811
-1.73844593719315
-1.09438896183485
0.46046849256343
0.921307821889656
0.692914852608696
0.0298783399273336
-0.0308905177501031
-0.542464816274493
2.05139790630919
0.117944522407521
-0.094469163294928
0.367823035643253
0.109994928897072
0.96270444813684
-0.287077264530218
-0.954676501378646
-0.427163898557759
-1.12580578386304
2.17646964046161
1.3923603747178
0.11612042038149
-0.0900141012759567
1.39606920221184
1.90386122096296
0.643931061114857
-1.00213926228122
-0.385210131309426
1.12686299974071
0.857290722135478
-3.30087501850091
2.04150562873254
0.4233555575391
-1.5039160409607
0.130057320950821
-1.00362614468547
-0.166546293031156
-1.62731942816341
-0.711530057097531
0.581277399971038
0.22743744518257
-1.9124660928785
-1.01754633245565
-0.136008818584712
0.183998086747877
0.425647883800832
1.07564828069353
-0.333640644220838
0.66300762805639
-1.72457047570017
1.78000947328921
1.25332681556219
0.492418491421983
2.07574794916851
