1.48893954952516
2.32341872778335
-0.39198494720564
-1.37142026995763
-0.689142090396577
-0.248817853458227
1.39774191898901
-1.88538217277443
2.37855615261969
0.826444908426958
-0.0480417075969063
0.34631547383592
0.563725971479742
0.173923499080633
1.45509209955444
1.64052327707527
0.572346910291023
-0.365043262572637
-0.749559568212023
0.741533940509796
-0.886245154651365
-0.0206703884925974
-0.211576375108978
-0.120728032598569
0.0938944207793373
-0.958256026523537
2.81588559023733
-0.170052590282141
1.77401527339905
0.862938668331626
-0.724281612268376
1.40786769300522
0.366749087151856
0.0819713269321398
0.64427055647923
-0.611102924410937
-0.104260721397477
-0.505921701127381
-0.098259107342806
2.77846506168255
-1.13255482832322
-0.678477777752518
-0.328948737162671
0.176019622020186
0.116847474243367
0.548015927051231
1.21253657814495
0.729386437720125
-0.153587851735079
0.561881147802173
0.219626587785152
-1.02761638643455
1.06756027211269
0.323956156590425
-2.21786629733835
0.508199112675838
1.0877172435948
-0.212874287286583
-0.159507955477537
0.118895466980524
-1.18765191737917
-0.108937555310634
0.409055617412953
0.897667873296831
-0.120846326197394
-0.482409028357052
-0.72295435624708
-0.759287030492225
0.235577638690465
0.409546783356308
0.0546242612567333
1.511813040583
-1.37633110895758
0.674352521437558
-0.98750064212334
-0.609930529297346
1.29067039648537
0.393185127279599
0.29282542752808
-1.32951807439692
-1.30851901752267
-0.33559508447691
1.07303648861787
0.263406578771106
-0.273613086837942
-0.545909625304368
-0.621554552985709
0.458347761438146
0.794479074341535
0.237537055727884
0.549704822882026
0.909111593544874
0.68093768056686
-0.785507660048264
1.23189610453971
-1.99731414584904
-0.0106939931736548
0.445790412942067
2.2012790982819
0.381775818890528
2.35578614318677
2.23972975279848
3.26575621674883
0.774238803283647
2.49081959611286
2.32619178945147
2.32227814839573
1.91686812750537
4.77648424554188
1.85360855360274
0.916220761934823
2.51215426942229
3.15739063186604
2.73753363513803
2.32499604285969
1.71197222965453
2.40536259497806
3.74427266363405
2.12956628938298
1.78860648900761
2.07779620061669
1.81726564649375
0.966113398563242
-0.00190453826703463
1.00501413935673
2.36134829273397
0.631880403391836
1.08301022040528
2.37518894860307
2.92035375451644
0.560331896097821
3.83238484685553
2.14288145167125
1.23132740907947
1.45805092772997
2.74344270891847
1.66185728970683
1.3664208237079
0.661473059621373
2.37109919549431
2.19504467253322
1.78930304469366
1.89186294132912
3.66009508811728
1.91031035596729
1.4825677820077
1.9906754915406
3.08797849229219
2.99878052904637
1.21581299543621
2.06976863378166
2.03567352284536
2.72236997276278
1.71733556338586
1.11743980405763
2.25879772851534
2.74250533193388
0.534987803344425
3.36458855090018
1.33756727663245
1.61553680473587
2.45299848262627
2.22901546534555
4.12511904126534
2.24006358390714
1.70483503313046
2.86320253579779
1.92180358786682
2.76757495775023
1.39289928612121
1.78530642155618
2.59013231282247
1.14566017145273
1.24791082203827
2.79898692126298
2.32028763025095
1.0097860321756
1.40052818093791
1.82697783553347
2.00794971323761
2.60414279339187
1.42550123822185
0.761489745893445
0.451629779322124
0.911515751662594
0.964638565152736
3.09600064006746
3.27375801904171
1.22350161748059
1.39332873738281
1.623071900222
3.43568157433037
0.827826484842088
1.55445651434966
0.624443419206895
1.63075856125311
2.96250833726222
1.90581190408173
1.93309420843114
0.732941370224435
