1.14536387846653
-0.259756892020687
0.831412190391442
0.357331382899327
0.940108794149696
1.020019650567
1.30514212127948
0.777876808540846
-0.559034403863706
1.90902316868048
0.677528693279824
0.321404690194472
1.19683123215545
0.166420890249952
0.820574709644507
0.621208482456771
-0.386743092469731
-0.270600154672135
1.17667522076197
2.14448169940721
0.866091119725476
-0.56117700817313
1.41840616449568
1.04941648695049
1.78399001762146
0.77388395282147
0.387136618106024
0.525871513785971
0.54146403238424
0.261087724821569
0.243082886799974
-0.771248804117654
0.758366795480949
0.816563081596993
2.12188560260322
0.854827817023885
2.06664334092027
1.25329846834614
2.50209784091334
-0.39066993005322
-0.383300462430568
1.16014714193068
2.03165964116695
0.214396447985587
0.415088673842366
1.63934557237738
0.927802609858832
1.91606634940046
1.18380316696771
0.206534730026106
0.0216406867660317
0.709561546437269
1.20223356298751
1.12300276736023
-0.0101699286528834
0.432218841198227
0.818565970488128
0.873488022695016
0.703082969058847
1.57622520178451
0.801623315791019
0.518264289635588
0.771823705694887
0.628418701337879
0.620915926815566
1.65976183013852
0.982100477179886
0.86361170256285
0.325988676059727
1.10664616791069
-0.0629975036750284
0.622998525578619
-0.12957061488017
1.559275662758
1.4864005202638
1.34581497594631
-0.468945294178288
1.137708321295
0.508975355043908
1.82710456689265
0.352662994361657
0.539919202467547
0.0631348056310883
-0.805476911087452
0.690354099239784
1.53309273399501
0.707038466195641
0.123656265714778
1.51518954080324
0.393293609433333
0.724874759676058
0.00431062956181993
0.957571550063611
1.6584141610642
1.53650221829201
0.53316883233096
0.80214270123088
1.01569168207643
-0.0824218871452712
0.519101550631732
1.65277099562787
1.37483184610214
0.197151100138714
0.262441768036239
-0.136441125496327
1.65314517012422
0.251159900626048
0.210109911570661
1.31148810226578
0.228533999182197
0.618936536404355
0.00622967719775086
0.494721449738637
0.816772030744707
-0.426314541330605
1.10186271153291
1.14915041907695
1.19467549956281
0.526120568033655
2.29692279903417
0.570888534998929
-0.133563146343272
1.70222490916284
0.636499562294447
1.27991304068366
1.21197962980058
0.057391985141775
0.137948260297817
1.28799990442001
0.778880269995893
1.09183586296098
0.740166470584036
1.25058828104238
0.790209662062386
0.928341432610355
0.829090984448206
0.574271354089832
0.274998754783024
2.04930002665811
1.82367335435239
0.0638881409689474
0.00820805679033787
0.304947380549467
2.1471235899933
1.79662253613445
-0.242435687696032
0.741194814341275
0.570287043803238
0.157576833602827
1.05860069176292
0.0139304071342872
1.57069163815936
1.52308421180527
0.798355165815675
0.213802212410203
1.41898871748419
-0.0286158177083187
1.12261652523825
0.639137655052699
-0.0520497960979602
0.48398579666838
0.120330440815931
-0.288634292650554
0.352279036891464
0.988734728254777
0.881846424071081
1.22604339731021
1.43285791194016
0.259426772675974
0.0947507467797352
0.74038540946661
1.80095548401018
1.32432805186976
0.893399461730535
0.0361378287994547
0.776442886956553
1.65838599659148
1.45167139876923
0.895011223440585
3.08139358266324
0.934296642479119
0.538727930809377
-0.039972304407655
1.80544827043117
0.538642172351143
1.39924242552487
1.38936409666274
2.0737488327912
-0.49157877212431
0.367607678627319
0.628337946466725
0.221803868945876
0.960827631323669
1.28763658610778
2.3213140649843
-0.221910208378854
2.45828974795161
0.469232947248389
1.47985148931595
1.19715437883028
