0.064241027970446
-0.255547724601048
1.35996407638045
0.950611641097713
-0.123177412848298
0.512214560846502
0.230132997114251
1.61806303472346
0.817287945396832
1.6856250242034
0.448488167679435
0.120946019470162
0.400527332942658
1.93690214469506
0.281047997117716
0.454002686796176
0.11480351932175
2.58667829582976
0.801994932594633
0.718141792860001
0.14202952108954
1.09832509665655
1.30270993563802
0.232132171515062
-0.276430321707057
-0.466386609735023
1.44001298945265
1.22442452412522
1.46452093308933
1.02963668348971
1.61854080686083
0.171366293390613
0.494650750353447
0.769515078507971
1.35454289583459
0.512050828707436
1.11124995253479
0.130818378474441
1.29193418095915
0.626774051500877
-0.0864332877284982
0.659182344840004
0.506550218222466
1.03607144033761
0.178347441276418
-0.723612425121959
-0.0253780013433142
-0.497113888529461
-0.0580616493462176
0.980030798205855
1.02067086888959
0.130987530567991
1.16068044827572
2.51621393983742
1.47013309061691
-0.133632302236264
0.235599756317381
0.890557091919703
0.832275194011106
0.582299611762338
0.541944012621067
-0.642310443247621
0.666925954255428
0.186683494726443
0.527279060196661
0.982776943441946
-0.405734573995479
-0.754663416954815
0.126607557394955
1.13265448232458
1.51629554271407
1.44441621984414
0.404723018667209
0.620580469211893
0.762734199344469
0.344737307065199
0.212933338912354
0.783263247259793
1.40171878338185
1.06773816057615
0.559197020156163
1.20649297493184
2.18443682811131
-0.0489976353592523
1.7996882845526
1.05135399697031
0.543416489750865
1.37281967197463
0.214583777884171
0.0400187380317319
0.351949078731313
0.923206616406741
1.08455224859517
1.33204985047678
1.12112274151107
0.236042366957173
0.244945954212459
1.96268740809777
0.404395406346244
2.28603025520217
0.323190100698829
-0.335492139986084
1.51663852304476
0.0482339245223294
0.657872992638611
1.4580968905673
0.766779589016768
0.632861755622773
0.261086218970735
0.722677590832986
1.10956695390469
0.456627680248864
0.297481322270063
0.0343543583607554
1.10978587873275
0.385794201478057
-0.19394122191101
1.46830035141145
-0.685454212431377
1.41958817530551
0.325274933120619
0.586807047184827
1.91539201006115
-0.268684023760122
0.447428982982417
-0.143879463626505
0.496847074589545
0.823852111161321
0.609308373570452
1.26908787756218
1.12957924983491
0.504398097614549
-0.0444069061162518
0.314259754356387
2.03243640348379
0.227388670427273
0.0524782110278835
0.642533386465864
-0.685053898552994
-0.341712490683652
0.276473559397199
1.09865621798318
0.363287810731491
0.430522736209341
0.713355353411759
1.12916397144675
0.73355029310928
1.35458655300112
0.356450202756956
1.66930362246216
0.149674255261343
0.704464823615546
0.589480385886247
-0.166307999628003
2.01877959346038
0.934892834026028
0.575788504642701
1.93556694465298
-0.530385575818826
-0.437756947676163
0.50811124997187
1.11551891117852
0.505096332395039
1.1749533958545
1.06797766557214
1.44725506013239
0.0798197676901037
0.756492770464992
0.321752975149196
0.0115174808597621
0.455090807734695
1.45768519511807
0.800423886061865
0.545906868526749
0.622680371411069
-0.135991591055261
0.498112033171462
1.83827115512307
-0.569124212012175
1.86429732103919
0.425593281598774
0.613703299493483
0.64098545852018
0.254056396948692
-0.372896217834041
0.91798307832236
-0.324002385035576
0.947679994896724
0.768251567592363
0.297250827418123
1.72182050922266
0.753999308467743
1.12400999753025
1.26679047350271
1.7670636509186
0.58022170342135
1.36412073090206
0.380957050356289
1.26718782243755
0.755831260566861
