1.37611730407556
-0.0842681248842664
-0.273066273684745
0.636877292284749
0.364061744633534
1.69930703479371
0.540134300367374
0.285430970718029
0.723027833260159
0.536608915730161
0.371959128556455
-0.886302646875114
0.59712825327474
0.773959952170031
-1.10884691982866
0.572211202306997
0.48892976138837
0.449286295049448
0.563900993525532
0.560654846985389
1.40387172056612
-0.192791291663687
0.0709724958777378
0.132816784489322
-0.0214075314123869
-0.0589306247443339
-0.214672162316452
0.548730912140647
-0.602847327897565
0.996335146644956
0.0755454096154099
-0.612184460558876
-0.132608007556288
0.789927620901209
1.02081597378148
0.135207653571318
0.549914476678151
1.091150684333
0.448684152405006
1.36367957939092
2.29120281216867
1.97587124073868
2.3338362980353
0.942668801344112
0.454992908502272
0.465331206098023
1.08435501135758
0.655190799781106
1.00627706971899
0.547619475229602
1.28454571744586
1.49993917855306
1.25065197663383
0.312456940450387
0.457091005546825
1.38572172331303
-6.86237627481878e-05
0.434899400288352
0.137584478105798
0.569839604082861
0.351194877243644
0.377986211136911
1.57635168706762
1.26704037820895
0.487684099541934
0.492503514298181
1.0114288425329
0.224502024210969
0.356790718803635
1.92218759785863
0.282336141889528
0.262037209586991
0.484392178082074
0.368744098382267
0.711760405118092
0.70687990690137
0.895437851957453
0.667217899843286
-0.0743159968014059
1.97961360850075
0.422158690289838
1.40856321905549
0.240366876741709
3.02450410079684
0.027266109807764
0.798718935209463
1.25552252398499
0.658299233312837
1.25419121413454
-0.293483941839224
1.47924111339566
-0.190720049583534
0.463653139999333
0.686086071754046
0.929965472122179
0.520765372615217
2.08174558724657
0.761717573124812
0.639188470510997
1.3149242250186
0.377716854861789
0.127084018321747
0.96638214118256
0.593449677442614
2.52398717870431
-0.286227576861041
0.27605712787119
1.52076562637009
-0.0700980926441093
0.34069221318244
0.877062467636261
-0.0822197007925229
0.736080626739795
1.67549072247354
0.874819245654391
0.251224743964376
1.96129760493542
1.06608301882264
1.05724691508608
-0.446963942002206
0.975908989880052
0.191574364913718
-0.133325259005777
0.100770469347725
-1.07016511246831
0.919562430623537
0.746871312017365
0.771608956678985
0.350663781847751
0.454391287917989
0.370681311746251
0.4779945595387
0.422675752506624
0.606776446560589
0.783119477232071
1.15322558948936
1.84124126627519
1.44411415835077
1.15159922408736
0.182625513790516
0.46715194646813
1.31080602025241
0.555394278558696
1.05162472243842
1.68783931403727
0.210388002529048
0.834537087089656
1.09402835252248
2.17850926312682
0.146262707258818
0.224719464064683
0.265724313035273
0.834515054957584
1.5928008848246
0.456436843984325
0.693519183792957
0.273931353417742
1.54620572975698
-0.129214440251225
1.31953297829936
0.151208012535471
-0.00205290519958679
1.28960659102002
0.0847046664362898
0.76486497937962
-0.135475528740623
0.485944160757548
1.14512533648269
0.226848459887555
0.282542197395276
0.452755856516032
1.14563882620763
0.315291588763417
1.15195702943672
0.628255609087203
0.49479016648561
-0.217239296614895
1.47952091258228
0.193536441462347
1.553820442961
2.78508027187372
0.791407657516936
1.04935039521796
0.991171373645586
-0.440694282194465
0.616920423537084
0.373805125105583
-0.155324388835321
0.407991502142491
0.114144078059696
0.584407697739052
0.522592056593783
0.697122573076929
2.1280355408521
-0.182305944333238
1.30868070415154
1.15843254515334
0.0272041896813776
0.952812592549843
0.930944332834774
