1.56700014353965
0.637185560216933
0.569529271829798
2.3546588901493
1.73729930965576
1.83562687392855
0.781273241614313
1.81908158983863
0.763498325305115
0.717666531406429
1.75118347959895
1.14665756396394
0.0287794862369412
-0.0790273660182516
1.53377576849528
0.956431639090237
0.434617640122377
-0.171537478141418
-1.30050263769692
0.436404641316311
0.707540705666934
0.79439759226674
0.818942639077091
1.33842630895114
0.294369704595703
0.733346091599063
1.59803375431898
0.581854335471919
0.661097153237836
-0.368803910349413
0.0993854165640184
1.36111775682678
-0.432025162176467
0.116918639102205
1.29020224075582
0.104938341526463
-0.464822255613292
0.834462299531778
1.00493062275064
0.621130549029465
-0.255683266674417
1.45711958684964
1.83901396913117
2.92665460629762
1.5104904703377
1.49987347140952
1.45934300253867
0.670383961265893
0.747302012597334
0.652548857896613
-0.266069734893007
0.785175197395963
1.50918822961836
0.964055457155013
0.534331997750448
-0.603137873063765
1.89756979700266
1.31337014766023
1.40836969019568
0.367168575549279
1.24464283231499
0.0148948220235727
0.902999578958555
0.705999216302559
0.18856901418469
0.354094644468132
-0.384645585032744
-0.113932483535819
-0.221331125387015
0.204464621618005
0.116187500551561
0.556850895692186
0.297531998395647
0.765813366417498
0.541854135576866
0.311770009316983
2.06162122593565
1.72730824064276
0.0365504798450936
1.56083413153533
0.622024783798603
0.464900683828344
0.485138915560426
0.888249128207548
0.119887965008524
0.7250228881592
2.42717996320079
1.45825745624339
2.23360392854127
0.652948160953534
1.80869623094642
0.555566201768305
0.231215148247933
0.368038419873205
0.879939281559228
0.106979937611792
0.582056033005345
1.08929554010726
1.85893311109808
0.718015331108358
2.01348546446694
2.08556196833187
1.5018580485096
2.89591522909167
2.00011450807015
2.12583377739891
2.98428345668708
3.41921590028074
2.22172464300779
3.44373547665244
3.54134239674758
1.86761896246723
2.31860496997102
2.37377699958401
3.44422524227355
2.38262300021872
2.56413621442337
2.12196254471563
3.14299572894476
2.96455626669915
3.15139313874735
3.9527555218463
2.45996315887553
2.33435278621759
2.33861735039671
2.81775700353259
2.84852135591493
2.2631686898392
3.67414109605095
2.57042918345701
2.64396125439418
1.62323664499801
2.313825342958
1.90236389004667
2.65236137481967
2.60005570756077
1.61494905897084
2.67807025186528
2.21372255751521
3.94374564458434
1.84375880689496
3.17626219550415
2.6553860504768
4.86163080885629
3.45477771836035
2.72889085268934
2.06050452139281
4.10195759481001
2.56474747145355
2.61499822314776
2.80721460525595
2.7294775014614
2.68293053616596
2.75797478197759
3.42164430254212
1.75638288695551
2.30831183990343
2.14400081156196
1.57961369112445
2.37806055620061
2.55869690744397
2.12025003836623
1.94220740463259
2.40009490601724
3.04554219885833
2.11898470641609
2.38845312281674
3.05437523268638
1.74145942695145
3.87888224648934
3.18591517589262
2.34745901919011
0.714384797484676
2.33816600140351
3.8927499195807
2.99963530169198
3.38142729342548
2.00988356750517
1.27265833096722
2.03935594956692
2.59795735664185
2.52097484602157
3.52178028041901
2.63007294518304
1.73075717921601
3.10007018612713
2.91181588294319
4.35736712003038
2.48326257060499
2.91142921490867
2.73511310630115
5.42198594544096
4.09207835087332
2.52656665045055
1.86522353112189
2.36370156690619
2.77168704140313
3.50499608484023
2.07300892678135
2.86796246130243
