0.36419994930643
0.93702807027392
0.767030847299058
-0.1160642875149
-0.178289734029077
1.53765060479543
1.11097844081228
0.808471418815712
-0.520010403197647
-0.0575104239800174
-0.256178485881627
0.665166712795234
0.242191281917734
1.525665697927
0.559745111001169
0.913875887116015
1.41280414711078
0.718994082225062
1.00339750760029
1.35491145314709
0.238292087541435
2.07252649124283
0.748216255775243
-0.18441500818721
1.0718561486729
0.583695800728566
2.66084764828603
-0.249688774016833
0.859918250624656
1.11726490215017
0.442078645563216
1.25481714857358
1.22485668723506
0.919585134321218
1.67774190248017
0.48288655134866
1.630412467143
0.122207891453914
0.333682838193836
0.00229302282025246
-0.671291435844256
0.698943191737869
0.0454466040972822
0.759379218192829
1.42987078061288
-0.0596395595110693
0.748341207923181
0.184474566611751
0.478445672731814
-0.193357076645013
0.574245373212836
1.16454299523601
0.781411932945734
1.35922933450832
0.0813591137098186
0.913358912708749
1.18217915198558
1.23101407205218
1.26422373533653
-0.152524905795502
0.114855878254534
1.52982470862165
1.78950000359643
-0.977144963690453
0.495267596990435
0.578557289106908
2.25967317781332
-0.721903870446629
0.342070968804761
0.260364135823166
2.01834064293376
1.21713181879007
1.16522948285323
2.76291174087922
1.61565381904358
1.70201000107089
0.382400299094866
0.918346870520909
0.325659784512773
0.237955540877501
0.380499697641185
0.571792994038731
1.18407725587026
-0.638511777066954
0.601818286119237
-0.267440795845971
0.79431503877252
2.79366476250646
-0.0278744788449464
0.478757243588516
1.0926361247645
0.0788391339694091
0.00772227480884263
0.739856534968641
0.793123564311665
1.82938070963343
1.68267154146749
0.15745467822909
1.43333562506278
0.859801511784091
3.67601396156475
2.80835257996823
2.23868721887172
3.34807949109474
3.04305076956762
2.863725101158
2.80223301095034
3.47227956786064
4.16507926629037
3.51643830109291
2.23454150243298
2.00290397890513
2.39041446060651
2.38789578062802
3.46463765896881
2.8645942642667
2.97478463483352
3.07048445426661
3.88977467135409
3.16203294069983
2.7470551006637
3.2101711072435
2.09019471765705
1.46861525477353
4.12975204321508
2.17601671276753
2.4284103548414
2.29872884340599
4.32949819878442
2.1859628794056
2.05858381056423
0.62986888594661
2.67410077116467
3.64245316244826
1.84593434580381
1.96025744446389
2.43059138725905
2.25175656384195
2.46679610340923
2.07767469031121
2.96123544083827
2.31513882454847
1.64206988255662
2.54748892851943
3.18478750078412
3.45162134899779
3.51986789240566
2.7972128302274
1.21998841462454
3.04502841135244
2.83103209049485
2.94255565780664
2.24898965219165
3.41971636493663
3.44652076173805
2.30285184619297
2.20704682170634
1.67066480435663
1.87880078456933
1.65756871895655
2.990203813078
3.13916559006809
2.51495915365862
2.54531739648586
2.94326196657869
2.87829695239588
2.88872445098913
2.27722935846213
3.02832065391124
1.93304425671407
2.67043603653047
2.01379694742577
2.33924821457289
3.16242739685698
2.33337499327353
1.61897263834537
4.49981002962075
2.3467833175368
2.06113453814687
1.93992980009387
2.3879527258192
2.51174450549178
3.12574156144192
2.70845997879602
3.26543041476727
2.22027287510618
3.0347568474721
1.83365324196122
2.52890090218829
1.9458730125953
3.16528022762423
3.11123981051895
1.88648424111064
3.15251806945162
3.29671035053942
2.17707699480044
2.59216030230258
2.03416109234027
1.60973949895792
2.99268989513916
