0.052209756709001
1.11592752191021
1.1976612898337
1.30208895642686
0.291965714624686
1.63455414617725
1.05627833441501
0.209623355186069
0.493896796810193
1.22405544538208
0.584251954472803
0.536227320454886
0.586229933727298
0.248684578248851
0.37246817626188
0.0482800393986758
1.14698539857564
0.734376935873578
0.277124379075049
0.69482674324534
0.483354141495172
1.75865962593174
0.837696423380696
-0.3072165402045
0.0308629952298706
1.46577332230011
0.575060850715073
0.419890466790648
0.923723454038303
0.565611264009162
0.748033990407108
0.816056571975947
1.00737403055318
-0.326371439229106
0.0690959954098418
0.770186416200589
0.182603708245445
0.678827533776645
0.484826227596309
0.866708998818482
0.442619001369724
1.17982345557787
0.762759743120764
0.516853338017298
0.298109742816969
0.0415068141411061
0.0278652724263531
0.53515148318346
-0.458139557789588
1.53441743923882
0.472990531878084
0.285729658255853
0.382137078386069
0.645979335549207
-0.0340020675656939
-0.783520646514699
0.323670268224365
0.720122588595723
0.231595390038998
0.209746120065123
0.357788402725509
0.126661889905977
0.849532955508995
0.403038682276799
-0.105553773648639
-0.132247606103178
0.472705726473842
0.511241998817343
-0.00798182786012497
3.11098173107195
0.507391160381921
0.610936819838909
1.53186125927342
1.39297706882254
2.26945447406177
1.24151580540423
0.30567871749723
1.51729147932187
1.20316920502794
2.5631380260972
-0.0916066700757562
0.739225768749819
0.752136355181813
-0.205089492317044
0.889878730946569
0.320619851940762
2.7130526321959
0.049705919601287
1.34520441560874
1.86764816298689
0.979228817197579
0.889861482628724
-0.32033174786568
1.56948443132097
0.0599712362342668
0.72177009304727
0.145154193031172
0.050957247859926
0.318311851307863
0.483758709888527
2.59530417967876
2.04674472348205
3.05328649256154
2.70677826632227
2.71264538193063
2.33242040767464
2.00292005611454
3.06857157247219
3.93136184826879
1.80118909821684
3.46797993639163
2.05036941734366
3.26409549684429
2.40656028230972
2.92501651808893
2.38861311954287
2.39983072432738
2.75415004715009
2.10596607263247
3.54593361982078
3.12445009730061
2.35739417252951
2.48705044628075
3.41635676683387
2.14397528009751
3.57114340504388
3.00452958434165
2.84466951783311
2.18902824147529
2.22735732088185
3.34589070272183
2.65354251440625
3.07196795786906
3.4293743618526
4.28828790518973
2.13361885974395
2.66081685944475
2.39752743541368
2.68183662698273
2.44188140418657
3.49229808184309
2.56900754457947
3.80580511702465
3.28615324804817
1.77668057387876
2.47535994851147
3.07340183932372
2.54524260796493
1.79430165022797
2.61311289830723
2.26766484725603
3.57572320667505
2.26704412847669
2.15961394856055
2.21429721173672
2.69942625626637
2.61995220154784
2.38219650006465
3.71249247286947
1.9519978553964
2.37717961475087
3.15194667036932
1.77057077402051
2.92454629472423
1.96078867577036
3.60384939704795
2.308375356836
2.45329158488097
3.17386625071471
2.49664422920564
2.18636073847565
2.64402879749866
1.74988710011473
1.83947543271951
2.17955666660013
2.82009926351522
3.32679533033134
2.20351062461384
2.38495266130971
3.21979956095257
5.17577057682482
2.09237544951391
1.9694437245436
2.7870630504276
3.26658813082538
3.43037000863563
2.06132437096499
1.8626831003179
2.81223843180362
2.40118545712581
1.72594614286578
2.48404412587233
3.49316446457825
3.47147179891306
2.08783599349509
3.65291331801379
3.08282028190561
3.57329616194042
2.80674003256954
2.22254420754615
