0.473639496761422
0.350024776832924
1.55764461594223
1.07281905793415
1.08670642264633
0.949444933719942
0.0134113720242966
0.864933541951166
1.3264603467937
1.76062337437213
1.24388823379227
-1.25883094956376
1.27307050475419
0.63247894940025
0.393712456019764
0.234201243066277
0.179798149781583
0.491962500772128
0.58613006068282
1.06231945411938
0.52359038341543
0.593847333473299
0.761965776084287
0.924441352899815
0.677965098762624
-0.333555233196748
-0.337087216600671
1.14148810854106
1.76673495800786
1.56397016286978
-0.0897078951411858
0.48313617749025
1.0084616448944
0.613629543745592
0.0591360899227747
0.569718592649522
2.04682902968896
-0.101876552902508
0.321187182834007
1.53976078777949
0.699730175859329
0.891543236051098
0.565878765415185
0.944835130312725
-0.402276133128636
0.443901179600929
0.61005037495564
1.1372842227241
-0.407058311240584
0.213212087052384
0.177432004258402
1.89504063942748
1.19602927655505
-0.214391682421577
0.815915588662123
1.25185235505805
0.947397933181389
0.269959826157412
-0.336130818505562
0.354132199450572
1.34273696350652
0.68818309318792
0.938880720523471
-0.45950095376895
1.26978355269581
0.223648653644523
0.820479498899694
1.1839583704376
-0.15028533397642
1.08037159880394
0.7288660822591
-0.454894010007833
0.891392510622132
0.711083585855271
0.362501534024169
1.3796589923747
0.588636387829848
2.20519742276943
1.42260812744447
1.35759444876558
0.511106639233029
1.05579512449671
-0.743253030223436
0.813163400637826
1.08619794337838
1.13270081047656
0.998964691775729
0.688012686527445
0.41677530157073
1.14509129005393
1.44004729450967
0.904907919994823
0.663190204594071
-0.132994281966283
1.36309637347331
0.504380897949214
0.277974888968742
-0.364806454211822
-0.0339606645081151
0.629613966932323
