-0.34923399443438
0.654126400575347
0.683445029023694
0.48314391125496
1.61540418604201
0.775945450110946
0.703285467419724
0.242457807680896
1.09172327454152
0.544222175678899
1.30521094400378
0.938237960750612
-0.585149077641722
0.674148162177611
1.73474551233441
0.0833418005296941
0.673818005659076
0.814613517286399
0.403187936600042
-0.521817724734784
0.468578484397172
1.26823075124249
0.403544025061228
1.64306697002003
1.70290441617148
1.95353886731096
0.948330179639919
0.873503729469053
2.01461916043344
0.343025392262444
0.375843709720358
-0.0694176856452068
1.7861721374818
2.54941613832081
1.35764072989724
0.572649696216603
-0.336408595919711
0.321206860109236
0.966142286920973
1.60650477419341
0.812388022258138
1.46777621988181
1.59064918871312
0.243589216762442
0.131897687199954
0.102033401273619
0.960369140000406
0.137895168166595
0.285936382258981
0.754186210819342
0.503740035756431
1.8444654418988
0.30833350992888
0.498248800250291
0.703104487921617
1.46110035497129
0.253502199292235
2.37568910338729
0.934967097410147
1.07404258346954
0.0250154790127802
0.826935019898683
1.30260097439753
-0.162946568729324
0.708437327108921
1.69900561117379
0.394054405386769
0.269902100769315
0.0521298938326143
1.41606739003501
-0.117201247906387
0.975622266722792
1.64357487791823
-0.329171004354466
0.555740785768416
0.638622121881311
0.071652058758419
3.05211159562443
-0.0269596383718953
0.304356284407591
0.0648583818496908
1.3377503665201
0.683614458946879
0.384463577593384
0.125946033240525
0.55933214546363
1.03777524925544
0.288689131375544
0.884045357411346
-0.0554684979100739
-0.293354115971331
1.98762653601503
0.274498472476387
0.350993913833364
1.84121426745674
0.26733404190555
1.9869158197167
1.25327374440704
-0.130442390902866
0.902711432874821
1.789438480818
1.06289423702898
0.460137434096573
-0.0937822262264651
0.580184458773603
1.52089812059269
-0.0396307137486384
0.930606265195786
1.20109867888935
0.515747523166549
-0.108363893683531
0.70160022626893
0.479454651366779
0.299480923751395
-0.493842015532417
1.09314179595979
1.99483241074314
0.55813938491368
-0.147188170516787
-0.0379268341759813
0.589414110268029
0.615480001297781
0.303386785311527
2.1006209642632
1.72187119953341
0.934146620109183
2.02193379876005
0.420012504100153
1.14887677262698
1.80209895431925
0.466461432553923
2.42796320434856
1.34298571633824
0.461346256414365
1.20660021520852
0.445627896761724
0.672008225910302
0.42792749535233
1.36495374371015
1.86892677033056
-0.324681589589618
0.56963302117806
0.31682377197426
0.873765483979243
2.20927377881922
-0.223840484719099
0.802439024169644
0.868827897360495
1.48553344735586
1.49535966698959
0.907742747710757
0.683060948582018
1.51095604788638
0.3323447333909
2.4621828814213
0.103690658540948
0.92675840080945
-0.202644831091969
0.617436145457488
-0.471164281735484
0.140286614223884
-0.410294657711399
-0.380176979559368
0.659970387764285
1.48535641282251
0.873630921752681
0.567703012514801
0.472817527452281
0.500242173121833
0.294278571695273
0.503700747846398
1.27690373066508
0.635062433973945
0.292219290548884
0.85946462921583
0.280468797991282
0.185138489016313
-0.300415110138566
1.01085533311282
0.855609422505528
1.06911475655913
-0.00455760853008593
0.93800327988994
0.725938056899237
-0.075159676086403
1.09626274584513
0.769203399556911
1.35034349087154
-0.412643999101242
1.0913092140328
1.16650326003516
2.03822602432992
1.49967549322025
0.880952462648222
-0.390469231907154
1.31721425826763
-0.404112835827934
-0.215123478272134
0.588173116536965
-0.320000012664573
