1.00868653198416
-0.286157996356311
0.583906384052345
0.508580025403493
1.0344654378031
0.439374522836431
0.638047629229417
-0.114522699806581
1.40437647356859
0.712093681594746
0.41024887254726
0.817476565571566
0.863022193112779
1.64362246397788
0.0896327876064159
1.15256264245114
0.436354422109691
1.28207844092737
0.66550977332215
0.505815400194033
-0.200779476751833
0.376607819355181
0.687399823367229
0.814781873476722
-0.189900885216132
0.615656197215158
0.901916552428795
0.553377181603713
-0.363099377019269
0.966678389704701
0.723785414046472
1.48158149939471
0.164104788768968
0.82026976064422
0.350529086287122
0.418519667282635
-0.128262766560705
0.525656411792367
-0.0754557058661354
0.460433265250393
-0.132248140517051
-0.133312202764636
0.423144329821051
0.923193604659546
1.43460460005789
0.223766927956232
-0.0348864671174743
1.05779065774435
1.32623570408653
1.1343058855179
-0.139949224160638
1.30548213999971
2.14759135953395
-0.0876163978548419
-0.586208796800139
2.17496192922655
0.7989509445771
-0.0643256025122517
0.692705309416991
1.09796180443021
0.408169272263201
0.303884714290594
1.47085068011603
1.13989220604126
0.729956077286123
0.468157605824443
0.935420344084921
1.1569518025893
0.962149440425784
0.811910698539386
0.149124730351364
-0.457417629850851
0.959772247130617
-0.0321584374112196
-0.176775190314668
0.729833615169757
0.698888667565624
0.537122846320625
1.04250586300928
-0.476620744757863
0.508301815708877
1.2283808522258
1.2972533049921
0.103568702299019
0.697123155956174
0.0625035384744194
0.896496280681125
0.188661940817991
-0.691517734552372
-0.294411213978286
-0.0743239122750483
0.391345193010079
0.106640682504839
1.58805230530512
1.71843086592403
-0.089311725771749
2.23212868115264
2.63349195141571
0.54483678890637
-0.486652209987576
2.0094407556133
3.01552737648495
2.64812176817487
2.71367966320782
2.45470538368255
1.71976247913497
2.25062188583548
2.65977994697528
3.40941729547465
2.90676480208072
2.86039339561019
3.69939644610766
2.31110076986857
2.21054105983618
2.85597229468299
2.19080902274746
3.27098657707289
3.423653074125
3.1383307113399
1.69186617815022
1.95524361666102
4.20408310395511
1.68391917611554
2.74314897146154
2.6526515043739
1.53975774136327
2.0861264817162
3.07918626147117
1.99230514454875
3.27571206654621
2.05176199046341
2.22064310389027
3.02405550093575
3.45060137147483
3.59256911128357
3.52060203533718
3.00313882814372
2.33160474224719
2.10290191901131
2.38549085661382
2.18267152773273
3.13077143413875
3.00617708556247
1.7091024308088
2.65756957648508
2.88495111673574
3.66621574288343
2.41130438521027
3.36129798578228
2.28651240283702
1.57811588848716
3.3848697172138
1.9750884679222
2.9770145966724
2.89921495065077
2.67321666749044
3.4382198930601
2.57943123045767
2.79897401399523
2.20788216729937
2.52547872841783
1.63368107925649
3.29180926613745
2.52611754848613
2.25478677485037
2.76837653303069
4.04990474492309
2.00733598975348
1.92842755522884
1.66339212300913
2.3472758961709
3.19687667067364
2.35644173516052
1.53629723020049
1.92893938491006
2.10205645779934
3.5963983573343
2.86360910465998
1.90008931615164
2.97587688254911
2.45594004449511
2.9955242842255
3.81306681081808
2.7638418516087
2.41371706990398
3.66946771638594
2.5392165679195
2.04654766884272
3.94779995487303
1.8872400194665
3.6821234031875
2.28400257828584
3.45799589212516
2.37899215042463
2.26941603812958
2.99166945960054
2.99920196117136
2.22974204038368
2.11902822341537
2.74188288828909
