-1.05045032635365
0.558719931936018
1.81501468799258
-2.1362760731326
-1.46162665151959
-0.639444138927348
0.072001526677843
0.438154438894474
0.348713439707795
0.0363661707979757
-0.990845819615295
0.442642384480861
-1.72343096266268
0.351402093911637
0.534624932556628
0.674649881479779
-0.263857098698895
0.258052393842543
-0.666040628220815
-0.799406319753163
0.899591537285006
0.295588848413992
1.58718856127624
-0.888756404524773
1.3007915287928
-0.324523411256334
-1.79590431493388
1.75521237364095
0.795843205025777
-0.773729557994083
-0.700465265587951
0.249288284702088
-0.533849603309236
0.65323440067831
-0.259527558199819
0.68139123086773
1.02964826048401
0.0943444089646208
-0.277172506928186
-0.85891572976108
-1.26186054678528
0.111813031958405
0.469696770223105
0.0435275367403296
0.221849427716761
1.63767054311066
-0.683146765912162
-0.0831156055178421
1.32947807742812
0.716615559788071
0.0907812245519017
-1.02726756242688
-1.17465584758476
0.527099842484791
0.123937981671029
0.406216605019546
0.59067065806127
-0.243117022661246
0.606723999724295
-1.69025838046511
0.154877435022045
1.15405984236792
0.697839258954348
-0.454615276287209
0.491401222691235
-0.124273185414756
-1.48290693129598
0.500425181081833
-0.876891754542578
0.590865626421381
1.16169400714807
-0.342699282964123
-0.808196037595913
0.364012004686568
-1.83679869823286
0.766980681537517
1.05898051753701
-1.21485033256778
-1.09026917339531
1.37704009154544
-0.818538105714179
-0.79976956854446
1.39256908019443
-0.0508570506561791
0.176533300271943
-0.0886279971176416
0.142045901769676
0.755732318000483
0.0114459656599087
-1.00391358674432
0.493789219559791
0.677131394109947
-0.148484914452299
1.86478439277644
1.23530610287819
-0.454095485577386
0.0210588083672024
0.701897097486767
-0.242137201765363
0.47957308309924
