0.946125590050184
0.504893181577932
1.47185298788113
-0.0483784413829571
1.59351122272923
-0.0506504571079867
1.15556319808464
-0.0512367350072963
1.06572857676432
0.343196272065479
0.483033879208433
0.979534048971221
2.37790027886111
1.49833957682574
-0.0167656368094331
1.13374432442775
0.104152978616382
1.11222337754324
0.616814854911642
0.0804449387013036
-0.034908611662624
1.02516664370377
1.7760669382218
0.791423932880825
0.236056055346642
0.228923686625626
0.0248297848498726
0.947793469628798
0.324168754157301
0.578384747804464
0.663061231828068
0.394651730839472
0.424441812536163
0.618327282650875
0.951262474616782
0.351280302277896
1.02584985560755
1.15179518367308
0.551793400673794
1.17362401137091
1.21934376014282
0.248104345078578
-0.145607545540804
-0.0576389660559625
1.35906179055863
0.490340005133437
1.28972045436256
0.299837480912293
-0.329130440333531
1.05339016213188
-0.172438335445588
1.58126942595067
0.201901818758198
0.251379455273385
1.20616874697196
-0.0275004404688911
0.572094938221246
-0.808765806243402
0.915576622931244
-0.434946291851642
0.141740158889535
0.367124459380888
-0.581254189658079
0.840022636380672
0.402571710875363
1.39136781470702
0.924647758036998
0.427971951201023
1.3497054938574
0.269819270370106
0.167064696555822
1.84057128378506
0.959568747473698
1.40618374528127
0.214140745238825
0.998963858560735
1.65587353764997
1.14215125658038
-0.105292320634582
0.725574866278492
1.05407961527162
0.965424976545316
0.888270834959242
0.947264233779373
0.756565478603859
-0.917380152028665
1.4014597179032
1.38226808932047
1.86600316343486
1.38843637988066
0.656736776632463
1.17231367266
1.53262331988209
0.933952258464162
0.980713414094764
0.322559846320354
0.314485455494053
0.639896244443325
0.370668112059822
0.595860262024126
3.67294838150693
2.98863018311369
2.6476417279897
2.85387796918751
2.3770665106426
3.82387962855079
2.42488620457313
3.866481968871
1.79115696980682
2.6880246947798
1.91338251082674
2.52148869557665
2.59745057286951
2.13796460215862
1.97873651675777
2.32076523600616
2.98486684875224
2.52275292094405
3.45949662956621
3.3798503662985
3.52947204572504
2.9446020389916
2.62755252932586
2.81600990566098
1.72019974832573
1.87856843457962
1.83892476213348
2.48552232789292
2.26904776556939
3.02940222181484
2.43365341883371
2.72591480719785
2.88823130896069
2.02269822715697
2.97712920003953
2.55826958802443
4.33817979208355
2.68828482505762
3.92162061806805
1.93742022686555
1.84323243634525
2.09924616052671
2.59041533337246
2.72185333781769
2.76923271771226
2.52078488560203
2.72292721033088
2.72580923841107
2.51029479004245
2.65842376901097
2.06056955081815
2.68690703215575
3.21369642366641
2.26984502739892
1.8444076790964
3.0843929380083
2.23461156562889
3.01977859338577
2.88459124366636
2.88552891806221
2.57752744303717
1.62629676614589
3.80934630965625
2.60862981734993
2.85506540909616
2.70268611045753
1.95495004207774
2.0729208202915
2.98529316379309
2.50103491756889
2.58306816284711
3.66255457495637
2.10277737540831
2.47263493349682
3.88517547322599
3.26665727403863
3.05089544599091
1.91071764612671
3.33669635170027
3.78558444287846
2.65668286607001
2.20024232026288
2.94838787100935
2.07591212436084
2.23290662077692
2.74234836491985
2.43956240721668
1.80920699694884
3.25218378818528
2.54009564335139
2.23031679487558
2.18914464680361
2.64320294147869
2.93329715791023
1.84023077670652
2.64072020861753
3.90363014314228
2.28062282599774
1.94416088033736
3.07908792561432
