0.225312296940168
-0.805855383540083
-1.6615048092927
0.305340716172177
1.13188653215144
-0.612925909420729
1.0930758686578
0.150238491001876
0.436898726217882
-1.06878775846221
-0.768541975331691
0.208659646976788
1.18580909716671
0.274996531762691
1.018779251199
1.4949701656734
0.581162356687805
2.33287510271487
-0.379277312176245
1.585044253076
-2.10016362373857
1.76028327012829
0.375774262780476
0.649987644733814
-0.209875400292829
-1.9731350718519
0.543818742043342
-0.586644770596438
1.48120564264515
1.54479195011399
-0.287414072710736
0.3597415863083
-0.629535600839726
-0.807382080474759
-1.6455864629255
0.342672817459163
0.432180110245633
0.751861654683179
-1.46982107582358
-0.142948715040134
1.79576848773244
1.4033716816995
0.0866929755891361
0.399965033680274
-0.237260302869443
-1.55695945102123
1.05867935981643
-0.837270300811999
-2.15482918449908
0.936994077826685
-0.713012973800136
0.292452012755809
-1.77045890678606
0.803953473433096
-1.20913058725772
0.224284709271203
-1.40362546175802
-0.309904742835037
-0.794570562837362
1.14366270919267
0.46037556338639
0.639318369727353
-1.59265702584547
-0.0563288113912476
1.73657468394278
-0.618580185539079
1.14171500578165
-0.286242536249957
0.197927702026197
0.0539685046301913
0.0337786032787123
-0.48157863364188
1.18796881766954
-0.71899621601436
0.953802576181925
0.617391355162479
0.969162480759988
0.0877556320890841
-0.0791914149432852
1.25429055140746
-0.129776464846302
0.495158151893212
1.42460182603788
1.47125336465384
-0.0962381129111006
0.430362967494508
-1.93325197307151
0.082840555315837
0.672428019149828
-0.209451918143278
0.361091150893649
0.436007925384882
-0.409646601171671
-0.102389913439928
-1.19883142769671
-1.03793011017419
0.0707784606964905
0.240877069753898
-0.518099271251502
-0.339440749755022
3.04094778039489
2.33094616431597
2.5722361849597
2.29587689765729
1.44069905461612
2.58471359930308
5.43839858800102
0.138188628661077
-0.38890575283072
1.19899210985116
1.89973283914089
0.405581016235181
2.4382607218236
1.22770256581939
4.0658352900933
0.136239640254618
2.41744664665759
1.55364011786235
2.94554280416979
2.50409351247175
2.37242996604241
0.957362845102998
2.64777358766222
0.17945313041441
3.47087655517488
1.05798410904093
2.46081502945275
0.454933660633783
-0.0116476093024938
3.06690969736337
1.94813519208502
1.9403101702624
0.640156347980346
2.20301832045521
3.22991492101372
2.46872860202874
3.7504274082053
3.16011560404332
3.82157328333114
0.527604593938549
1.07561444329422
0.916736336845363
0.751784524737349
1.00955645495179
2.3629182311691
1.88917635882914
0.818723070933969
1.77741928065481
3.20617945472679
1.16145898870447
2.29940928418916
1.59622806796369
2.35942552596671
1.01503869430182
1.46444458265914
1.95763323832029
-0.0982593193470951
2.59653560921382
5.05505600961976
1.03643108850239
2.90437287304739
2.63241767578586
1.27330741861839
2.40160107124257
3.03965810793568
3.22689364744558
1.67259840658525
0.41266614677959
1.02005115849442
3.68847017706025
1.5904097553155
2.20004378357386
1.71149212100576
0.628115651683824
2.01730499027483
0.983361010561288
1.89981556733563
2.90366895639295
2.52659497777944
2.55445370762683
1.18845634927569
1.77059312326891
3.08043166297777
2.12831579114384
1.56297878420719
2.08824239095092
2.15067599975861
1.99704869058699
3.79393661734323
2.21787804658825
1.79934230150111
2.21395078909535
4.1813355525201
1.62811104010716
0.713285548415485
3.0987039116228
1.94265253955818
2.74398442228576
1.80837129417897
2.16693843718128
