1.21729764988051
0.347430407204122
0.3947149862772
-0.0930218496114065
0.707287912566893
1.14830011551429
0.438083919773508
0.609376130658087
1.34035322734849
1.375963300441
0.762501319632574
0.957368359562776
1.54381870151473
1.05663805943038
0.209103240405479
0.569777923245705
1.37148763619748
0.562900091810826
0.0810617726478399
1.36359418179411
-0.0963355509846576
1.15212717361426
0.297207620204113
1.56110654988179
1.35473603101558
0.697467119999372
1.2807332159074
0.791934736096046
0.521153446385609
0.245271007485704
0.68544678963993
-0.0674635197672164
0.117881483494448
1.30312901313076
0.0849325375430888
0.0809386362789929
0.613760640033582
0.230042838990451
0.774652620215577
1.40106206555888
0.910765230579527
0.893761077309016
1.55680822297925
1.08575816608444
2.38259244055466
0.461463785849137
1.0124117903832
1.18012907643821
2.22285610617199
1.18018178170185
0.720942685104557
0.360329644490519
0.332196651647362
1.72710531175075
-0.0430260980659639
0.988123727314774
0.113197113898734
0.537630782788989
0.432297849720835
0.606371628931661
1.58932663707757
1.24000489664029
0.111364226236015
0.807397315572109
0.0321115978277479
1.47028371011061
2.53232931559621
0.219389637552507
-0.598356612216743
-0.38077023930821
-0.745240639285644
-0.105371083303829
-0.145238882461801
-0.100533210823242
0.934542635515436
1.24842307039406
-0.0384235411530804
0.618728018337691
0.90975043678956
0.598087616482533
0.861729074006562
0.257421663993372
-0.126478507146576
1.16156425361172
0.732655881173622
0.00503351026279261
0.608226587538026
1.62710999500844
-0.0805958632669922
1.02487459251006
0.946604026841175
-0.783669417323889
0.73233092985386
0.565688778510424
2.93794653789128
1.34505677012659
0.173364441339155
0.646348312742659
1.5674309199157
0.269926155334165
