0.00773824579008468
-0.272182398934346
-1.78328379127812
0.811122418550395
1.88699090699863
1.14056395975783
-1.50727379411106
-2.2588066865783
0.111320223716734
1.29850973425543
0.418552312632171
0.4139000721142
0.961711644309308
0.970435248705919
-0.548724307380358
-0.237120577146154
-0.197147879519492
0.873850330321075
0.674619221994992
-1.12518055506619
0.571832568728283
-0.0792037396855948
-1.4652842351757
1.39031350967331
-0.273381409752472
-1.83485422221172
1.56072562241419
0.652703132031203
-0.413554907458156
0.983318168206599
-1.01369337617514
-0.161381449327865
0.99318286524214
0.123803998178683
-1.00170928555313
-1.06684014777327
-0.626986932578186
-1.33844961558622
-0.789791917403315
-0.869787858849073
0.911584382055041
-0.86839850730171
-0.654823275858801
0.0745896848437832
0.58381522044048
0.215739703238407
-0.875604454760838
-1.94648500311247
1.11213149032883
1.45067783786781
-1.37350332136594
-0.267146459845813
-0.133699414329705
-0.194205751209011
1.19772291572836
0.93907785308413
-0.101997089069102
-0.437387289459499
-0.134218595836717
0.314463146681895
1.8328965648806
0.202438905007966
-0.313001247390556
-2.02723890104426
0.467844413283971
0.569610623578973
-0.182279347621796
-1.45014852535117
-1.13702073329839
-1.06602629311289
-0.412671031976445
1.08200766820017
-0.245524080460413
0.0846840004787088
0.9993902853039
1.68368236876064
-1.41160089992724
-0.168514633516081
-1.26373660135634
-0.0498671455144547
-0.279303308026908
-1.09015900645345
-0.527064739595628
0.134309059266168
0.184498087955529
-0.250758743142557
0.0185702611050544
0.396282704989244
-0.456750182068061
-1.09694440500448
0.71792325071455
-0.965410064863275
0.0581921177375193
0.429273584745635
0.199853604211302
-1.37326943787853
0.0287982451332028
0.626053561407274
0.297954826983288
-0.427298948993922
0.39854945320801
1.30950517172481
-1.38730787368249
0.126574799793047
-0.985926511037075
1.70629119661819
-1.04435175078816
-0.112423957202328
-0.387903531763043
-0.878709570348905
0.0742245682052975
-1.24086925155419
-1.83765546825549
0.344069248612557
-0.598863520385361
-1.56260273301552
0.650739214830944
-0.481548634356805
-0.334057941926955
0.44308849495723
-0.128130121642939
-0.509401195652401
0.942534021316704
1.34775486320046
0.208255500286153
-0.213059448276544
-2.13132645926999
1.20697141112878
-1.18338894466108
0.196806676756724
-1.0205708209316
0.656423037248208
-1.37022605448098
-0.337244310944282
1.61982988714073
1.11813911513243
-1.51411005320184
0.781876135324169
-0.588441816925876
-3.34552086323095
-0.102184340374889
1.81376730678124
1.25436336643507
-0.990193812202306
-0.232313268350448
-1.74309659999528
0.833991287530725
1.79981901329017
0.25033545524911
0.278751034773378
-1.28785656367415
-0.926536162324908
-0.822779285678454
0.814009111322163
-1.48805347007206
-1.39498121526405
0.590548592940241
-0.608380983088505
0.0776147900188832
1.83169519846456
-0.39237686740987
0.996305901308224
-0.572498150347445
0.632708504358516
0.971031685531806
0.42909962745393
1.32636156000357
-0.218709010211936
-0.115380967589438
-1.05621438587624
1.27959770321487
0.403630187989834
1.21143762595675
1.61056082027951
-1.60080274234014
-0.842138359917971
0.806368132617587
0.0829993568793264
-0.277593203015911
0.799037026690477
0.433136190770661
-0.856148839785539
-0.66199127883105
-0.857506419256214
-0.201281499461054
-0.791380462687306
0.718280647352174
-0.961444571531967
0.839719973971643
1.8212782145819
0.350256100854328
-2.04117213901593
-0.931858992952628
0.257695388891902
-0.516954360209121
1.36143913918728
1.58513101881024
-2.33295645597717
1.5303425382352
-0.512177294988027
