0.311112649312978
-0.297748656383738
-0.21351866218143
0.558121528976853
0.281387634505463
0.0432065956763263
-0.753351963250615
-0.761094900266588
2.81440596417505
-1.47154194297712
0.939432976299526
-0.93220606941466
-0.148738670547459
-0.805849640764919
-0.526196167249856
-0.0539615063285156
-0.402598593430104
0.679258786810397
0.738768396870443
1.10780370074408
-0.582334861590744
1.34568248669881
1.77011990899642
-0.687876036369348
-2.04174263838442
-1.11859718304073
-0.279457547616887
-0.648010081350705
0.536006904658274
-0.409982484952401
-1.34326085728744
0.812079591617925
1.13604771154373
1.98661802705783
-0.404057017910684
-2.10127303798236
0.180582991562652
-0.118286285788854
0.306367312272159
0.68390685007044
0.655561952463498
1.87129168524353
0.0472861695400076
0.952193948787887
0.787008198256776
0.714071605388621
-1.00105099154253
-0.571731749962457
2.42757397082767
-2.46554062967457
-0.461990558713981
-0.836126199033772
-0.978870554163395
0.0261595264888406
1.6105180282339
-1.61477416878716
-1.34794458305598
-1.9962200132768
0.310704925859099
1.65110915351795
0.266240284049996
1.20678269283829
0.155113169993011
-1.18826755446174
0.433595290969839
-0.553361849150036
1.16037446128065
0.996648331984611
-1.19645522395954
-0.050176575841633
1.93824700446081
0.0678343245452645
-0.949875148532918
-0.341251220126126
0.782343175700821
0.651073934941069
-0.314676410267004
-0.301133756390084
-0.185057094023111
-0.729522773595756
-1.32362114419319
1.02987356514464
0.51309388810931
-0.0931364988068353
-0.209002464420235
1.23415646622684
-0.671997169506027
-1.23380174828843
-0.742399214817585
2.03097947699446
0.565819159598075
1.47572358442219
-0.38330539419459
-0.167166725236782
0.519923162577601
0.590603144539072
0.404261927793019
2.1771952620322
-0.147065379164344
-1.50827007388957
0.17746995855033
0.652802680745873
-1.69141545099692
0.797757913970145
1.06096061531718
0.737351125577065
-0.918586431462574
-0.318752381084257
2.59405476813311
0.163494706277612
0.513493480374186
-0.997442942323991
0.784366399775263
0.0945626221509484
-0.938903652541846
0.95234262121511
-0.596993385668819
0.211732953367647
1.07615189448507
0.709736207881287
-0.661828501136239
0.374422489478082
0.573435071501917
-1.58104198031021
1.46211531782092
-0.662633819112011
0.419565784164541
-0.0933560220513406
0.361275684687857
0.440996809352342
-0.480601320648991
0.00197410753375408
-0.382944402764842
0.78067973753679
-0.185930890338781
0.199742907576291
0.798952794520641
-0.334579217812405
0.328595029146625
0.749207049794238
2.16142351754164
0.0673451210852662
0.0492666974617918
-2.5649492654999
-0.739657383199012
1.21932593303438
-2.38485203956888
1.10397919515409
0.11939457082736
-0.413481362878673
-2.47205660166989
-1.26497995326362
0.25704966896281
-1.33433922803202
0.517927970995666
1.46719825527923
-0.165563752412363
-1.10328901381987
-0.0965594964554656
1.61808198266876
-0.663748066116927
-0.90206726423879
-1.87989948917092
-2.80434008123125
0.340545413901193
1.08457489767926
0.531563022459341
1.16105944228558
0.385420417716753
-0.462840317485706
-0.880977534504289
-0.243704560188633
1.70506614629669
0.429867590665266
0.541173279087752
0.37687389705332
1.45079883149974
-0.865506228859858
-0.137779556920481
2.10531762377981
0.0561096632349032
0.52588739333501
-1.31556501942854
0.156200538092692
-1.37078025480263
0.459365572535189
0.668316375745023
0.369990353759322
-0.492723983325657
-0.982138897414043
-0.826299902713744
1.82841371662218
-0.743615823101729
-0.790100328969003
1.68221381424864
-0.637544391562525
0.354145572902353
-0.464698117222801
0.200352117621344
2.37225018013255
