1.16838352845516
-0.961115390469244
-0.64381097125938
0.190234430907999
-0.0423520735982833
-0.386684776198654
1.07364390142397
-1.39761869061087
0.881384728235779
-0.333261381809488
0.209502854915128
1.58216856283866
-0.966677844990532
-1.3750680707023
-1.46341149425833
0.0830966952036162
1.08530958510303
0.311702326005731
-0.437510281616376
1.58469022558851
-0.429073575149348
1.2385905685947
1.08663034635438
0.250079954340433
-1.77010072310851
-0.248423448271239
-0.0254291714225177
-1.09913603183379
-1.19721721425188
-1.1299188147117
2.10522931708652
-1.53493495130296
-0.575232169623407
-1.47686382121374
0.0319929435234224
-0.0833692909973061
2.36749515978506
-0.0490542233472227
1.68604346324327
1.09119874027244
-0.0311731703961958
1.19806462110895
-0.0630400784841522
-1.61038659526814
-1.99780284289762
0.662464397588655
0.151078843550541
-0.732785707138002
-1.97394202437219
-0.270986668592049
0.763897782929822
1.33464619817505
0.00860484418880251
2.34394799598799
-1.10193262705449
-0.817174812308947
0.244014071921221
0.0749275376293116
-0.74971247950679
-0.100530382562007
0.627339982244816
0.435136489910123
-1.06989573241604
-0.967914794517008
0.270401831071641
0.172035025898696
-0.922113442784642
-0.177810893586087
-0.946535014873205
1.17933864458963
0.361294564202733
-0.163181691514315
-0.850833871618245
-0.489043332996037
-0.710403639408047
-0.679390788726719
-0.956018607650693
-0.303294967296674
0.451673579327001
1.36599818501167
0.222157910854909
-0.161849411601246
-0.616704538228461
-1.18173624941206
0.557916616363475
-0.959743538041859
0.64728523479348
1.14696188431161
1.0196309647626
-0.67480443039741
0.297093827583412
-0.0496907996960503
-0.271057677533273
1.3658877346378
-0.31792441020584
0.312567321725172
0.195331085926531
1.10046117103473
-1.62595146998698
1.15506363598246
0.647182259934804
-1.05878272606609
-0.302074157377229
0.500487412383962
-1.30842807590159
-0.0350206182839242
-1.43767025627301
-2.56497934310086
-1.87748286625784
-2.27952149089751
0.462476356377849
-0.557176892434091
0.471932416504751
1.229019063597
0.751111694176371
0.657586468992789
-0.315124617508392
0.491499559645979
-0.994165206702488
1.10050227465779
0.363034105536948
1.06632665067383
-0.998821133865322
-1.63058520214057
0.101045532160826
2.33516225648965
-0.875592040583965
0.729521003293546
0.366949003231071
2.24402918978687
-2.39211073024448
-0.726491488100156
-0.101207993280062
1.20606245053651
-0.71831242707231
0.137642253578488
-1.8447677228175
2.0529216509647
1.16711568590469
0.977922128799748
-0.751994843322908
-0.982441860940551
2.10696224002354
-1.10617568111515
-0.449450095011909
0.118050771003789
0.0466996636098176
0.462779632768788
0.507160864105181
-0.883051788619788
-0.128954725984913
-1.45402066952705
-0.745261264591036
0.458400552706823
-0.216085091528589
1.16834045916349
-0.632134778162453
-0.517612689215299
-0.221938973746664
-1.39227171547383
-0.0750770572630719
-1.19848270778287
0.0648340225352628
0.111263730639719
-0.923040267628604
0.877241126847882
1.03796420347617
1.07420459840231
0.214742426361886
0.384249330241883
0.358575160953834
0.961586413682359
1.31116643134236
0.0888033755634064
2.21122566808651
0.159546071150891
0.541279073131194
-0.333114549363998
0.699999836765304
-0.976417462398275
-1.63616400886765
-0.129416960742967
0.834382135409697
0.880532980743416
-0.32705887520784
1.00790709816573
-0.12458935387058
1.19980324817766
-0.243584288323465
-0.230273737698002
0.663032572575789
-1.4735317875364
-1.70002735654351
-0.63602088202404
-0.524241443836351
-1.17071079146961
-0.0951729326049262
-0.12797861000998
0.771469251960015
-2.01662879868983
