0.287792293369823
2.32819967703241
1.19956746707243
-0.0247007750703276
1.34075005781909
1.35792297939061
-0.167922175241418
1.82106816697637
0.791130619059731
0.0367840097530506
0.0831726623855728
0.0927484755401383
0.743138273671559
0.695813048839711
1.44630828774132
1.12459691347912
2.31798237802482
0.607974073860127
1.17177286783334
1.06546062298774
0.901409823668143
0.11346141243045
0.182722376782958
1.82177023277234
-0.342780983955065
-0.336509817259358
0.643982286229368
0.943119454044218
0.595173992267619
0.337138122887417
0.236710163222848
0.890404822264395
0.478294480584176
0.304326768836953
1.42719780987692
1.18097495690249
0.305453007890335
1.07009827589568
0.401279405998937
-0.237677842619656
1.95855937685043
0.0895424476316073
0.646889072482079
0.959492126558717
1.78722118001274
1.23035670574266
1.35957310377398
0.551909923603001
0.879683644128043
1.13699417941344
0.892103029491378
0.670944965517952
0.0277685940020693
0.173759648706056
0.0203761477339175
1.13742399661265
0.666981070535935
0.5938257440492
1.37368542674338
0.615310929044597
0.792246201500623
1.40118093952865
0.512756817616913
-0.30568758250127
1.50909062539675
0.569741477186742
0.54129904035007
-0.391932328522992
1.85025655914344
-0.422963476253444
1.13895794340738
1.37864522732784
0.841156586107748
1.17813203527
1.78413543552172
-0.135683848601665
0.380778010979718
1.31089572214802
1.14620484976717
0.112372001181402
0.81666031387088
-0.00678958905239918
0.167658614602102
0.463398516988263
1.90277634171873
1.69734222157864
-0.229658922019639
1.24057965119442
1.2819757338531
0.44452108472292
1.54233992832637
0.943430355482577
0.928253676291554
0.185965681719554
0.278153211220643
-0.340079002969447
0.806245167326082
1.12832569625035
2.37692398323374
1.89686608157445
2.79217960041241
2.80922950230105
3.34261615785177
2.88471855385488
1.53248736251432
3.62921612106665
2.73824272281425
3.38728463409263
3.39947646686263
2.53654289242692
3.26322478468645
3.77551586952892
1.74846022419423
1.76572420901407
1.59970673298877
2.80382926650943
2.24709184549843
2.86204209271592
2.36211991578598
1.8595877275807
3.47016605485137
2.61459349643995
4.07532842982215
3.03765768907865
3.61627931796999
2.10161966432167
2.01853885639602
2.33890414184316
3.13864534556649
2.43006146836225
2.07808539992977
3.03948202588733
2.817772758689
3.7568858349401
2.59510721864234
4.37982182077819
1.27424678792094
3.09999411768279
2.01496883748758
2.7902756670696
1.56990953439288
2.95665617851366
1.82952333926597
3.53531829101528
1.75090590287717
4.45830713904593
3.55852721758414
2.97194106700968
4.22393096898112
3.46510145353363
3.34863180160753
2.32063984112739
2.56369892574629
2.55180075931707
2.09334206939257
1.80944615900717
2.83223817763946
3.62347943864103
3.10360916053492
1.98061252351233
2.89756212701879
3.80864190386951
2.42022975176669
3.82500659573577
3.55191264547642
1.97665814564818
4.08991158943446
1.98032757312844
2.9944444659785
2.67404157509959
2.73589904825214
4.62921271909955
4.07024722163924
1.93828204738056
2.85736521833039
2.29826755062766
2.79569487056185
3.87023874760902
3.09399006948089
2.31456978840317
1.74284852751915
2.07715289230035
2.73125904399315
2.75197735195534
3.33698583697671
3.09667950967105
1.78382939577999
3.64240250460461
2.83963053975676
3.3570648287257
2.54010076222539
3.17944398195063
2.19269866300149
2.41482839272926
3.01460037922666
3.42878852132683
1.88929216355936
2.50546318998871
3.82931698747495
2.75934222018968
