1.83093195025896
0.545537206128375
1.01967427167474
0.715087878798392
1.06261759585602
0.280613095876419
0.272977129704768
0.194867226153782
1.46317825477758
1.78328655139891
-0.382617037783255
0.608717469759995
0.0545709023866437
0.759876561071573
-0.199021530309351
0.944014233796378
-0.110637446766601
0.0817337649647183
1.03698467988038
1.71758028947626
2.80382335155101
0.776768916961978
-0.118993632361347
0.0793504080338133
1.39368964548275
-0.115526423386639
1.37811920465826
0.815642698677734
0.759265333157983
1.09504973473982
1.2475537717728
0.453135625380873
0.01777175336292
1.00176548235813
2.47563687284514
0.627160265257643
-0.0910223189066984
0.311106197948684
0.896757051960401
-0.260740073032497
0.510035511400018
1.15780036548275
0.58878469421522
0.567157333976776
1.37854198411578
0.538813553307156
0.168845245551183
0.322411174460391
0.15029034535628
0.512531727804221
1.66515808760673
-0.218660153294129
0.450518562515864
-0.00784430440792575
0.243521016066713
0.33161922525996
0.100723576854567
1.35400144729933
0.715995263420751
0.789975179148155
0.114644773480917
0.989116877926062
0.334761209502064
1.82321824994577
2.72911929884648
1.29491123409169
-0.0399948169699051
0.31716991862279
0.447699306908459
0.164456302536698
1.3106674535087
1.30754148002906
-0.309653007521946
0.652259154990776
0.468711340606578
1.10605890683956
0.84630371280647
-0.396435515988457
0.369959632043224
1.20450290420957
-0.467379039482682
0.218453969951881
1.07208669929001
1.64826309303968
0.521147947279515
-0.286688678669439
0.283109067607718
-0.342899614196058
-0.136128301223912
1.19467632391925
1.62529332828129
2.58020947325967
1.46692965459179
0.841423714543806
0.890163027375169
0.787091122854222
0.643040532299445
0.666380208325334
1.86447261627575
1.58248364373687
4.03219926069192
2.9847881948745
2.87632374299811
3.03855055440827
2.57938164198207
2.00251529374239
2.38745094205371
2.07921264234032
2.31152398563902
2.56969143539117
3.6714486522027
1.70773939481871
1.93295239624134
2.29358486299475
4.04470047506807
3.76196407066141
1.43366496366837
1.64867424503545
1.83222434948617
3.50515484217052
2.98080922495954
2.09678499227557
1.87451358494503
3.23152730553612
2.90156527540301
2.43966135630495
3.57712856854897
3.17956120212336
3.33771432538011
2.74267037956518
4.21694506620978
3.19809138086483
2.42177322471336
2.49403208431134
1.97981526209185
2.62661587430168
2.83480047391681
1.84168690875097
3.69650535960883
4.35489621047188
2.22873345119395
3.30835640145581
3.80972944649361
3.45598310909149
1.87052144581233
2.48752705870619
2.61559628905109
3.60253260046696
1.82431417740181
2.67238400313029
1.27149478927101
2.55902394566757
2.18454669025786
3.68445072506421
1.57875563068233
2.8590524931694
4.61435748182696
2.54236378199705
4.64693650640606
2.22106659957592
2.35177641598524
2.71349205296881
1.44081619706342
4.29507940614988
1.28717832956784
3.52067809741717
2.6583583780068
3.08060213345391
2.39316866778643
3.04046160505328
3.44156878273999
2.68600281620564
3.13616548516775
2.85153948925979
1.79874183627066
2.12674580347381
3.261416264544
1.81909298577834
2.4800570845066
3.36451413156928
1.74094882362076
2.5503418908252
2.4390232119307
3.39360857321784
1.96236496472129
2.23471269879487
1.20939990074759
3.10678109181117
2.24409130696062
2.56947662014694
2.04447822490083
2.66541879095403
3.7006244795047
2.01195666786866
1.96046842296932
1.93834706535093
2.92190743472386
2.2456840792811
4.2896258979817
3.61907488074642
