0.397459859694943
-0.91509243537364
0.842397379178302
0.483568414092103
0.640028041294802
-0.23457215006914
1.23729924546375
1.2734561983122
0.121428160739922
0.225584871471812
-0.145084110575863
0.0549428311141167
1.08213320694107
1.58070458786705
0.722681261456072
-0.351847455461932
0.251204974003296
0.819763312687653
0.133694338449283
0.354919007091674
0.228865913134251
0.277711058543009
0.0756024089402194
2.66273138583111
0.430204472376371
0.144010435298342
1.55228945426699
-0.21722430309266
0.362918034701555
0.431710437956768
1.08388519270118
0.85346432445286
0.891652874248304
0.659875549063336
-0.268413697955526
0.506412413324803
0.324703482550263
0.975019916839004
1.82282895599746
0.114437597800677
-0.0206394356626631
0.0661252437199462
1.05155584580467
0.833756574806513
0.795249458771096
0.423732058705375
0.336425108327294
0.422033903537524
-0.321580944926561
-0.547109051204547
0.135090588637013
1.42804897602932
0.113626397922257
0.319920845469315
1.58526691924297
0.5984246312808
0.423778919109037
-0.22267499718399
3.13697089777558
2.00727029492438
0.589414894769745
0.0398835908860995
1.25612637793302
1.08363478337606
0.946107795963852
0.82743134569873
1.08336341493309
-0.116813855537403
0.476986851683995
3.03673821199618
0.559039283115575
-0.132076100242958
1.38156533766521
-0.0844004331363638
0.310059307293296
0.938083664661182
2.58509008389472
1.46993231292539
0.281607569043976
0.852910408901625
0.813956706232535
1.03705365215133
0.916743691470473
-0.555897311849038
1.50742868658665
1.37469723749745
0.487478809411783
0.200733679595924
0.79290976345431
0.367514114658809
-0.104809378607969
2.02600480421683
1.45578286016324
-0.198345564802492
-1.02560504121015
0.379989043781804
0.393314394129699
0.527617728976888
0.697739099542695
0.29583519578657
0.71388251801158
0.393511810714192
0.618902135001431
0.461675984412403
0.932340421376212
0.788995499968871
0.283769896188079
-0.0456538481430737
1.58949128367411
0.577273169753721
2.1223017067714
-0.0822459604183775
1.75973933824064
0.522235676545042
0.392959839749104
1.93424810091527
-0.150261532562573
1.17317355966651
0.488282207524047
0.215195038023582
0.586614902565093
0.463673197356562
1.19528198977969
1.57041395874276
1.76178725687229
2.59640200232405
0.89338786006533
2.57073448605159
0.881158890259542
0.650023949548648
0.739079234505354
-1.08234569467523
1.02826976541662
0.39415876609674
0.430882466910906
0.0575619035939827
0.211905708921304
1.40635136244114
0.771924304997601
1.23805628940655
-0.106583540836909
0.925695368933145
-0.513445003323913
0.243010779950472
0.637486239396974
0.803978581474807
-0.188165961758905
-0.0118898011295645
0.462653701513608
1.53170288310018
0.159156664676687
3.33957903500666
2.756082015268
0.317215045659884
0.383154814761072
0.989535762657809
0.427877334881509
1.86450709984051
3.14802053228666
-0.0144303269787311
0.651332921018691
1.18585285230557
1.07959852385365
0.898385394203014
0.060711616116358
-0.275254733188409
0.0828848690652477
0.363533717957866
1.8561011705523
1.86091132840479
0.467386756943891
-0.312804361071984
1.44875042505158
-0.440323024030768
-0.0820193206720505
1.08473552840985
1.01745690576323
0.970030321556594
-0.112103903208868
-0.128873184231987
0.232316170081648
1.01818547686283
0.396571680935109
0.551013108636049
0.00700296110285028
0.665841119194267
0.282170305337293
0.125661170367418
1.88700453963504
0.935726503966744
2.27119120120543
0.514352167639692
-0.2741769179657
1.82568879583496
2.78018884603023
0.250411196089349
-0.118937411535973
0.119696452128248
1.42789959472524
2.04457509512939
