0.0806034929811177
0.284795742490628
0.0948600929592262
-0.00172454462495687
-1.18119738876167
-0.0496289881463496
0.268347585076655
0.547789904381096
0.359660770283629
1.4658782710029
0.82931932923902
1.93293728330378
0.447987803245741
-0.126480270274654
-0.593549785337119
-1.08113471257032
-0.795747375206452
-2.02087714638667
-2.46106726684585
0.0817104090220608
0.106227611478825
-0.162326897822833
1.47865628785736
-0.399289740237241
0.804599554390627
-1.57211009243362
1.73611013174097
0.862791026579191
-0.653666220880325
-0.0757425453309422
-1.11438840922823
2.45293458430671
-0.268566530042439
-1.10076136773914
0.519786291807017
-0.0675365145777606
-0.975494813160888
-2.36387363117096
0.387440893682278
0.470685605220394
-1.15403217065735
-0.0066730095070756
-0.0104363057579247
0.570602858800133
-0.985548732314259
-1.85517237978901
0.44788360811308
0.194794003589586
1.29460197900056
0.499736049810952
0.876208104115715
1.09125286053689
0.637521633916368
0.612170602094124
0.549811593779544
-1.12316175783798
-2.4793780593131
-0.469381975400404
1.3830360299451
-1.33330288477111
-0.81863449499697
-1.0772697391235
0.120374152893296
0.186110106510533
-1.12140045479338
-0.888309292485207
-0.413455781312589
-1.12914860681407
0.248891621502751
-0.885310231590507
0.634220410709478
0.0424946328981446
-0.205110947692821
0.996103465268649
-1.49699090208688
-2.24859144765524
-1.65050258879875
0.615045627399943
1.04256067846196
0.112254927811481
-1.15523912346278
-0.369786641729
1.30163187052347
-0.772887717162318
-0.0872832378088973
-0.867249211976196
0.536118434477381
0.913358725995251
0.281857471103596
0.73222989079952
-0.882872196350559
-0.266428480581462
0.457357545272447
1.21573349995311
0.835611891887996
0.208627919949764
0.0402550534005093
0.932001542638085
-1.88315723026609
-1.66617812427513
-0.0734129817244402
0.588279307421077
0.427596462305517
0.850031068595308
-1.5751687181048
-0.204599050545458
0.391100223371372
-1.10712190862073
-1.61749442967895
1.18273351374055
-1.12821765796554
-2.27363651695834
-1.33775071369117
1.07788571361054
-0.0130921194841361
-0.429331485421662
1.41004879746314
0.914184379837263
-0.422979104409999
-0.922064218585862
-0.911787481994068
0.85347060461355
1.51908841683654
-0.726450295634006
-0.13740266702756
1.28697250745862
0.569963073216014
-0.148843256331559
-0.253709926759737
-0.595800778879798
-0.978684573580299
-0.995585263519243
1.9168233194956
-0.939405958502558
-2.74945568497529
-1.27137578757655
1.63964800418991
-2.47254957425165
-0.0556670042733306
0.895931792202022
-0.821798174686808
0.306621432928385
3.08107821683188
-0.088261011076354
-1.94174851889999
0.671558664768086
1.77537935840734
0.673145649115912
0.0717237558121434
0.471806514323038
-0.891195590290054
0.859734634269983
-0.971618852885626
-1.40502147082737
-0.461325016047099
0.647630471523027
0.200264542434497
-0.156785846922806
0.708406002731152
-0.00434239462988112
0.356872525379111
-0.740627183372049
-0.288160290478764
0.391317516094281
1.47713047909645
1.87693414460026
0.606113024184131
-0.141087268675514
0.161693189327502
0.132528986501714
-1.28698565093799
0.314285492328283
-1.44861279733007
1.02508487749048
-1.21030290154808
0.142689908540364
-1.10394876623968
1.20419496140529
0.252707260138676
-1.05067659925957
0.126233351301869
-0.879582565130786
-2.88126205055259
1.46435150434558
-0.570255587077912
1.23973182760595
-1.17446996921772
-0.23887033299396
-0.155367247475011
-0.509962351568191
0.553357133732124
1.95820198581141
0.865255928451563
0.0445417345307697
-0.0224694206399074
1.76966614782581
0.926840157750175
1.08351595282208
0.699812807692205
0.627496828925415
