1.99209237823598
0.987613752566728
0.238545120764383
2.18889625350478
0.0426652756889258
0.917285823436812
0.136260862340897
1.39409416917006
0.326000620370994
0.47437259445036
0.407429118650735
0.289331775187847
0.532189122403412
1.76802653966697
1.16680837765912
0.93778423857084
0.716616830192604
1.29950738480056
1.40350400521269
0.395838254355374
0.902927275244848
0.290522249608309
0.577292243395769
0.473666098150625
0.415062448809656
-0.281832269215761
1.01448152147056
0.872688158710719
0.796397153556107
0.634035452753644
0.226282027171556
0.744867701474963
-0.0516591091609626
-0.061183949206567
-0.390261740580817
1.34019500565368
0.626595238717832
0.602153039718352
0.733716776341563
1.03177759634778
0.154424037288494
-0.274316436078437
0.0536573456193328
0.412964840422412
-0.317774384902031
-0.646093109477109
0.34660490463
0.620699704121305
1.17762168624917
1.37295935834266
1.21823754487662
1.99807086361274
0.574049901729768
-0.0948099412087049
0.541319937633846
1.58584704838702
0.123046538865174
1.35766612627328
1.27023373435952
0.415344886985146
1.44688988423178
1.03944142890467
1.05850015172333
0.131710897012207
0.959531560335152
0.813710617219139
0.943668183714525
0.429735317849348
0.61693649856077
1.28869053903063
-0.603381352124952
1.44636667119565
1.16654266911068
1.75670951392587
1.15428769491831
1.39255672890467
0.2562198444685
-0.6369659852228
0.474028565884869
1.59913328282639
0.774459530214694
0.85663517829183
0.649660213869122
0.884319923378316
1.04163636667126
-0.120374752740534
0.170140735515074
0.497595480633737
1.00695749868935
0.693565165271776
2.65852569338573
0.420016237780983
2.23766271278469
-0.228386430659458
-0.280167853652102
-0.292390506516623
-0.348707735706234
1.13237307314002
1.22825313704825
0.82800422963249
0.15859336130417
0.424654613007449
1.17362158139009
2.71569042091405
0.315024452878031
1.55906893708829
0.968696067646482
0.72977740914739
1.03821203560841
0.422236056133481
0.384422616394462
0.339759555224518
2.14094994844414
0.512405900699802
1.1905423893963
-0.208595991506945
0.744359136833732
0.120655435949311
1.0692761458988
1.44157471125912
0.119514396921243
2.42184003032063
0.501282852951243
0.669984902281423
0.903334972678901
0.296496871674458
1.49317781776429
1.88634771186732
1.40743486519387
0.810641072835787
1.22518530822207
0.253511028897442
0.536134370337477
1.14852834945115
1.82305374394082
0.387001631040823
0.253960151708392
1.96027005171558
0.965473335262342
1.52551274708995
-0.377339355561884
0.0781280133735678
-0.0311824404957619
0.0858359934745344
0.823514074439662
1.06208145224882
0.865819984974933
0.234962161854774
0.421830375156874
0.791742227911922
0.279993020411265
0.560142833009608
1.61775493375103
-0.0159753463302966
1.13692859309463
1.38529155655205
0.454879590408017
-0.036884665459659
0.0655486164932654
-1.01413983913471
0.204563232111011
1.58803234983237
0.077147392046857
1.01021716403021
0.225377407522313
1.11572976733885
0.405614146064702
-0.783316894982989
1.84720596508919
1.72956233381707
0.0131166026431871
1.27671373790145
0.409310964930308
0.611672867417392
0.0903457665370825
1.95794399594792
1.57708604026045
0.742637561028289
0.332918545017841
1.28885908506256
2.13159934232728
0.455777313839453
0.277883127551643
0.288587777340908
0.300489389766243
1.5569733646369
1.31434979395556
1.01554796060934
0.0680516955418793
0.695112850263343
-0.081151280682561
1.2842159985566
0.401637072084736
0.618244154487538
0.696405440006481
1.19056273712737
1.27510955521722
0.391900085089686
0.692743491406035
1.86945482349986
