-0.997178658913205
0.0111167705147856
0.388739090489896
-0.201192867967767
-0.932616509958436
1.01350065582757
0.138415290152242
-0.0579742751272652
1.27724007454002
-0.113771402649189
-0.463622181737799
-0.574970470637198
1.55450063394668
0.555667785634788
1.4282197688052
1.5413912676467
-1.0576004664606
0.0477660038719577
-0.108709604967956
1.17709658194304
0.615814510055563
-0.618282920373679
0.0887107799206056
-0.504216842920144
-0.432011160073614
-0.183620421625484
0.205282894371627
-1.46515458708598
-1.0444523835441
-1.18829751765483
-1.5984724715691
-0.737569654751255
-0.79073874285757
-1.322029656632
0.461551053769644
-0.286979632763328
-1.8402812890215
-0.217839871432347
0.385143383919584
-1.7744101477217
0.67915140004278
1.19608524271265
0.770681501817616
-0.0818394359554613
-0.486943694363516
-1.02362898164223
-0.223736663695539
1.59423800168351
-0.242916114032764
-1.41765776574231
0.335993115022663
0.0691577008137443
0.102501774029482
-1.77774456637744
-0.750613950601057
1.22265539424369
-0.757004922017036
-1.2904925536152
-0.112202543112483
0.365666474973906
0.139118195476679
1.04273473220764
-0.578973838115121
-1.57839630982034
1.03546834010998
0.228243494681881
0.536443684734312
0.810763500755605
-0.00160572288581938
1.60378476081593
0.468437373140824
-0.768244008188385
1.86094183423962
-1.83865282448019
-1.84577575297952
-0.0187424000974379
-0.0888949675315205
-0.781358499868948
0.191040211019762
0.989129191804919
-0.301960121217708
0.0116715382347741
0.302897288859414
1.0239447014538
-0.476770692692825
1.20793413971443
-0.598681415902296
0.63329740213586
-0.360449519637319
0.487515518380902
0.487162169542566
-0.951762904892147
-0.178125331222978
-0.612819454241991
0.148212580630973
-0.17679413742717
-0.631122889085928
0.216497048490909
-0.376981687998098
0.724779963080311
2.33326593899322
1.06895400860287
2.05868740561778
2.60986035385325
1.28861738776974
2.43992673045964
1.00959343766046
1.83414787812037
0.427358682590701
3.09427575535392
2.44935192693323
1.81957091270153
1.14178130499544
2.22242729778242
3.33645141478814
1.88019906990197
0.961176767720964
2.79163980850613
0.381446914682393
1.86802396936836
1.9718310902187
0.391126672563131
3.01989654035583
1.21449920028897
2.63150693135405
1.57628593294595
2.76417038959098
2.45626122044362
1.67330313221867
3.02700362004976
1.42866831183815
1.08119219480761
1.7450548037282
2.14579880029243
3.06291082960511
2.4696661508795
1.37355563984509
2.65678759344926
0.818236840704769
0.747679893077792
0.227271220424679
2.10827044729918
0.388087017892825
1.9205548809981
0.169267300181856
3.65566187710403
2.57612993344354
1.58792540083293
2.39966856019751
0.999720435942622
0.566302233679805
1.88558731975934
1.45378199500325
1.29667587113458
1.71161089936627
2.23522424178733
0.969624546867887
2.10832886834737
2.53221922562238
2.31116923016316
1.97093701474473
2.24346878771449
2.3179742594546
0.963805955187056
3.54118042355047
1.84218199236783
1.21619749859828
2.17813859071197
1.20034259089665
2.69599264740508
3.06820186771942
0.590440275067397
2.06219422544827
3.17543742544119
4.35117425047961
1.9688811083823
1.25654356995492
1.76107960375923
3.79681627127976
1.72240097822356
1.1143821125374
2.1961722974298
4.39174189514076
3.19977029468321
2.14362789441683
0.184736882752722
2.1909037666902
2.84038362338572
1.26663499235204
1.97373610336463
1.70301509495551
1.05725786808227
2.54837952063895
2.79771966553676
3.25960785114759
1.29817491109179
2.91650402521407
0.713123233398179
2.15901907427351
3.22166000277098
