-0.0851974656413808
0.640698064409443
1.29011853525269
1.26455545893107
0.392566864159231
1.20730889451107
1.07797636629321
0.467098262687354
0.20127718132609
-0.496614502780297
0.792957751067554
2.30669520750279
1.08492547504655
1.75798104452249
1.22267626967833
0.269147115305929
-0.11237287598675
0.451853907347634
1.0304471862694
0.600119810402624
0.392638467236163
1.19121115450867
0.786406561640382
1.40362333552892
-0.756781603398373
0.756150702985767
0.304213748390401
1.92886037741266
0.0714327420151689
2.09117334656292
0.363060771199258
-0.040866094534849
0.738577743435719
0.0348127354009006
0.472753965589649
0.937762932084305
-0.143309406832324
1.1242290858785
1.51805004768719
-0.827162346149367
1.58728360387851
2.47503556419841
-0.250784760325135
1.14809799489036
1.94896258582952
1.08477850836125
0.261332013499502
0.523100119386309
2.07523953598705
0.290450877854943
1.00576133171703
0.709419508488869
0.658995732780864
0.346535679191506
0.731024238799855
-0.103869359434489
0.907882282210632
0.4811803636752
0.997616163086159
0.230325774720574
0.839026479069642
2.34075807859912
0.639634103401431
0.600805825555594
1.91630696919322
1.35194833806378
-0.15954423292695
0.395351974712081
0.187026161034743
1.72594554089523
0.106120874048797
-0.120662916661483
0.403428443858811
0.911123200509319
0.164189364232255
0.00764849441627427
1.07298215722695
2.99486828790632
1.22010323911523
-0.0534575559635323
0.400372934644282
1.79529436613884
0.975437358695981
0.519503624465949
-0.0191655393969627
0.711667544770259
2.0090068250402
0.437579303793597
-0.207082135266957
0.686938077707578
0.918654016594172
-0.246396150324153
1.26656472761421
1.78284091780989
-0.0203906954946441
0.0761932174940237
0.224239063183619
0.0382223697436411
0.288896185744574
1.61161544336629
2.99194822358145
3.10406994880098
2.92377762907692
3.35910829095473
3.6257064792586
1.75782999752229
2.16850900371163
3.24884719951619
2.23228382615858
1.76534122578964
2.61982927083518
1.90713449306987
1.84629086905981
2.4903897562168
1.9324957657906
2.86090597214078
3.82046342999799
2.64503291040918
2.97422939342458
3.90110221226463
2.75743899521092
2.56068607824298
1.62511177374901
2.35256019819378
2.40317214387849
3.97021772370351
4.1039206744846
3.18649901145739
2.21931754093514
2.45555927444403
3.08789768182654
2.65925996542979
3.47785805920997
3.90700295240116
3.22176478707717
3.05139385914808
1.98503394574635
1.50330927290271
1.83207551117134
2.50610118320694
2.99966059485338
5.19332600333384
2.89786886419194
3.78839507550553
2.52914176300484
1.86299251130696
2.78241727801309
2.75090787722109
2.3765176070178
2.37402842315926
2.37209548007525
2.81267026203529
2.5855530392373
2.51890962893289
2.15409271116896
2.5582332366628
2.18531411217689
2.49133711165005
2.22212127159904
2.66897191471764
2.58580020919658
2.04818937045174
2.77548765260681
3.93019699171459
3.79560725077938
3.3535048457375
2.70544463954243
2.13935315195172
3.03831761652461
2.50900625374872
2.22227108219727
2.78890655383198
2.11049668160914
3.27672957456441
1.94664746010572
4.02217726863724
1.59622804448241
2.11646107076638
2.12922855958755
3.63924044743358
3.05177743782809
2.18105029683559
3.18844619416991
4.01062873738909
2.42211286793579
2.97987843029065
2.99506938680273
2.70374333151503
2.5195348778381
2.23696445953002
2.34723830928101
2.24370639774743
1.9438698851228
2.68986750221223
3.41752422567905
2.43410315459591
2.70401205679722
2.60806639449289
3.41702197436315
1.53300836337665
