-1.17622456472723
-0.466651845853789
-0.967078899158486
0.415753442591701
0.972329498292617
1.66960032957248
-0.149687531598256
-0.126671429533109
-1.01084779885651
-1.80170622105993
0.589025556658636
0.342072545568333
-0.398870913032474
-1.30696422415806
2.65203295124731
-0.271122673382946
-0.851330800549094
1.27454965096662
-0.230260682016696
-0.72403625363106
1.76363728304403
-1.09757783291331
1.91500417574001
1.25228527490418
-2.02537975294747
-1.0998351072466
1.62903326746304
2.26134321453611
-0.227119420211357
-0.307121422127997
-1.04335892637213
0.871310911081589
-0.271874998006574
-0.0743394627933442
0.929690078714617
0.281329602605254
-0.624318837088764
1.12043931228531
0.131653831832819
-0.403822029340341
-0.966294596478842
-0.0626173393038264
0.299329033746602
-0.199087597981673
0.633922889260547
0.0383484689686388
-0.188151236932054
-0.18989648620961
-1.81340571023006
-0.129647810650075
-0.198376221289647
-0.261401189719095
-0.37418622704008
-1.35066824381002
0.839056628454475
0.881922385850593
-0.886179164668603
0.0492455192982702
1.79405715601347
0.31083122219704
0.643449720024644
-1.77427617694147
0.902335977298477
1.55783596208655
-0.419780281548499
-0.366910279692838
0.873745627524237
-0.90297070897707
0.510346031715632
-2.30425112269603
1.65096306247816
-1.43693719349474
0.253785422320925
-1.36608450194899
-0.56891379270806
0.222324926171087
0.43730554484827
0.298980816851121
-0.181707566037808
-0.454558970238745
-0.715404422493848
-0.673851640836394
0.0341162593812725
-0.910308389509132
0.367151606583275
0.24611700600037
0.464718697165297
-0.500772743540404
-0.421475696582001
-0.0978323913295409
0.839096860162412
-0.476290874803248
-0.668850720863816
-0.448614972486125
1.03783412158263
-0.329826872296343
0.218836084135602
-0.227978207500939
-1.03849137397131
-0.517459508493942
3.92415627840063
3.53919484608375
3.3078981617894
3.187593517522
2.39979923887882
3.3188079388315
4.07497141187152
-0.133246696536054
2.99627677167502
2.34044980082118
1.58323876245724
0.913881848545136
2.12789584070736
1.97451325334425
1.93914796720165
1.89313324491605
1.4649544510699
2.41166706584955
1.41729166941895
2.56576268085953
2.7441825397961
1.55061751680701
1.99776089706664
2.11391753415665
0.548237315712988
3.36878586097314
0.74453102623774
0.844070349912386
1.924355135544
2.93321379108663
1.40535412104385
0.95736387672507
1.54616410812911
0.528439033666103
2.48656499803483
2.51536222121542
2.23465842816697
0.085834348323732
0.869130988721205
3.06151047814876
2.90994720633353
1.10410398869471
2.44857814949405
2.50529782322599
1.67887944661269
1.30057379777596
3.29409555493721
1.65469822028253
1.94948823838742
1.02202786965911
1.37292197110323
1.33890163648825
0.535745958275098
0.363972227309147
1.20108376916415
1.72576550409514
2.00930306938163
0.685443442069321
0.169522362942314
0.705699099939187
2.17725908060058
2.71406690255452
1.76436584656762
1.17307534828052
2.02788083079546
2.62866658014064
3.42408311592078
0.262702000697066
0.504508628732481
1.15197512235186
1.75055151605834
1.77009315587193
2.38996010665901
2.10376455679915
1.11993167255492
-0.330549888375064
1.69324128122422
1.60354765332398
3.20498765529524
1.2226604488051
1.97609008590146
2.7086930502603
0.0613766563687059
2.49566277911947
0.626664921325526
2.38772781083818
3.08996749958949
0.499191969244456
0.768726027796036
2.02461785679043
2.0214244259739
2.00883005509538
-0.317352630646767
0.4925340992855
3.6914282206867
3.20641085777693
1.2148456635894
1.0752672792211
2.37601938340754
1.41072772299742
