-0.870268876781455
0.762083409773235
-0.265417535641985
-0.359177313930678
-0.417978218959115
1.43777700523563
-0.210870674968249
0.0720089197884971
-0.447225196269164
-0.378183719325123
1.20144211054134
0.173133083099772
-0.585079474859969
0.354638495598595
-0.481714046945325
-0.556377141799547
3.18395079282643
-0.510779294052172
-0.425332786173647
0.901548217636509
-0.199120662063354
0.0079603057197846
-1.21906797485827
-0.710454217979554
-1.74541057018791
1.05594204496415
-0.621805255967731
1.97507054802
-0.809948950630819
-0.548137077332789
1.45648535289346
1.35577698498245
1.50055198853388
0.40305825303868
1.08283729803075
1.1971644683913
0.26908004580734
2.02400485834786
0.601096428522251
-1.31137805870071
-0.701265910824267
-0.35876161002555
-0.0163995180784479
0.612011878860281
-0.256295888712431
-0.346150723793354
-0.420766130754448
-0.0179654521460821
-0.352098616469619
0.826868053056242
-0.0827003802817505
-0.212528520600797
-1.01473761165526
-0.183365838481167
-1.47224829025863
-0.353990791885422
-0.0612579686958438
0.701494864523303
-0.538622348647509
0.880765364147274
-0.47632867620817
-0.28835806606893
-0.463288172141511
-0.234576504144977
-1.4967230230191
-0.709471447465609
-0.230469606200209
-0.674079653286042
-0.503960147757925
-2.04663484450574
-0.861899944446604
0.493050011794037
-0.452823421279805
-1.7038124342017
2.43213648861104
1.41605704451759
-2.39740314956008
-0.0334636641477526
-0.917376917058542
1.07426685256052
-1.20539006193412
0.0733548656777527
-0.106493646128837
-0.924189570133345
-1.21326933612595
0.626024494021648
0.0663739315033672
-0.228409482314497
-0.568753997356745
-0.607890138315599
0.850640326455242
1.11159873089379
-0.0710034737122541
0.564456746677992
-0.19938560242187
0.628189650620964
-1.3142915003301
-3.3927771851344
0.912958377293852
-0.691560845746599
-0.226395884959773
2.21555854595655
3.76050448127885
2.01484288200477
2.121906275011
-0.400257565263072
0.785182315953007
2.08815680444727
1.5771915090447
1.42512135865176
1.30774949133023
1.07142693299721
1.4250071983403
2.58514989429344
0.900280675263276
1.54754882913962
1.9382012381488
2.67647854806665
1.25432873299245
3.72110297740211
3.34037835302716
2.67550132889655
1.18178800207649
1.96260586254229
1.21791056189344
2.51927934071089
0.729061594845634
3.59145563292612
3.58159385924367
0.440229705446623
3.01310259730943
2.26243424682758
2.15273139661192
2.47953566251995
2.40037828410184
2.16067996432864
2.44337159800532
3.54423691075333
0.577014071384109
2.09652029964787
1.50005026321543
0.636910084655512
0.0556174222371513
1.19194394442226
0.906759701365334
1.75610547818714
2.12665416364054
1.58841764884162
1.80176331955174
2.47603784831639
2.12876732753619
0.156454301498256
1.96501164775243
0.96506477132741
0.244508889481372
3.47744711343726
3.88385974838993
2.12794351058926
2.71739883745223
2.06227196990674
2.80898914385954
3.76974076840233
-0.964749673804461
2.33424537234204
5.04771733416703
1.63774451848953
1.40698443257157
3.53672226640608
-0.290509331747244
0.975644324871343
1.93737633287221
2.27023305779023
1.80721723649725
0.0661411156707721
3.07182556553291
2.12690993449257
2.97882095995411
0.675423401267994
3.31868292259291
2.02124141812481
3.16067154323031
0.78965633467049
2.58192231309921
1.55263937706584
3.18231447443097
1.15687277171346
3.79017346825276
1.2785860251388
2.79620642492861
2.66230633702493
1.76821316703006
1.58184735585665
2.09504995317494
2.0734198742467
2.45772671454877
2.24266381627447
1.0103308064961
2.38209800719678
2.99790262477978
2.62202727778893
