0.799093124234089
1.06982187327963
-0.232256446686809
0.195487131779705
0.636650804912776
-0.117427812392296
-0.101780439444062
-0.221681016087315
0.10821205411274
1.26704185417558
1.13009083585128
0.315953220091688
0.809113829653133
0.297277353772371
1.82263637935891
0.000786454806654291
1.48490898737624
1.49911367977035
-0.0707335858293565
1.22917641862958
-0.219626244178251
0.509332508282331
0.415716112977362
0.560939785325052
0.788312873899325
-0.0889512446641312
1.29901925925834
0.742656521878715
0.979340996194323
0.394773843011947
-0.324682023428799
0.510193374075408
-0.354517037242487
-0.230875999613002
1.01068977496418
0.793796158795055
0.576785163108773
0.224566871685141
0.705111069259649
0.866605381626562
0.581917074429753
1.66344625475613
0.286610977018176
0.817454491394422
-0.192811835185801
0.799822421019033
0.652584354428773
1.66997022044762
-0.028981486038274
0.491371717855749
0.890964528262291
0.273255003739614
-0.0401396084423258
0.670109179188157
0.52925514831697
0.904788848717431
0.911258468170407
1.08077586042338
0.469218112547929
1.41895103777975
0.57383839344377
0.36739237237302
0.912607568457587
0.651991393579623
0.370673955092146
1.2137547654376
0.669391371431082
0.838691611236801
0.934118214559996
1.98778816848176
0.362457132032647
-0.621298336160396
0.844477502910922
0.165204321490789
0.93354339842416
0.220655762290733
0.105220800453064
2.04190171629899
0.134545604132074
2.28227500051746
1.2339168279239
0.393302519375457
0.936641910399916
1.88212003612128
0.867241803591948
-0.515671237916163
0.592928704976342
-0.493101703109921
2.07703328137232
-0.292830464598176
0.914538086629052
0.694211805046706
0.920911561146386
0.0299931477595297
1.21714797084058
0.458357401775267
1.4592966626856
0.816211736160985
0.694486145465927
1.2886994616414
1.08427172392831
0.524636040109146
-0.277122006344551
-0.417906161904897
1.46630870149689
0.884826676583961
1.6097969981907
1.16440961567775
0.511559166636375
0.41762683656972
0.292541999997964
1.19810393769584
0.362723566734013
0.780075900460565
-0.104700997597806
0.0151600998390828
0.425705975054319
1.03227557357253
-0.502109864936888
1.21131898815722
1.65111812312585
-0.10952810089715
1.18921688089427
1.52071000178397
-0.104228739681013
-0.035067912041651
0.998268878987852
0.301206941968869
0.793429703558113
1.49395949759662
-0.58883554267108
1.69977072068568
0.264278124738693
-0.262400668388095
0.354372079059089
0.794704007067555
1.37076910887567
0.811972817259825
-0.0233430063034894
0.404276920651026
0.791787278137221
0.324410150397447
0.118154001222332
0.83867403467949
0.849785468177758
0.313553726346998
0.194585602471979
0.278028184214211
-0.0363400246302145
0.346814828193006
1.41729137491905
0.0212741782680521
1.8961850368969
0.665249090209601
0.873731628168616
1.00098257056656
1.39518952626127
1.30133763159869
0.223203842002621
1.86660783373011
0.11958449183948
0.77863491483833
0.337202426468382
0.666106044415026
1.11033973676038
1.10405818830975
-0.06788105703533
0.567795263114721
0.886802282542392
0.226051416852293
-0.274751922831691
-0.172100904923519
2.34388691789672
0.25134831521508
-0.0402085520865526
0.213518554913297
-0.893091467327772
-0.522409059869629
1.44989498543893
0.836275360443556
0.864669915444349
1.43498813247691
1.3245606402615
0.378650672360711
0.523398480716645
0.00667548042961708
1.44610007925404
0.754861705457788
0.532720112436409
0.00479358522361439
0.511997395555564
0.883165598479957
0.357387294217018
1.78327864743201
-0.146080526285622
0.581259074669279
1.42645445512747
0.948045419020252
1.70765925841221
1.63723503866125
