-0.0982928384027109
0.365151994499141
0.26787018848976
0.088515246383194
-1.96044780178878
0.187597608880091
-0.244709875657809
0.662562313019693
-0.809233581787852
-0.883686898908851
0.10015818019158
2.95592489179172
-1.53587109622473
0.766863758292476
-0.967836888912487
0.363256764545923
0.861681328874522
1.35272444683116
-1.61847994553076
-0.781432138231091
1.33673011154234
1.01019142043075
-0.97663733930215
0.172400555971579
1.05492386549484
-0.757617521537677
0.720513742271819
-0.315512961866017
0.465277607015156
1.18300939195082
0.409217234406667
-1.42388372256155
0.377389223071352
-1.10657732734617
-1.24051218724869
0.969499174068778
-0.60982181811383
-1.02729684576812
-1.60802455332949
1.39541947824235
1.4808085833842
0.76486386218416
0.550213701734781
0.544721799086202
-0.902599631724273
0.669589690565674
-1.3462456168587
0.377791962966133
-1.38392712288194
-1.1523011207468
1.33493491926492
-0.105504503296658
2.1847402016312
0.306736281621908
0.268843763933578
-0.139093739697348
1.81155525182173
0.563568968852471
0.453435605044271
-1.67300862447623
1.42422602436221
0.0937404047308778
0.105163791402609
-0.284829579490234
-0.79806448396846
0.0430343896211417
-0.849885540526222
-0.010982130740196
-0.764234983381789
-1.64922536231767
1.13805567154889
-1.62627239218988
-0.288891088580704
-0.0836476650815607
0.831769681109688
0.0773550895302896
0.718678274538504
-0.539074909848862
-0.48975784053153
0.549684251694061
0.599558384962067
0.0117889731120356
0.344637635030713
1.53342704579468
0.0853980065348926
0.598664473799488
0.0476558551991714
-0.465089658783387
0.548261681963902
0.110107852964379
-1.97662686885174
-0.544621729138582
2.11063479349555
-0.374772176712576
0.0193132470309803
0.724060561542465
-1.22958577630392
-0.319930433515447
-0.171568723749969
0.630307664229817
