0.359124355762829
1.72496171773806
0.943246745575343
0.260405328505763
0.832783944182141
0.327211293958091
0.188227020544506
0.918444008450777
1.88618665160881
-0.0384206846290713
1.62134663785812
0.585899084766251
-0.526639744260523
0.214169880515311
0.667675198227215
1.25755487051693
1.75881120301545
1.2493287330972
0.529384909060682
0.0173522220522046
0.188623594326966
1.05272802919734
0.717620662197125
0.647215320767262
0.543043449174448
0.589086778621885
0.951920826850634
1.98892410025154
0.125674843061656
1.76515940468481
-0.215974003611601
0.919721292856113
0.45690353711334
0.907779966664702
0.380434820781525
-0.369045764737247
1.21918732523481
0.328626737725899
1.11329241821707
0.440278447581993
0.414641364718932
0.180329991974866
0.755015082158069
0.37810130893987
0.943310579806602
1.95764617156126
0.4940522582546
1.16855385942922
-0.351453502512011
0.926737318325816
1.07578292230449
0.511702149365835
1.49768215242628
0.901153950187288
2.19184814051811
0.72821322647659
1.98714186111156
0.608238977216141
0.889631272118732
1.19087480684494
2.23538108010884
2.6125942184004
1.37011584288559
0.108091767910871
1.48022080866783
0.358620918565258
1.31299073014685
1.32735600169423
0.881519609315127
1.41962482337395
1.14770296420716
-0.0999104889977545
1.43872278366313
0.501841783615386
0.393999170169028
1.15210060048289
1.59150853557331
0.82466479732858
0.573289941158711
1.37112484148963
1.25216354113823
1.09019813587654
1.59173892193309
1.23387377142505
1.18226295060739
0.571496238005066
0.786815154112812
1.53049260895505
1.60838713915672
0.683078821084391
1.356823533536
0.729686943531246
0.74976320301067
0.782694901543989
0.163035150508721
1.91679354878769
2.83137178594631
1.22645538970962
1.95938574456603
2.28397005924888
0.971233349266634
0.4959549574881
1.37133022143263
1.58798459100199
0.85260999164994
1.19418012308879
2.08217764579853
1.17460795241744
1.42379421696784
1.32447300214239
0.707629461788079
2.45008651450973
1.02858911773161
0.767208175269136
1.29559744238048
1.20464073488444
1.15481657757087
0.0513055470847151
1.59650470783992
0.898317701319373
1.41081865214733
0.40718913539142
1.15088331373025
1.25074328974661
1.75597932693877
0.416160578492257
1.48094749193992
0.419883611627325
1.27528672882389
0.870191602142411
0.541778050329205
1.96128448772755
2.06015851075116
2.6807010638639
0.678509979120351
0.254477671569398
2.41252246984861
1.70575147835833
2.10734613204655
0.381390219199278
0.896836370191643
1.56245439924138
1.23741286504958
1.92056810273901
1.20127928750171
0.566549545341115
0.876520539319515
1.66753538134233
1.27972900497811
0.553460405651452
