-1.63197501091865
-0.598058873324479
-0.116472183605806
-1.74506920504846
-0.805429964458759
0.192423086423695
2.2959049435758
-1.4035175184236
-0.55800519138764
0.516442649894023
-0.381720141932538
1.18288127369164
-1.21395029121646
0.869468463765731
-0.771351596820133
-3.4468430675436
-1.71628335202708
0.42011719086633
-1.54299349767096
-0.302813418730535
-0.801926667667869
-0.716972473318289
-0.238868716053534
-0.17984683081815
-0.592920968073788
0.385576573920403
-0.525662889682152
0.599697713550504
-0.785704327386401
0.949149842115817
0.357116136972002
1.48282829192109
0.24104232607932
-1.80118131547474
-0.4234781738992
1.17096004177855
1.72440289142311
-0.5284241268169
0.951038220736039
-0.213614797968875
-0.539376489376534
-0.568680219695893
0.364124060722923
0.127428959759318
0.12652721160026
-0.254276885236204
-0.91724556294882
-0.146637963326235
-0.261910469895032
2.11823382986024
0.388824650343954
0.238986241676132
-1.05657306579056
0.934884919381703
0.173874138170288
-1.16612479948412
-0.258272137143632
-0.443157469685279
0.964601258735532
0.653546766450979
-0.534495440924368
-0.313925126203858
-0.453619482895808
0.366953206202439
-0.941171161231276
-0.0364180815141308
-0.366704377106727
0.451222668675494
0.021861640798076
1.20939607449239
1.41810746817037
-1.58514166218216
-0.411355018631867
-0.265201454069191
-2.0054883088369
-1.14261577822553
0.440338284758598
1.20090360870305
-0.103708197312101
-1.26311122237975
0.727964082588473
0.613039251452587
0.856357210464328
0.248382165994457
0.902559995506977
-1.69606264799372
-1.03679064856153
0.0681278406152658
0.487123459562745
0.514584504844158
0.128343857804912
-0.039140729122575
1.6458397456616
0.0857128002502575
0.790760918890927
0.93573044554101
0.137293028767838
0.141420684284247
0.126433783608667
-0.53759381667253
2.51458637985314
1.99425158507478
3.26200616818702
-0.495157081042869
1.68796713627811
2.09660156823479
1.85208819133029
-0.165234858866453
1.44592990516008
1.45929762757834
1.08849988242408
0.810700403399451
2.23049803047529
1.62715800653821
1.95554132923351
1.14182869050899
3.55708387436883
3.68294456891955
1.33746703671915
3.3449839283361
1.2254350049395
0.793531365743456
1.50517977291285
2.75804102213495
0.561789564841757
2.21897977287219
4.58589109754996
1.31408468199422
2.40895503281459
3.08608774478547
2.00037806154736
1.33873332118033
2.2504492310468
3.59562478382683
3.65090226813151
2.14419939934484
3.07032733500041
3.6453714655375
1.44853265966627
4.35559104245641
1.66594583021202
3.56183542825601
2.35401027360758
2.5471772823664
1.41583755928726
2.35032937245697
2.99242922184856
4.56524858210874
2.36647171594932
0.547135752330103
2.03052033132212
0.966682965432629
2.93310701153518
3.28593496880948
1.92208431705723
2.68714541853001
1.74008365357966
0.67011953804132
1.09669748774636
0.949144215523595
2.07235694383371
2.49084725692567
1.93422875712659
2.61310855421715
2.03125054759279
1.21513584425042
1.67487688229154
2.74590877776148
2.68715150723224
1.24515921049715
0.889970645484788
2.50543598478932
2.00463151460998
1.64140820893693
0.963174172103596
2.71971042351515
2.37247662143989
-0.241222488909988
2.20265902739665
1.11044691108666
2.15284733578508
2.81176374010602
1.65424980297264
1.61724559128617
2.27230914312206
2.66045067124907
2.42849071429142
1.50523418037426
1.70612112880247
3.10202471576941
2.68387932538159
1.99728387154262
2.47545937342411
0.955343442293431
2.8293994850425
2.61523544513631
2.00621316612128
1.12811165720228
1.5352475725924
2.34818174968016
