0.720162332619732
-0.662810187571317
-0.809787482689243
-0.0772581070072427
0.0627925752181317
-0.278039281829111
-1.44610707808937
-0.124390630802716
0.37829075060359
-0.483694089590898
1.24495449470197
1.3614721170372
-0.0851790043871267
0.0578100238215363
-1.03255101413574
-0.0190870810210135
0.928493623186668
-0.0442311635338071
-0.466128428200037
-1.74534958001557
2.05582424391365
1.07008638192076
0.588260690175287
0.235945488251454
0.569063338100662
-1.0644885032307
-0.167332184825203
-0.234090603240255
0.938736650250677
0.538793436914419
-0.618268934604444
0.0104164160656733
-1.73471441570615
0.706789960537693
0.98860453776328
-0.0733101849335348
-0.0300861997169667
1.0223174321539
1.23579278996015
0.489074933091687
-0.122033735264297
-0.794587335368786
-0.0811097064062904
0.972708861379374
1.34296219975256
0.265536818178748
0.284132485208967
0.751088619764471
-0.462913823793948
-0.354447478669721
0.0207521687015879
-0.0190372599518782
-0.204667546555827
0.847546121745553
1.13359906958977
-0.697046763173136
0.556216503666144
-1.0511012339044
-0.34081819747902
1.4284805651448
1.9049023291997
-2.2665713226609
0.141295014828671
-0.803505558143999
1.15915771564323
-0.361903176852622
0.0114454986266553
0.658885794878001
2.69148154985644
1.61196835885716
-1.24400874783627
1.06228531676941
-0.15487716188296
-0.597685013421316
0.437836724614564
-1.20202954900606
-1.18582588745793
0.177730029587685
1.80420543024368
-1.15613414059275
-0.81669760334434
-0.18182833962138
3.28342119686687
2.0982331830311
-0.684308700434749
-1.48209008294727
2.65425731267446
-2.50738961410022
0.106899743611233
1.58019428441881
-0.326463369717315
0.23967950037035
-1.7301230051019
-1.04212958803064
-1.53348362052881
-0.612660907957348
0.673356458418331
-0.605020960583647
0.423543134343382
0.324861289293965
1.00228747192212
1.56217246203654
-0.533719279523756
-1.01349885355131
-0.555895302369291
-0.287562284351352
0.434071338300378
-0.073598192581751
1.67890505916838
1.10198335179444
-0.452359292878631
0.95031687740337
-0.498312634515034
1.46962272837943
0.770376901601012
-0.919533836160788
0.987206897169294
1.20074241051933
0.068830834737432
0.0358935517315326
-0.842631977522197
-0.201360951836125
-1.51571211561866
-0.184241582507488
0.150526756539929
-1.58984821447237
-0.606350119675726
-1.80282302302251
-0.509417431351486
1.17275120807525
-0.71791876645005
0.825514451011597
-0.464712002737531
1.09251787425263
-1.1971257016491
1.09370526267774
1.20901080883203
0.232048814341424
0.0792226047138271
-0.583174973098864
0.87043796328123
0.997911014950536
-1.23602756065347
1.29670354486686
0.609514997071415
-1.33509254996838
-0.187121497188065
-0.040408552505896
0.211306920177646
-0.359950544198043
0.0976628440116853
0.0788646918358873
-1.22363731117527
0.392301575817545
1.12086158633681
-1.22645514462295
-0.436851223988102
-0.817213009556565
0.492408085779851
-1.06705149505908
-1.41409930402348
0.398374109296786
-1.96919178019677
0.04368803203457
-0.0442123424588405
-0.0569444444588172
1.34089642819529
0.381589423681868
-1.38394997232534
-0.176455425394605
0.0484202375793347
0.324129094314205
-0.774422432963547
0.0156707762085685
-0.368273533665045
0.901383781849182
1.08229304516868
0.607859834276693
-1.12484573690729
0.438089768395467
-1.17639912652004
-0.877409184448235
0.618677510080254
0.460500467771152
0.745014481828025
-0.223803389123712
-0.595571461592868
-0.080697934720346
0.125419455118875
-0.38265385781103
-0.453739566312031
-0.527261390364039
1.75025849717752
0.792818192397416
-1.00589116393343
1.17371924611649
0.208890983149263
-1.50730336271916
0.00297009930435943
0.99088422630641
