1.33633981009626
1.18418455350084
-0.0606824868030785
0.345685296852292
0.159075045438142
-0.0562254519977213
1.15757351228537
0.461917037411022
1.25106952657169
0.398536511655135
0.491726995951352
0.907000450515565
0.568035714012296
0.23693451049388
0.53939972615018
0.863945610344639
0.437687276868596
0.230971340910888
0.766249397532362
0.30027599988316
0.331064891687387
0.365517626240756
-0.0440313683058715
0.507788103151973
0.331052971169544
0.898303281596124
-0.33588818930775
0.0493529721660593
2.03008015159537
0.606425489662403
-0.271324952728868
0.634917984203056
0.120452586171511
0.586452466800995
0.233259131937717
0.325997723927716
0.875971262477088
1.24694528609194
0.355870817400475
-0.255201161334949
-0.515133195328808
1.43407734219671
2.5945514817266
0.782414409418625
1.94229933230976
-0.192310222314551
0.548644854321194
0.11914320396141
1.14124694500764
0.114086368051793
0.971849388988552
-0.345774977752422
0.600704933693597
1.0908314296452
-0.110829969508554
0.311495235733635
1.38111214575731
0.884797569513876
-0.478436194361814
1.61634760528858
0.558918228784035
0.492938228472734
0.789263068203883
1.14072407547925
0.30384468056293
0.710961196335307
0.853803085803164
0.646783001683549
0.503305927730616
0.275973426755412
0.331742551911733
0.535279289389274
0.770392986945044
-0.163131206141419
1.95553479311386
1.53345822497905
1.05838540056091
0.988461342538735
0.581424991276238
0.767833026028294
1.77693366424067
0.13377594614446
0.253774321034384
1.00217925763184
0.249050315555666
1.41744660731646
0.387246788979182
0.772100782699047
0.776401786734798
1.20405986435133
0.37887990278325
0.740100154927587
0.728216490196352
0.0863319384729636
0.946312978783721
0.958457498987943
1.03022810499572
-0.138397776378055
1.27708713567404
0.848220584137397
2.88705212806709
2.14872415439428
2.71288832034401
3.13316552923299
3.01857063060951
2.31634503606959
2.21587681863974
2.60117713369143
3.8176592641088
1.38880752483825
3.31063673937554
3.83608174311033
2.38436158074352
3.74337741977453
3.20137052048908
2.65078334215583
1.53723984745459
2.02967294309313
2.73612308818746
2.76938068336501
2.52980951554884
1.8814509618433
2.50435649401626
1.72936938106178
2.27344465561084
2.84072138004231
2.53051341075001
2.12898931981434
2.48543960718247
2.64496852879515
1.95139308566765
2.43790363818645
2.53861848475426
1.90783190378809
2.5097211327064
3.17553883626519
4.03046562970436
1.83767384619209
1.94543992814167
4.38343299770697
1.95576391975443
2.44349057404802
2.36827493465555
2.72195916152399
1.83503465457847
3.12894921113833
3.40004912546034
3.63432208628719
3.63862655959064
1.4316906189912
2.13436408153636
3.16929454363748
3.09091819054667
2.53462816504359
2.81557248046083
4.26051709846149
2.54338718147949
2.10807417229197
3.30372879018822
3.37924590986422
2.58612546739161
3.09890817376495
1.52770414334822
2.85347703608055
1.30370863979567
1.84387122703676
3.24915298083737
4.02336627690452
3.0254830740774
4.10086498204333
2.09957642930425
1.72937893649454
2.522599932703
2.36104371211204
2.42901140203753
2.33101204468528
4.1160084668096
2.749610041571
3.56091417503197
2.70597975831039
2.18188914735007
4.12189930668373
4.30195994419526
3.49687425452727
2.03252107564822
2.77829661830416
2.62216701288677
3.3787218251099
2.56979444228386
2.41251144938813
4.34001879806078
1.29277898515155
3.16830142549289
2.31064675943408
2.92107567783942
3.25247826799301
2.00269884985325
2.5622217895256
1.599200893063
1.96047528677383
