-0.339770483764123
0.628028629168011
0.358424025177732
0.964313567463964
-0.0796097333677957
1.20045103016045
1.07977973063403
0.942683362137936
-0.126115118960496
1.7273911497558
1.5620366521557
0.0751715880695717
1.1746486350225
1.6383800317962
0.686784076598173
1.45875599444925
1.72634146811489
1.56101176578634
1.35946227997622
0.833626764975196
1.87448236154555
1.59179281433717
0.160876700218938
1.44513084320687
1.30878674721049
0.0973651110729934
0.386216874011025
0.060322960387169
1.48217609169329
-0.0409487787880159
1.02952463761667
-0.549428935709488
-0.0917070386719118
1.90138747683584
2.08353299507218
1.45934034701959
0.813402316810264
1.09195321316046
1.01801391640948
0.90997083567678
2.08731527030018
0.650866368842499
0.20311982819657
0.31302494064509
0.175251107700159
-0.105452682467921
0.601375131883845
1.14800528016646
0.0970313412932852
0.210499602682362
1.88221898439626
1.48778827105665
0.952365533927214
1.10467285681432
1.37683974310727
0.327258247422547
-0.698929961092445
2.56401563542797
1.49707205047418
0.235179579905035
0.744703242715607
0.148612785824026
1.37697935727067
0.995075246292855
0.116469228859038
1.40816270640729
0.792040684113891
-0.544935894214371
1.29318553429238
0.480173905399546
0.63278003493936
1.31499716637742
1.65131572050439
0.352200986241799
0.537483284158172
2.21663228801363
0.312512399016183
0.327401548038322
1.02505581357678
0.0793244248715206
1.93802304065418
0.751529825137551
1.30807010627152
0.924983904622407
2.05139595313442
0.469014594013962
1.61424084493382
1.27616327396486
0.526263813508921
-0.501392325812405
1.73266418841415
0.049318674697099
0.0635856281234497
-0.0389158552706704
0.249048291370748
-0.209122796331085
1.48845202626091
1.03587602357931
0.873389854711538
0.453921308604739
0.314672551066243
1.69841501738616
0.654242612080551
0.096814171151809
-0.161532736164832
3.49396458814311
0.953468219688873
-0.136225056707902
0.310316255705781
1.58820925521037
0.461532336894724
1.80144723786995
0.192264896626655
1.06188786703072
0.578258414382353
0.197459599087215
0.342545057693614
0.413277636718771
-0.434168469924038
0.575260645068843
-0.00391762454079875
0.284714365301182
-0.0667469386671419
0.272382686912219
0.99301058495098
0.410902975156669
0.324684530598371
0.990729586299422
0.962296412891181
1.50339764437451
1.96627193882611
0.0416181432775484
0.763688046465027
0.365242816986051
0.514505609071601
1.2983461214012
1.0356318201386
0.287843571130058
0.0900206795731021
0.97958663411376
2.14964048002501
1.32196595011869
0.249262802028534
0.257226180570102
1.5420827321038
1.54798656180855
1.35279947457957
0.451187562537388
0.755789750559635
0.32325661675242
0.041427906431982
1.27147359741307
0.307748749510638
0.156299224560104
1.55832992678286
-0.671947305244462
0.727766859150745
0.969627755308997
0.686499082939353
1.95779477847193
0.0262845068175125
0.244616062524202
1.49069164736287
0.36166007025134
-0.378505330939797
0.867432429000131
0.840846623293713
0.354560792818796
0.0741828865432481
0.540310073547598
0.101811901573936
0.129921159807151
0.686980922462346
0.972434656820171
0.461649749812454
-0.123186002759972
2.1941456895723
0.969432904480939
0.266394808005779
0.180097285261352
1.20794379404361
0.0718190653302663
-0.308921747902509
1.25775548836276
0.302993216589191
0.309691859054384
0.426186335911893
2.13589711006068
0.837389817285377
0.355104442836946
1.00323457040513
1.63881779703611
0.795199404630903
0.0406404977034033
1.30210607626041
-0.541330369351711
0.300469791165773
0.289550955748269
0.581657272613342
2.33379862919127
