0.329702066482735
0.0473682313450701
0.618277751649019
-1.67312688486216
-1.07962121094072
0.919622382721998
-0.745340503430928
-0.58883624116467
1.67563238380801
0.0802473234016614
-1.28455446310907
-0.346170390663601
-2.90887320807404
-0.225916728326114
-0.851176352657865
-0.341461794017544
-0.0944347360850252
-1.00297623517058
0.328893079852154
-1.33376415589209
0.698062072731787
0.57620875725721
-2.00570773366504
2.03469972068701
1.78773427694632
-0.552780108949873
0.241624521101839
-1.28191657045122
-0.078778500212606
0.398287257664181
0.800135031804275
-0.614330288608828
0.428755832985443
-0.203855420459352
-0.129105131405563
0.757100815422359
-0.259276755460426
-0.755063368556678
0.60316195597124
-0.75743147998043
-1.69781875587733
0.623680410535345
-1.86951453986944
-2.01887611756831
0.0166147739919578
0.345008538639692
-0.820717768976488
-1.30271952996098
0.692773427064517
-0.190914883042488
0.754689689025219
1.72264202747995
-1.36273060942868
0.552697004865655
-1.0919481706486
-0.73403417924639
2.53947858635827
0.637821647206168
1.27285766665685
0.10699407477091
0.00533509503357105
-0.166621307425397
2.42602867996902
0.384328962876423
-0.329296276437293
0.114154191890444
-1.08022121994245
-0.263287887180161
1.57305130700939
1.74255575696552
-0.749547503657441
1.76472390690987
-1.3208405898569
-0.196949391702068
-1.81055998106443
-2.56148996571007
-0.131463526988032
1.07289818646831
-0.231615184474008
0.107676878395437
-0.151594301365557
-1.77129905378998
-0.352756315895043
-0.289069099222203
1.39345967067817
-0.340041250220775
1.04212278285462
-0.302246687875223
0.529817127803154
2.22447057491031
-0.8439815768889
1.26911967871431
-1.62744890844696
-0.487702094991096
1.15676755718534
-0.231805911920851
0.117405528104237
0.332800414200714
-1.7357338609848
1.55842293704547
-0.745643062758887
2.16417699052609
0.32959393905618
0.612636016413236
-0.0800100749006138
-1.9684256669596
1.43045947125885
-0.7008281835772
-0.190490024833956
-1.11738734144468
-0.948124049814593
-0.0138423437386989
1.1838912733099
-0.263686427898415
2.09561002192842
0.126357219669959
0.164310112244426
1.1380225749687
0.79850268552184
0.748029714023156
-1.50197632333454
0.44024148850789
0.124671943560264
1.75577214813597
-0.532582843873506
1.32483071169438
-1.09723699543769
-0.465676302630045
-0.1689025046743
0.331681705165195
-0.326060242566979
0.607905334678412
-0.806130662852253
-0.749226870528874
1.184285071602
-1.07393477966652
0.312316121768489
0.067907851995086
-0.658850252237375
-0.913944956630559
-0.176785916593783
0.433712347707355
-0.108783215638443
0.731499047387488
0.521261157991526
0.876761806976462
-1.49509712959413
1.52993885107698
1.66966662171516
0.0248718101487156
-0.141969891291328
-0.593180129105705
-0.518770333169845
-1.71659087324179
0.131923337145915
1.5351325851392
0.712307997390192
-1.29049355765392
-0.104949908915618
-1.30984409771095
1.61634954982597
0.380820185180394
0.875027923684994
0.589351473600224
-0.987136815966712
-0.60783836205668
0.291226051488204
0.799095371345198
-1.1774456427115
2.09366828968951
-0.810739180950574
1.32567045314503
1.00913718672207
-0.345318807554454
-1.50867379525289
0.378725203656746
-0.00164175257943843
0.591690528618838
-0.163639619848946
0.220367572935717
-0.205979520941126
0.474271200150076
0.297290071130125
-1.29346218397439
1.36472673127955
-0.980547206222067
1.74970175687311
0.388003821681253
0.862845699524163
0.304101822782536
-0.574784936016723
0.923102026176698
0.475849753911142
-0.653925769917403
-1.99633360848957
0.213239034669189
-0.96844775774882
2.47367540034247
-0.339031773054575
0.0208620021509998
