-0.208316491534434
-0.754964260127585
0.516565070154463
-0.03999279779049
-0.282625583454201
-3.15157602141805
-0.0227235019463856
-0.582774801680208
0.0277633025326699
-0.169387670707103
-0.318839473767595
3.25915159498524
1.01799629522654
1.56130712272865
-1.53629117099519
1.43336888800673
-1.55885721638979
0.875536281062619
1.119270605221
-0.239204055826666
-0.921095680243532
1.69170819537716
0.00928764858176221
0.0923161698321079
-0.453340061110207
0.0569732956869298
-1.38720972475351
0.0806413150013812
-0.948659294270945
1.66483494813397
-0.352419622574466
0.43865647700258
1.26441624485065
1.47682735669575
-0.505101822521942
-1.3787664073388
-0.362219145159986
0.562227729069512
1.38711073367429
1.68251007762386
-1.29993669674154
-0.77464693424818
-0.242331547375085
1.08331996388309
-0.557508744576266
-1.01505947254718
-0.442583520074661
-0.243097577723637
-0.238448340023612
0.534279931668775
1.24745528499846
-1.27125726309908
0.742120089893239
1.86848014828459
-1.7141524954877
-0.0213769341532038
0.0666210259181629
1.79392905137665
-0.292719500983684
0.61752130471845
0.852488687267882
-0.377844316239705
-1.46494231956802
-1.34280962621745
-1.80975773065773
0.658955703770771
-0.523994614278829
-1.64634837390083
0.277005082705237
-0.126684972987999
-1.67073559135888
-0.322110171667478
-2.03746387682197
0.401275737728953
0.689351143884938
2.4653215743346
-0.0721912484327589
1.57893710918363
-0.5664573488887
-0.936428964208184
-1.08938236164353
-2.44991315846858
-1.20132917361388
-0.0150809701778035
-0.137755565031898
0.0582549200633171
-1.92973288095077
1.10320420159816
-0.329555660865852
-1.26196276101564
-0.551393638845035
2.00788522600807
0.287216605075034
-0.203421600177686
0.800940585157281
0.21841280126474
0.571595788601416
-0.413376865247117
-1.56801526986363
-0.310393157996797
-0.9390558232485
-1.89159585365245
-0.180215457283832
-0.596950132361657
0.902827703085326
-0.603473887204139
0.916702468833173
0.00359012867019935
1.31994794421227
1.46307334172103
-0.755741228801231
-0.9367343538503
-1.04524586074485
0.480704734174813
-0.506478116287272
0.279866940272127
-0.233773810914762
-0.37294084207845
0.0750885883545616
-0.391424759387394
0.449111000201824
-0.310916491757299
-1.26993961191805
-0.635187985137472
0.0723038153582005
1.12222101079575
0.592979631406694
-0.240479064071441
-0.374361572978188
0.395663793577403
-0.164891248943851
-0.367818313636439
0.187667840030443
-0.0905431229402805
0.353752180299613
0.303461041311394
-0.418754861514237
0.038105694237851
-0.901120030930249
-0.241982101355804
1.67970131543138
-2.40526285460365
0.0873770716129071
1.93760309486981
-0.455305750349452
-1.1860255400138
-0.657312375038549
-0.467094243293031
0.830937496122527
0.654250798750142
-0.585606328860974
-0.758184541461572
1.00328802250967
-0.0789117428797612
-1.8402374703144
0.928883280467208
0.585596044098448
0.528688562056281
-0.775854119290742
0.601578141303226
1.13529101715607
-1.39930947148833
-2.75045704869782
1.14853237645636
0.793056334206282
0.915564787764078
-0.686037117162711
0.657396263526449
-0.549443268772456
-0.796355091955792
-0.231111696948119
1.35463778141032
0.00286144273347439
-1.16704217918328
-0.308952987496487
-0.310040215870096
-1.38237665558563
0.551406463129916
0.434362003001699
0.0282681503011476
1.04188610669175
1.71884667704871
0.176610903501844
-0.128106281949755
-0.612944765549054
0.551061377429255
0.442875924399926
0.0332871600686821
-0.141866210699386
0.225995448485417
-0.988098534864563
0.211466308396465
1.03253288344691
1.21661030152554
0.95618180256874
0.694680236364241
-0.640577053888795
-0.822218002519731
2.37035262769235
0.627915975311657
