-1.47374122446834
-0.363922883131052
0.303025988292307
-0.840725344084995
-1.36770085882853
0.574000030698256
0.470011625944827
-1.71744099223678
-0.478165968652798
1.5456955658296
0.497733512733054
0.386221987552959
-0.526646337880239
-1.50011218376314
-0.820675949066599
0.624112662074765
1.22128416420386
-0.770489524649429
0.255035898617365
-0.63356847931646
-0.582204051520737
1.07413346978746
0.953693922852674
-0.839362917218457
-0.54747194327779
1.49245930816862
0.169396225719405
-0.283803048652203
2.22178661063155
-1.24024439710143
-0.423187414717467
0.0888719681497834
0.00128468725619398
-0.166441497221501
-1.86051277408305
-0.558632176495483
0.131284573839193
1.06881104545133
-0.851975268765954
0.441459371065165
0.502828157115927
-0.951262252856512
2.60338359354818
-1.84983267176526
1.83500799059665
0.756586064738893
-0.361916826903156
-1.29053098577267
-0.343267335551861
0.161610614100205
0.284457895015464
0.799124385334312
0.682397120063229
1.11113821536165
-0.409130836532489
0.361573554613836
-2.25900776610129
0.315622841582766
-0.223530389635241
-0.596768320682329
-0.19719746894699
0.631937485575923
-0.433274900578946
-1.0602190097674
1.31298630896261
-0.456565510702927
0.239814217407021
-0.451285512102023
-0.0201434524759447
-1.10226678137065
1.52326944006279
-0.527061370491988
0.555290012787596
0.343915483168764
-0.213842028052124
-0.00641616435091812
-0.780917151383454
-1.23369877592592
-0.28006653612084
0.339381470892979
0.550013096149604
1.14146486065381
1.1282753709759
-0.79284797254129
0.0379121863976078
-1.48144436280588
0.251224176782533
0.809032217551402
0.24793363526139
-1.75573751605199
-1.7502149849165
-1.52684174883191
-1.67946289017391
0.29106254852036
-1.20756127379374
0.688443699407772
-0.0556980338565574
-1.19386735335912
-0.344385137787565
-1.23374873494849
1.5716437336789
0.320203670349941
-0.108602855533798
0.604265152203583
-0.594497784140031
-1.2411931292658
-0.311135243484626
0.13210568629636
-0.690114953322195
-1.75697817197077
0.876218385345083
1.33450709036851
-0.0192546161907734
-1.67144063938896
0.43377417978098
0.75299865600212
-1.30405897381342
1.01418561474428
0.382076701727507
0.0428650584012316
0.240974049063538
0.384337092877039
-1.43326903666708
0.766737533732841
-0.939337248446578
0.16904815189899
1.9077584775197
0.211180082470844
0.429860534403441
0.110232495186553
-0.80322850803082
1.35425398829924
-0.13167811153496
-1.42236397741051
-0.325546076906178
-1.12206834975539
-1.38254935027961
0.244939344179109
2.2616839939013
-0.577439338585822
-1.16424328802555
0.156850837934469
-0.466183780589688
-1.12744065650096
0.315956102717278
0.7059204063731
0.128147511186473
-0.99716798977632
-0.725595038897673
0.562313040122521
0.777942855945231
-1.00987013338972
0.489752555100295
0.442886502198935
0.410854670957935
-2.52211516413072
1.01366211004078
-0.338007620285628
0.441598666520526
0.290623303306343
0.716878358320191
-0.302422699343005
1.02069885866444
0.175497030050948
1.86227582086812
0.673738371771914
1.11740302017883
0.743443845789214
-0.226191510025285
-0.721005461242505
-0.980897442601464
-1.24543158385591
-0.409671075580211
-1.43657419703983
-2.08455679549421
-1.13831882024923
0.490963437331906
-2.68776101677375
0.339997417775794
0.22535747195638
-0.0845863974374259
1.22651272950191
0.782743436172075
0.538093006279354
1.90754065221414
-0.0952748459800924
-0.554107547976349
1.23159114204277
-1.41495079114434
-0.0855277674221039
0.633834581825312
0.894554990160744
-0.516637920058331
0.677823668261625
0.186075513650854
-1.99457744999348
-0.148806168714673
-1.38801104774458
-0.258741940581026
-0.60663339100778
