-1.40604401346679
0.263026559939743
-0.685305604294264
0.966870216536246
0.450569404102765
0.257616797648786
-1.10509098389718
-0.581005368657654
0.9120027686119
-2.41680200403898
1.04362958060708
-0.896249726979126
0.981150795270536
0.681581041106216
0.773186588364477
-0.474430039622736
-0.588549820875526
-0.275636039349647
-0.0572844360991182
-0.0900258608243197
-0.784536276192172
0.0655778521143565
-0.61389087713972
0.995016455040404
0.17057463849481
1.8135778268464
-1.97236711256081
0.798880872794188
-1.29175496238262
1.35046237642605
-0.141606303761873
-0.413554679478892
-0.723915279523972
-0.417162617217866
-0.0349545956765012
-0.145700240759252
1.62478334040065
1.29096966903395
-0.621424803196892
-0.139310899583022
1.08328771568311
-0.124509633506323
0.335973010333313
-0.721183830397126
0.435590983459584
-1.42093029414631
-1.08848199796845
-0.838494216011916
0.00894533965949399
-0.297088300515435
1.92724333536766
0.313968981666421
0.337654783777181
0.11284056459324
1.4015366351344
-0.355935039621611
0.176009740807188
-0.340921769883073
0.101020936902143
1.32613828576982
0.250465609033384
1.69333678062077
1.77619170069127
0.350893405228091
0.200759572564863
0.534924454866875
0.410590914603255
0.640820951162081
1.27339469789247
2.66491916547751
1.83554433386601
1.71908790551707
0.521826204826836
0.0276319388451061
0.103634823796647
1.08845782408734
0.824444638343146
0.733882715790279
0.827559138468664
0.891458080546919
0.0604985297936645
1.64287083168274
1.4884673137653
-1.51955418888148
1.34982583764484
0.194185451999954
0.85977578296034
2.07127694006901
1.82697479510805
0.58040122350519
-0.0423725230075012
-0.017839058057382
1.79755548303014
1.31515645994724
-0.316965708253298
-0.333717705161117
0.513009163010121
1.05871198108754
0.934515748592217
-1.06698804680753
