-0.158956619138348
0.804754562653785
0.939570338639094
1.16528655364247
-0.694324994319537
1.16730885988946
-0.976439226771794
-0.228241263111643
1.93252026316437
0.229443398834351
0.156253006382206
0.486568384062491
0.367820714118088
0.608603033415264
-1.50405354286439
0.185395171858216
-1.52810778907954
0.418845509057261
-0.344196071534638
-0.565614359875211
-0.244342966601572
-0.436386226554835
2.16396938891791
-0.630447214090019
-0.514929346624922
0.44246333590417
0.0905024018245885
0.344983188999872
-1.11940527802699
1.63250693431653
-0.622389977219215
-1.59531763961001
2.83153806816731
-1.31992368790525
-0.875214980910315
0.282994736395639
1.21572734516736
-2.53143923964004
-0.867861960831639
2.1593861313744
1.07076801846955
-0.108737633971788
-0.437408597423376
0.858162918144732
0.514335805371707
0.247463092892563
-1.23854206420044
1.08484117831157
0.218584666933277
0.504047157752905
-0.913598888638244
-0.680056776080355
1.92029908508354
0.401715483891819
-0.561862736049048
-1.11252840438256
-0.802351153893659
-2.3871722780358
0.725934243933211
-0.28153213412943
-1.32185851194756
0.476313378328722
-0.495476836267017
-1.38924947585275
0.714131605488115
0.906350320284512
-1.35752602261871
0.149458855009391
-1.56920091773029
-0.179186564801118
0.933585207423493
-0.0389943231865795
-0.99891536494206
1.18110364291267
0.838857851710623
1.28358600172849
1.06478625706305
1.24440201194796
0.0701320050830854
-1.40998188495171
0.366287938363963
0.899508431846553
0.570255451980363
-0.935511399562404
-0.837777278667131
-0.300922834151674
1.99614984131969
-0.417233331060429
-0.834159441673225
-2.46258852456327
-0.0616149108693635
-1.13352546002311
-0.46556478820967
0.0650894638047069
1.39283100706
0.0924967395764444
1.85724089147231
-0.283413189907017
-1.13864961374053
0.513416956571589
2.65073263120342
2.70831308910906
3.72725316919985
1.58472919795159
2.08222404858178
3.30485472555271
0.988277171568163
1.4200709852873
2.65570329470328
2.45043563574654
2.99461465723376
2.85959298167641
0.851207025514503
1.88810770629786
0.882857550280624
2.88093135715848
0.912768519280397
1.76199782961583
2.98831829388709
2.17097802507303
1.80454577765191
2.79622865804316
1.66497312010605
2.83983814696416
1.30326021877474
2.33783001710869
1.53852649705134
1.55488740735586
1.18893744071295
3.40963224230085
0.224080634520727
2.15460346914735
3.90526807904597
2.71669511338043
2.72142832989847
3.52257544649932
3.01920911496305
3.2678675767647
2.97102486746725
2.86171502773812
2.25725693421577
3.69896394532795
0.547355854974346
1.13078456941499
5.08187711214464
2.49985512597587
0.678284661115254
1.23494649876254
1.75504523896466
3.17430193563043
2.24578276209157
2.07626658776279
1.78610083107322
0.57129838476777
3.32141686619924
1.97607439432189
1.94958232694912
1.80318716872935
0.752658348994919
1.45203247152822
3.15302957699478
1.42429549698412
1.06873623094825
1.28868685601499
1.49386542477923
1.76399916629686
3.60905368242184
1.77500932348451
2.61142998393061
2.0375839683935
2.94907735172215
3.74501828229786
2.28571410945391
1.40275004327545
2.1647793858657
1.97118675474875
2.20015246926173
1.46052168380896
2.57277681291831
1.81699635805405
0.636435503645232
1.72465600072987
2.7716105266128
3.27425651655465
1.91803879510203
3.32890071199119
2.30219179567278
3.67108264521608
2.82446822419287
2.36053387706251
3.56480002826549
2.04558987421284
0.0490374900533253
2.13107831858088
3.48901743723624
1.88647917619428
0.8530160759235
0.306129234341502
3.07592469352084
3.28847121890244
