0.279956042223664
1.25292004470059
0.528323761758755
0.814132022210711
0.26846894374206
1.57136158215372
0.25043393473494
0.777906802776515
1.77251589218094
0.532654100446095
2.11336825184196
0.974924553416857
0.818793189077048
0.686233682430572
0.665748127238104
0.47953563370284
0.465809623448563
0.13213922627941
0.791764644022944
1.00394517243602
0.642393504496094
0.414373918731254
0.504761688997606
0.220904502476334
0.672653558106019
-0.305934422888567
0.622003436939448
-0.245030361763817
1.78648336712609
-0.666266268036432
0.233154778726281
0.959532570289348
0.314392465946577
1.0740243061651
1.44244569326105
1.48128964458193
0.999563062134052
0.735279543185816
-0.036110996472155
1.00843257257351
-0.0155295275803855
2.19134306791986
1.63849220329184
0.850263703114735
0.876714840153093
1.17755766432842
0.160195614694113
1.65769091550215
1.29228024734852
1.44261316772785
0.786076296097815
1.81699938516585
1.61516688996285
1.18945535857423
0.0384107951012459
0.0262136751768894
2.08153288263944
0.216236219043845
1.301443151869
1.6334477802648
0.900038873374537
1.82240637565175
0.453000194353269
2.37738765322873
0.265268815551793
0.370908567608698
-0.21503013824248
0.321345823928776
1.67430559868626
0.513668315221784
-0.444809192275236
-0.12588090066169
-0.0283958170107524
1.77072912950142
1.05792912610759
0.689172762199967
0.193269580267943
0.198354920998885
1.5556752463637
0.790932308020459
0.307664165841863
0.87116236612731
0.147604154837599
0.00446627766915728
0.10961719800879
0.622933151266721
0.369239789277791
0.940908944872249
0.243293990612087
0.0293444085999364
-0.151828725363339
1.25464633787357
-0.305364554704338
1.99524409601624
2.06969776854397
1.01722465114239
0.863305403881265
0.771438980176264
1.53091597902167
-0.311198022404088
-0.361499584205342
1.2271562839021
1.05201538741135
0.426129621447706
1.28460546669034
0.0645060465892529
-0.592764510999455
0.48366652022614
-0.129145833840775
-0.189973993769064
-0.35893761740008
0.0563479009388606
1.14652952781152
0.743147996718438
1.92997691470517
0.515929885305108
0.931600514262539
-0.395756407392683
0.339603815207964
-0.0361101776550943
1.32622381767057
1.52278960749296
0.803884483072053
0.199012139562909
0.306062776669694
-0.0645790614099793
0.34652548425073
0.553611772631955
1.3294801372905
0.422882601460432
-0.311007386015159
0.309524098088338
0.937166260365754
0.688471189341137
0.561892420476276
1.35955803276051
2.49464767082342
-0.494570717890947
0.695196383864589
0.826536530136382
0.841594765356682
1.5136540144213
1.39198759950899
-0.0167528131430171
1.62028562509063
0.420118807650698
0.00492667127161581
0.520771913069951
1.11880717292751
1.2238283333917
1.40164964549621
0.442635753606197
1.07936005317567
-0.146593339767746
0.624289583446746
0.307732506119638
0.150428966157291
0.3062952481333
0.933232836660615
0.410000750263733
0.036379771414567
0.0955356980865599
1.0647139866459
1.05211859037934
1.57155207425111
1.34821287845937
0.933751144822313
0.462814700144564
0.832175158193032
-0.175215807422502
0.876780438855231
0.81523158127762
-0.0289004963014156
0.470177578613469
1.19378035499803
-0.673130290168476
0.344661098948216
0.938280344257235
0.759777990602509
0.426758254226412
0.912506928881704
3.19220760695544
0.583604614873578
0.432434241931769
-0.226882951187983
1.66579532806304
1.17305362521132
-0.345329968059261
0.776709213558032
1.01496187991531
1.28185360060103
0.624054338781202
-0.639158703074775
0.762415158700263
0.192536854056926
0.473662479645002
0.713778806181144
-0.0277528693856063
0.935605477852642
0.133625833889286
