0.2871779576993
0.995954546398506
1.57005470550719
0.357473608076532
0.969751925192044
0.457940911433769
0.596262467040052
0.171495899124203
1.12545490383095
0.544334709405118
0.222978559168591
0.811132169589234
0.517033689454152
1.07154196753997
0.160202274422186
0.41231305787769
1.35901508930342
0.662149143800713
0.458113711787016
1.13958130061086
0.313223410943621
0.479521510541716
0.653456541857733
1.9522977666363
0.272957874423218
0.425752064894584
0.348935860029933
0.0816677863278366
-0.0887901317518073
1.58985236880944
0.588027474069954
1.15323511394827
0.334983034932091
1.63252382400892
0.87103423266835
-0.374414817352566
0.840242520837844
1.60146901751576
0.487125198725978
0.858291753782941
1.42824981188792
0.542903403183223
-0.16390047005442
0.490333862497687
1.38581354681571
2.87354281564872
1.28633013520253
0.0782615124921028
0.0570714915007936
0.528287017178126
0.501015461586913
-0.215905082924261
0.65730598697442
0.249468946470037
-0.0149064281200131
0.998439619203342
0.180506242543256
-0.457947012382028
1.32557092546206
1.49303425654315
1.16556776298567
-0.357992193573615
0.612536256821776
-0.320150525592026
0.396019743787803
1.18570006383756
0.340667191658433
1.91780694850755
1.03350523026183
0.891446922001702
-1.08144338540947
1.51520975186469
0.196264901304186
0.222173478792927
0.039242334340227
1.51647112234405
0.223636368736957
0.738837378921053
-0.439396916899687
0.373491947965516
1.06048441120251
0.465757260386198
-0.776468280850871
0.44165716897548
1.20424219457007
0.261284419638641
0.0852912940631691
0.336836223973466
0.0601854176422046
1.35925435942123
0.975532408044137
0.452090324505706
0.34260822569354
0.507678891038374
0.29538486879047
0.178303188923282
1.17945766813056
0.285678968585907
-0.19294566581737
0.961407379079738
1.36134318758077
0.26110107533801
0.230783914625702
-0.477164761566786
1.27171046395097
1.07300804335003
1.26908798795126
0.45048892583201
3.0518636175536
-0.259111719283615
1.39170930423897
0.557376651530156
0.183501476054485
0.409545511699284
0.508058300625882
1.37506563715582
-0.260707265857091
-0.0757470555180409
0.773088681748565
0.127323539061923
-0.216145074701437
0.788017127481473
0.49244197965184
0.223993890121925
0.825792376026708
-0.681912588789456
1.52016645067643
-0.0979671661278508
0.350416865096713
0.762638082701219
0.902509076146264
0.511614608933465
0.18086773695733
-0.490035214397392
2.35770473823979
0.720528037836282
0.869876547252265
0.0913082717168786
0.885014685651851
1.3371349651572
-0.291346770315425
2.6748094658331
0.669058029610971
0.284668545219211
1.69403715771221
0.352976437887814
0.0930393012774469
1.05390239311786
-0.0691067143099415
0.191193564641745
0.770434279771537
-0.0577652536546233
1.02993168177266
1.51347124486534
-0.245983498645497
0.210887662809404
0.272080038732153
0.495415593439219
1.14178424096197
0.146006557969266
-0.154329915180431
1.1642127230722
0.612790591451538
1.56915865003115
0.573314140593012
0.892795164412105
0.954294584678351
-0.269363635172152
0.690661188933949
1.76528160867468
2.10682303429084
0.0238515655157329
0.667076678198286
1.95660802949451
-0.52087041189652
0.0327123038659917
0.343408547123477
0.125910116192757
1.85120252785079
0.383811323911079
-0.0874687062919191
1.16692148845203
0.682437860148753
-0.0827905054846033
1.03409681301976
1.45156816451964
0.702847907721059
0.72338368811286
0.618161320598949
2.07157299192414
1.00955284418521
0.861895909897399
0.0708020488872798
0.407872462091957
0.914875044643141
2.26752467990665
0.546693660975629
0.696878260506428
0.548024282484993
-0.0613326285924316
