-0.0337543473781842
1.0872189449045
0.757568145127083
0.405667462581881
1.39514472354487
0.583280888623683
-0.228908297672409
0.19206474088439
-2.34481825418701
-0.874935788205362
-0.787834316089358
-0.209274484253632
1.51430440845093
1.09561321335088
0.174226645629708
1.6031120979824
-0.723973771745754
-0.100590463220587
-0.623301606917324
-2.41336007073765
0.0232858694016585
0.649592636452862
0.880627546331039
0.492275145576775
-0.598015980100071
0.0978495541232033
0.806137611871938
2.2702937371872
-1.05746650209495
0.52272874186144
0.274450203473267
-0.670578526020196
1.31185988784132
0.494481623677003
0.0151951159766201
-1.27316685857517
0.976660790636735
0.692575649200811
0.223298564620201
-0.562707287096427
-1.05591933911629
-1.3260830953316
0.0823616641947167
-1.72553256771127
0.52047662567838
0.724189191308702
-0.674491091945283
-0.555025453964554
0.530449701961746
0.209071475800331
0.494102121097247
0.190191354837499
0.920548707534072
-0.365788968007463
0.22224824388979
-1.27687162301563
-0.44390596999451
0.486594306666402
-0.443615548820136
-0.919804002376368
0.364668631023635
-0.384864727935223
-0.531937926415613
2.55140617396441
-0.275019812764211
-1.49453213201975
-0.72689245057615
0.576463283721389
-0.240274451063633
0.225265570002998
-0.494739872414767
0.803555249369222
0.994588312670504
-1.04780026341452
-0.505880646178835
1.84188499038161
-1.61188507599461
1.01220542199927
0.368763861195958
-0.556643503358423
-0.34522359928956
1.32116118303555
0.847126247481592
0.488325306705721
-0.0223324509225991
0.930135691155419
-0.0548070864782473
-0.567813454317941
1.31689350261617
0.251668660569106
-0.445975885464257
-0.165128561622409
-0.540401096298907
1.41513545288571
0.0422875286568145
1.25798047283648
-0.142669121103796
-0.186645775946575
-0.92538035347201
-1.15375320233657
1.53192624327012
0.0258632228906231
0.422717358358566
1.15586850340621
0.354433637874618
-1.26379170735008
-0.362190718863314
-0.330648833660358
-0.331751213033928
0.673912065399886
0.623438331790383
-1.34237104284409
-0.675957536618124
-0.463214720316265
-0.712674200469332
-1.56123478972799
-0.353361012904685
0.822851573991137
1.03345426753564
-1.180643460419
-1.42892808812769
-0.571811454825001
-2.0051568349602
1.6180326584949
-0.355152814195593
-0.602336700932515
-0.429547210036915
0.919972899077969
-0.473634221678106
-0.880162194024019
-0.0431967653506452
0.0175975815080235
0.835295223663786
0.711516076965097
-0.0364730944066828
0.163458077664073
-0.654506860896793
2.5811330794868
-0.896337951262823
-1.17345786245445
-0.416791008761834
0.0577905110876961
0.0302087629565057
-0.695259789824053
-1.28550539697099
-1.2050654803521
0.894038795183283
0.413622338872448
0.217373181232546
-0.769227468435758
0.847450845594724
0.328620748868607
1.09480663763417
1.38483530363766
-0.291293825622281
-0.311628752160798
0.745475220661164
-1.24796867485285
0.503591994953286
-3.07126997916725
-1.48654237929841
0.662165008445214
-1.301179729535
0.931101236889383
-0.286720350243303
0.257314200895458
1.42188399197139
0.157096963186366
0.630040916638028
-0.440375044805848
0.833284877665194
0.685876626878668
-0.0940752810556197
-0.25940643913287
-0.715292052346072
2.09161328250692
1.00528571047019
-1.06195038878783
0.842672861240892
1.42424068245655
-0.167284819247879
-0.101949271342937
-1.0287535775158
0.618896602400297
-1.02611069719485
0.128887144219682
0.79366447975254
0.0458382238643245
0.250046401421575
0.356939601142583
-0.421638711686467
-1.09169899236382
1.05818905711894
1.38465112921801
-0.456050982401247
1.3556733427343
-0.377634460974745
0.506884648929795
-1.24732729432222
0.753882951938701
