0.438172747110831
-0.316193268427182
-1.1843576461727
0.295243291580646
-0.837306813844739
-3.40933366892186
0.312279201880956
1.62314004911116
-0.468151835233413
-0.465294556477991
0.725871834281872
0.546461120976208
1.14033176430587
0.22714363545589
0.92302230463044
-1.09723859747323
-1.81200558733005
0.0596706073910266
-0.699717870829594
1.03371583321786
-0.461920152845062
1.75936650927728
-0.0740059459118888
-0.505189274345777
-0.340520868804653
1.54867544257035
0.997167424386746
1.02955815575926
0.996381030573297
-0.673998989694416
1.65345852571338
0.73996215369975
0.817310530535052
-1.54199397673676
-1.60512069566715
-0.542716808374511
-0.400175084515581
-1.15204110765968
1.47659578930745
-1.10794514285213
0.065755072717056
2.40286544860197
-1.3008380777374
1.07553161510292
0.994805656593016
0.805617112933714
-0.460853912216993
0.652119647857248
-0.453163911736692
1.12217190670271
1.37858608383857
0.0716536537843355
0.952539253325211
-0.139141133406514
-0.29420292222417
0.438457748598893
-0.885935559232201
1.11203050185282
0.317064454586473
0.927898855382491
0.50547057596207
1.6829424926862
0.899083104437827
2.04594312723745
0.870880478833349
0.390488651503177
0.632973496834315
0.652493901535818
-0.845053238740921
-0.50770490887539
0.478082850370382
1.32836887255862
-0.20160273891904
2.27451829326947
1.96470152809562
1.69656764973596
-0.598707837152824
1.18456358889282
0.611017508023131
-0.111640479517248
-0.120644352010983
0.683010398042625
0.0727939356922995
0.756302869863573
1.95447083789205
-1.08235985489049
-0.802989970518553
0.783951213281065
0.64673012355183
-0.158363238170721
1.59425417792883
0.038413526590775
1.75268551025427
0.636423022136115
-1.38199819161726
1.48817174952088
0.761345595995654
-0.63945091033347
1.26840186150599
2.32317163752987
