-0.533758419319539
1.68049737998954
-0.0641041615378314
0.185380717815313
1.51269909620444
1.76941649852882
0.3275482030721
-0.963810819235549
-1.06367644683129
0.809453223059822
-0.647213559779005
0.493563478059506
-1.39164690539084
1.09807336179446
0.773906317521219
0.107391798813258
-1.18940889798672
0.962924100952297
0.432489455664636
0.653967944002514
-1.15345350474329
-0.041643544628341
0.730251753270373
-0.42566948430986
1.77126513402172
-0.397546871265169
-0.0864975169814526
1.20264114356509
0.0998564347603148
-0.999938389584237
0.814580003007398
-0.0282351633724369
0.706603186893797
1.03313551891363
-0.208064451801002
-0.44213140350313
-2.04194998690289
1.03907981949235
1.53521985670614
0.614945348433478
1.83899568911157
-2.5830095114876
0.449172410889735
1.48578688126974
-0.913044442432028
-0.134936640083049
-0.00918495356052038
-1.1343573629763
-0.431625254195475
-0.332906542050568
-1.68996273597789
2.80580160975411
-0.804016419492863
1.10302178485524
-0.621135339372362
-0.467668333238561
0.26644152491639
-2.36654836859801
0.733771749211864
-0.924524976507332
-0.154613770072989
0.258858687485918
0.70021132766043
-0.866878389646475
0.439513268602235
0.477475252947168
1.33614714034256
0.193715486529479
-0.259582245186187
0.252723382428565
-0.00859104743842398
1.34995369852314
1.13989505676779
-0.00805617482081722
-0.663206383687613
-0.285505832637025
0.956698010371978
-0.567755239800996
1.09241219742114
0.145654341200495
0.273593747737247
-0.330115744512244
0.951700156340569
-0.534923831596004
0.193844844854989
-0.174450081564719
0.400323789323992
-1.62764189978656
0.378297597118808
-0.801367762464361
0.01934154622169
-1.1164187274537
0.412780713258619
0.624178900176719
1.6235006687672
-0.911556107500823
-0.0411989083569801
0.572286385960869
-2.11925468954178
0.502251953470967
-1.61767093148441
1.21996062113862
1.26031351900662
1.18842202320472
2.2190023013086
0.256939079503699
0.412989864232343
1.89673902764525
1.14928432462511
1.32141130330185
2.5716035514511
1.55059510348332
1.19494961213057
0.186674657377158
3.24765656547254
3.03038441168783
0.372371255500159
3.3416879778141
1.68649143119928
2.52585028085231
2.1448009513756
2.48006508313517
0.746409984915755
0.213965038074248
2.85979896548208
2.71847930718871
0.207919023006265
3.00096045772588
2.66478948593786
2.49829516253726
2.61587478138252
1.26489464113534
3.6481889974943
1.24252946746974
1.80518783855344
0.888240390660497
0.319173166042951
2.05458777828577
1.52264756170135
0.380519298038025
2.37232487929452
2.36941122237705
3.41684569639437
1.08503699438744
2.41062927708511
0.411294670747099
2.7374666430367
1.87739020849133
1.71897149904978
3.3644534590072
1.52962734452111
2.93656876897005
0.778439727017499
3.24490966543951
1.46507494838123
0.760060303198258
2.51127606400026
0.934780403784766
0.203262066773731
2.40184903178222
1.10183941713364
3.95754703924652
3.12268393576389
1.8043048508866
3.78810676019029
2.80311993289263
1.92874515563172
1.19560388774597
2.81542962385777
1.96660728642682
3.89968318839446
1.46524708378689
3.0477236747285
3.10878908638552
3.05629059158294
2.2468895866263
2.08496807344662
0.988894792858805
1.76061415669876
2.07105338069517
3.36291634063533
0.943108785165021
0.775144268329998
2.04175259901756
2.55548621893434
2.9561516216988
2.37659413223765
0.236373060720022
3.32991732650935
1.85315310764457
1.88060842287236
0.140161516025023
2.60552621019603
1.97523963835929
1.9292831274611
1.34544970946523
1.63905798196418
1.22502247101103
3.06101726129145
3.12456427250356
