-0.380280002363536
2.37562655144517
-0.0595824346308463
0.992437407170376
1.20109266812524
0.32194078274368
1.76688090666411
-0.135959528864997
-0.560138178980131
0.490724600319903
0.576762557197226
0.690566729218784
-0.233363043579551
-0.218164787623761
1.28237583627231
1.47712649663983
1.42208279077347
0.628106812564068
0.529461935528858
0.0501148721091379
0.65630746215047
1.10118513648732
0.0220034589114226
0.251182654313812
2.42234160142592
1.29304153305128
1.22085803822793
0.873894073303761
0.287555338797747
0.366351969095899
2.09401565749464
2.32068473379739
1.19316658978378
1.09125001525804
0.52181571417577
0.293673532704889
1.12277890736178
0.488414118539698
0.952824991338208
1.3131132633504
0.420299440764236
1.15738880740492
1.43987096002659
0.62129485456823
-0.0273635813161681
0.654280854207116
1.25144078381745
-0.23204957932844
0.27754251476261
0.451004575195601
-0.133112609560523
0.843983834641614
0.375385527104381
0.426243603627404
0.428843791915103
0.535001216679435
0.468346638347164
0.76586849043978
2.5765452094165
1.12798716556715
0.837409280524146
1.7331644330939
1.35983827053969
0.696705375689002
0.674974888342541
1.41381535613492
1.47571797351734
1.69046520023962
0.248400227958199
0.0594043493774289
0.847926159972342
0.376270261665813
0.847253151960739
0.916525507318639
-0.0972412238189879
0.54241353186099
1.92623450728979
0.368275123868574
1.78494477375309
-0.578965639365929
1.38965460712811
-0.285427542642802
0.165175183515397
0.798658759831551
1.30088115191187
0.507525033126193
0.683800745129489
1.07878546282755
0.241705065285445
0.920405131508348
1.1093365935024
0.502571220028998
0.704947090817739
0.784392396387354
1.47468084457571
0.13025106655807
0.977767829833923
-0.315652486393172
0.728144390460886
1.56661530518981
-0.0888479271511695
0.406307392554719
-0.113076935420463
0.471694602114922
-0.141435377814283
-0.088419872216581
0.799085857165395
1.37809399616223
1.2813505737499
2.4215939170827
0.912623912068988
0.66764106708412
2.29211495728434
-0.497494195017775
0.125809852315116
0.713559272493404
0.52259993824479
0.544635538250496
0.0163259639222551
1.21788336067118
1.49408547272106
1.19902451081089
0.852740656964994
1.01854487092872
1.32017641538833
0.350267711981087
0.493867517054512
0.105759195436287
0.605575943370339
1.87085751716251
0.965151216299467
0.353098864798689
0.848725793202318
1.42312868852467
-0.452031797526115
1.83287605566281
0.755312108226713
0.127131010312685
0.784165768352405
1.22413683109309
0.357962330389514
0.653756495243527
1.07912419903682
1.10768494300894
-0.246122220290328
0.798999282837706
0.997514535135802
0.501709523756745
1.02332037614637
1.29136058902503
1.18552473486934
1.13146638542991
1.54822734686104
-0.103090386916917
0.46449299639067
2.43089447067776
0.58699978523738
1.44744036587477
1.75772917396898
0.753209736423434
0.64286196949247
0.141112811334286
3.04243063336557
0.29106168444148
1.0777131388301
0.591126263296284
0.7831935632379
0.795620446129651
0.454698428513827
0.616724664338981
1.2351507361635
-0.495141082213714
0.877250424176485
1.39255363542382
0.4468314575168
0.458422210530063
-0.311417683092185
0.633739004738754
0.423229077168873
0.116324056636442
-0.0595709164951805
1.12993498946672
0.727717360135908
0.0431711219650682
-0.0213328988020886
-0.686396720138426
0.554929413509349
0.178637967889356
-0.323864861433068
0.233868056506935
0.514726892359426
0.655215770068389
1.41366597985502
0.91634425726133
1.58702067683192
0.377706762285802
0.863139178949414
0.174132673581074
-0.447344881854078
0.171612528847736
