0.200805146264464
0.878017299278778
0.579510845847139
0.52159919013197
1.08474144204847
-0.00932426904234729
1.27501740618126
-0.25191011306607
0.510481447975734
1.15733517557193
1.47019905130404
2.22580329299687
-0.0793211575678535
0.644381676719485
1.0457003667536
1.94883631101863
1.21180241079058
0.736358072097337
1.16540375756499
-1.15904578105351
-0.0840245169788582
1.29306137963849
0.823390990156588
-0.0365354330734224
0.974210690158404
-1.16841531662646
-1.03815348624713
-0.0479004718940693
-2.05991908869179
-1.00960044677915
-0.628078858808145
-1.30136210913265
-0.654609089383129
0.02776973879948
0.345440432327476
1.56021232195929
0.388649521585323
1.44645181617436
-0.142065648037432
-0.280421763931186
0.355481544132278
-0.950950137542993
-0.355331531835833
0.385697666890501
-0.0719590664697183
0.603474956019722
-0.83373407081251
0.0611872919650782
0.961855053503828
0.826152277839838
0.831477470226714
0.977935845127577
-1.38476528075788
-1.57148792966341
0.244233882743104
-1.57388168786933
-0.0182455697207105
-0.249326247071626
1.86872111702797
0.185535225513691
0.255865206903688
-1.84299282540508
2.06711813134709
0.814288867151356
1.44374854288338
-0.511985520280589
0.838455300617692
-1.33399879918613
0.326346881780651
-0.70521806512601
1.48791968248818
0.351227114935631
1.29327905401212
-1.08135866058019
0.379314873733511
0.561584579441157
0.399242341078176
1.55011786418678
-0.805433499893638
0.416492982072886
-1.63644796894423
0.258725417213439
-0.243960263776385
1.29334630709946
0.104666734107004
0.117656656091108
-0.115737541818973
0.674343207835977
-0.922286769786876
-1.17106160040724
0.901221477313524
0.749575954046834
-0.686767834311855
-0.331982232857321
0.489737163154272
0.775088437157291
-0.824499999159431
0.828218578862079
-1.00655829821935
-0.236947733095305
1.51849087490478
1.42292847536372
2.62827893873268
2.98858227525006
2.26320351278221
4.17872773671447
0.863861852829248
2.35932399228573
1.25944523311074
2.58802830920982
1.41883566954945
2.214129961988
1.20768773553471
2.77052144916615
-0.655473402992455
2.60487096424929
2.04130461004317
-0.0254444896250177
2.85969039732225
3.02245975401579
1.68410662069083
2.10716294690992
2.74837094179411
0.735401206719929
1.55910804395207
1.57242457533554
2.35001624468823
3.19296481308767
1.40414680881094
3.33024847888105
2.79732395414614
1.11618641465521
2.28898223604412
3.1532843919955
1.5486144155022
0.384298336002452
0.574406355134462
3.05349091406308
3.31136299382581
2.83585462117235
0.345010088754461
2.8531447721109
2.15098685092473
1.09538876689665
1.62387366099279
1.56049706370467
2.05949915586412
3.69292091107761
2.17422071292959
0.126147858937495
1.8491904507634
2.75379831628464
1.20636214243699
3.28279589168636
4.50545389124742
-0.0990281449625772
1.02448151965025
4.6636344108076
3.22475197072345
0.940500784813979
1.71809692307947
1.026216248608
1.90606896462582
2.96564910367489
0.787617123483592
2.76605877323945
1.51497235861497
0.514851646164976
1.75851606664559
3.5731606742081
3.15808081263108
3.17206131168711
2.05787918803249
2.3371920858017
2.37843527026095
2.6721419758176
0.326219862764355
2.41599090519603
3.241133451903
1.36599481302947
2.42461948637776
0.978673159083099
0.952661498392035
3.01361165198417
0.506995662103306
0.576067101525972
1.21592205845308
3.47067940071874
3.28244707350499
1.83373554575767
2.44463320522872
2.189734511665
0.522790317778214
2.52056672045827
1.69218491243164
2.07362948614349
2.0013265549224
2.52557885134318
3.31130953037821
0.705215314637171
