-1.16499082798822
-2.01771134857941
1.9642735099993
-1.32107314200896
-0.734768078511654
0.870336090455799
1.90685563126475
0.482116373187752
0.7944055341868
1.02403716086458
0.408783685035264
0.515351582726136
-0.660055849847721
-0.765711051642402
0.896249469963551
-0.660859446946897
-0.348085860149691
0.523025464018219
0.445021356684031
1.41987601212508
-0.736565367729857
0.335221640209288
-0.68176028783684
-1.29222247411093
-0.244836874278366
-0.996159821231618
1.27194689904521
-0.753440971947913
0.172755352389143
0.228882502213612
-0.580889520555237
-0.613363375629042
1.07687399711947
0.912016565821712
0.0554190541726173
-0.672201619188603
-0.479859996686575
-0.382925923349506
-0.210366161021913
0.0993622906378277
-0.0759684599941105
0.730858600933832
0.274855500081059
0.381064254558656
0.399841424612234
-0.254736052262283
0.130880900992246
-0.233263748505465
0.38936425714196
0.777418387043197
0.911958662584899
-2.7247834340684
0.955660363696039
-0.645132886525806
0.522966596011637
-0.965915775821232
0.0359604625747159
-0.753926579172886
0.636386416969802
-0.951656415565836
0.00266947297657443
0.44508261999647
0.861440964948292
-1.27776537603707
1.37701184332155
0.28237316978559
1.01208189992346
0.667335130275989
0.160547033754399
-0.963394589330456
0.163418556886742
-1.16701523521585
-0.181720222925941
-0.191233346681337
-0.0326075323110481
-1.4734905813424
0.0965106592917955
0.156625968909695
0.358779188630234
2.15882635092048
1.26062426842198
0.110136638913242
1.17396104533327
0.629374424305869
-0.602163384251493
0.317574224931279
1.31380182513982
-1.2958798511438
-1.97234252559386
0.0595071550089937
0.60537257855115
1.73032636023325
0.483284175889616
-2.07084040542908
-0.265237163596427
-1.25639227725516
-0.636037783274345
0.0680811278639551
-0.365373976274019
-3.20982481481549
1.72364255235403
1.39176115886018
2.30158893399904
0.650248036610434
2.61109333347056
1.68957540533172
1.9938327179207
2.72752452218487
2.80127368110312
1.59337812335451
1.54913950180434
1.03166051302381
0.228398099926814
2.37041383031153
0.989076443813358
2.04428664220265
2.2132238966076
2.34443565117968
3.1020392029386
2.25204775453592
2.41150126655649
1.13045066644521
-0.304197903553993
1.94826943911082
1.77722575935187
1.48588836699701
3.64254249436213
2.97448469288024
2.33267742580493
2.0273433455418
2.42726815658773
1.88891792329172
2.27280417963799
3.01632391765598
1.60214696961124
3.5938122773995
1.69344283365089
0.763831079340082
1.68564521083923
1.643624533606
2.70015579918471
1.09117708404869
0.702010226404059
1.65526102431942
2.52845881690011
2.30422198408525
1.76201356217572
3.48500219573082
1.62465161300279
1.14254237319985
2.10588577415435
1.60743400111014
1.09012373382172
3.45589766249721
1.242736431043
2.0491338743692
1.35718947819526
1.81568126157335
2.90970680761429
1.44644894503092
1.59584820865503
1.68277740851096
-0.00570194348845554
1.66157494245315
2.57987499817789
0.319944614812262
2.33629745225881
1.10699708819145
2.40593121253359
1.27034923394911
-0.0771109959748659
2.11999309067014
0.203537771821404
3.06211631202687
2.10631885262588
4.23004974443646
2.66793277008152
1.68006666742047
1.8844562450776
1.94957719080418
3.75664193347783
2.84027860742672
1.57070151715725
3.4235397980402
3.98455227105587
0.277516300672244
3.29768396116818
1.55831699464214
2.00946635939121
1.80244977919862
1.51507741815213
0.424869858992411
2.78846736016006
2.56024935096465
2.45468001062413
1.94638618594737
3.28047077768851
3.35709865176579
1.52138462603897
0.156838282002726
