0.335593485331982
-0.660981151873485
0.438850919719413
1.20280556379353
2.10785913675308
1.71420807249549
0.448039016289582
1.10647419984926
0.0806499372010545
0.461241261088999
-0.316032702680696
0.233619875223949
1.09438469261324
-0.214382476504934
-0.186866851862909
0.0782121443303731
0.791680658982848
1.53352983150109
2.29701431647788
0.758389503450716
0.883116952781151
0.86777869525263
0.657792396011956
0.0793821407713528
1.05928793296683
0.8458865896166
0.255628977441581
0.301955280886485
0.803547343479659
-0.0788079189374179
0.180986847492099
0.358266965848751
0.96446956954741
1.57217200291122
0.513660734826153
-0.277056092020447
1.19738887561702
0.154329898799245
-0.0720734028847725
0.838643170125141
1.45976905337777
0.694046824099646
1.60000406225983
1.1957388649929
-0.337809559554877
0.0774093940100818
-0.468343379112788
1.09034390675505
0.713747170392235
1.82690440085885
0.267018155035845
1.01379065725326
0.716082293973278
0.859320456289096
1.18816823464888
0.383982017989978
1.55192050996066
1.09043400366595
0.534860130366579
0.419408462450712
0.744483951525316
3.13842128747446
1.03538781651134
1.11278647513416
-0.0839908567506847
-0.712175999990744
1.02215792969367
0.902433589767316
0.380566890214606
0.699412550105475
1.08527693830464
-0.0519980764134387
2.2768101849509
-0.115596971244059
0.335200884827657
0.332698555045447
0.179552380617311
0.94974337085861
-0.457325377285344
1.13707950780907
-0.313019128222931
0.639460532659122
0.596657960828854
2.43175694274565
0.242141817649443
0.640752456897959
0.787315874947359
-0.225811860309984
1.77439117281329
1.94490364328074
1.07824821834539
0.656942277597487
0.121543698279791
1.23910350621536
2.34986440094205
0.852325090495827
1.34570586710224
0.167742978273156
-0.0957906191560267
0.541527421322687
0.853274668207592
0.150082794299552
1.12026184492694
1.34782320637881
-0.0835256045981573
0.343095799961416
0.936972164194616
1.05022794646962
-0.0503235737103615
0.0216774188720534
0.471046693838504
0.827316892086044
0.816258968984544
-0.0649002421990414
0.562789959346645
0.89461808972101
0.70289473204274
0.467082002342885
-0.197169333273379
0.414670264812736
0.363497612800771
1.00607422718361
0.593603476445812
0.874057719098552
1.74479795401476
1.60694857776304
0.632961820303686
0.868370214444422
0.56842889911229
0.423757927989747
0.800968466199302
-0.691813234832678
0.408391370104893
0.0454432191090328
0.259377330574193
0.519083713713865
1.37964238295992
0.742141014089151
1.13573052447493
0.364676891771613
1.28356184006724
0.612221759428545
0.799658473455835
0.382555565466793
0.462767354015556
0.503389149766449
0.435535547625708
1.16038270263864
1.15063238435898
0.00173398989788434
0.388523751149371
0.722091046146271
0.800558167240918
-0.473037781643506
0.33571346379964
1.08791467763262
-0.0140908978267543
-0.155664596427447
0.499811710377434
-0.620927739475114
1.60673004334716
0.257103160459582
0.462757205119748
-0.288607783952754
0.921197133263866
1.06740197351824
0.751631390920402
1.02599028895808
0.205654446316188
0.101161310187099
0.41145715881697
2.7772298773864
0.40678985745941
0.034372132941173
1.00193493887784
-0.499780342506535
-0.128313814858014
-0.254313239584398
0.520712368345701
1.29805612419155
1.74248491948966
0.814608682169175
0.938701004822404
0.631638948309238
0.184980161094126
0.541071914259696
0.9471114224362
0.0769065060145973
1.71677288530554
-0.356843630364628
1.49101358610186
2.05195156336151
1.01106254909719
0.344693020196732
2.06225511083575
1.74215065292265
1.10275434068284
0.581274225831944
-0.101714770080773
0.728542759799259
