0.869969175231019
-0.801112787343106
1.11717838450972
-0.370330817294427
-1.44020768736
0.852294768185119
1.86669237691529
0.864850781153614
-0.47497083506035
0.583203818570493
-0.0238340618809974
1.04124777197617
-0.88385587398065
1.78126822145312
-0.0718604496046372
0.155546321219887
0.285986986174635
0.651791957718256
-0.707922595924804
-0.378445988439826
0.438665299308117
1.7206823718958
1.31132704166251
1.13364792718788
0.926901725484277
1.24106524821078
-0.535186867990643
-1.02459848029568
0.0393544616883725
-1.25831781481128
-0.220555719205419
-0.914592997614892
-0.37937057656374
-1.09452353238163
-1.27424249301098
0.288370830996616
-0.252699935422186
-0.521044001974622
0.500880856345226
1.12046629853704
0.0120095851307892
-1.15346405981151
0.422163261952192
1.49347774656915
-0.569677154932131
1.8030648826996
1.30927019921927
0.413136397096554
-0.772065196677136
0.457607344991307
-0.300119808560143
-1.39247946214181
0.0345818974885609
-0.0184852393797464
-0.375374128978311
1.446292357283
0.677607002171112
1.4382302343369
0.493053287430554
0.753215585163139
-0.473645134351142
0.718382659022118
0.352820607824567
-1.78636303811593
-1.45324116548821
2.0145973742976
-1.15212022401753
-0.166760986948939
-2.32980930876169
0.793880718503225
0.650804291565598
1.23583824201074
1.53201464833691
-0.387486498795149
1.5826292207998
0.928127202472328
-1.26385356727942
-1.12374073264608
-0.61237357314936
0.962706178430896
-1.01641773371114
0.787123002811007
0.152130176997757
-0.123963569974211
-0.630111277949216
-0.406297215851303
0.955862223905969
-1.52219898430983
1.06106870736567
0.863434333003018
0.197049464510228
1.45125887423006
-0.0329985777569559
0.707589628571012
-0.488553219757881
-0.501372226381097
0.347742629316655
-0.900315496383677
-0.427106707597454
-0.884423254514219
-0.651448922110343
-1.02269566766874
1.69657560860207
-2.75750095164701
1.47970954629099
0.682570572034039
-0.902479529607804
-0.523244512834443
-0.260448095969709
-0.343600633595779
-1.06838356758535
-0.271846004012688
0.168492570956164
-1.36853604783817
0.595928893629822
1.65857017900402
-1.16036101509663
-1.05429638748981
-0.0220348270508548
-1.16192709906848
1.12492022226778
0.999425519987064
-0.233496288384584
2.08626117593587
0.350584391980989
0.169620681858982
-1.42752278389267
-0.614050125645249
0.139966444376218
-0.611719991807178
-0.096288540605445
-0.0894533326740506
0.233273352942203
1.23176602637912
-0.565441147607578
0.236759458650819
0.817899977368069
1.73044765719235
-0.247382696596409
0.157446122831478
0.0835566925974193
-0.734429899427639
-1.71046383203202
0.440667687162188
-0.101212552851287
1.3703004331445
-0.528992795997973
0.670405135741311
2.36605688320453
-1.51520763992286
-0.113527041723501
0.112571164597827
0.516979288593055
-0.737451112350601
0.744040592574832
0.483876738747938
0.964658026248913
1.56566801879713
0.383853046521213
0.152552438738257
2.12118302498996
0.764905581503358
-1.0267528167508
1.37484943881714
0.780139678729602
-1.8349537269307
-1.8966635328835
-0.842950784981064
0.302170675840275
0.295269012966607
-1.15174779310985
-0.299512282829395
-0.215837983370015
0.84040241584929
-0.736355898690384
1.0956461693439
0.344825265104126
0.686341299379778
-0.121698219829811
-0.178355426481836
0.245340536465488
1.54517023289148
3.08858605305172
1.30734165714607
0.597634310237244
1.05832258774517
1.79240931580253
1.9528720796121
-0.78217066282283
1.60806645071004
0.810544933813736
0.1413450932058
-0.142721301722387
-0.590562862511897
-1.58589536829562
1.18020395477181
0.636184977157598
0.0403446486210047
0.317221726666038
0.33971935356672
