-0.757459838839019
0.765879774211957
-0.26711788690311
0.43882721073423
-1.63012780102008
0.390083433961468
0.812019458300654
0.16135398413404
0.214902771858791
0.586461622167379
1.27045521558504
1.15194407859779
-0.390733938220445
1.79412953207492
-1.42455691534162
-1.81071886731799
-1.02034023491821
-0.381063232853998
0.791506108412924
0.258840381851916
0.496561147572408
1.23112066481611
-1.6570308488108
0.27932236232773
0.235349456539991
-0.396328697673636
0.329776587081814
1.70928632128852
-0.129786787520247
-0.0287552998410722
-0.366456164588576
1.74678857480072
-0.215968112990423
-0.250704426175455
0.93751034750125
-0.834212780962922
-0.0518293014326152
0.96309905825989
0.436145392296813
1.01527753334358
1.3526898237463
1.29345515826881
0.322470259925285
0.98266315715422
1.25080169111651
2.05282457143363
-0.214055708872356
-2.95232777916936
0.400134454984398
-1.57582020664439
0.211704161235645
0.922834203530829
1.88231898586507
-1.5548780637535
1.09724725019774
-0.800559245177958
-1.1941716239462
1.23135539832461
-0.663074231071591
0.341220420441597
-0.908866044546819
0.442796697820883
0.0595868784716158
0.290004019513169
0.0428389342895525
-1.02714943562575
-0.986028648864898
1.46128366702331
-0.809030585688182
0.835054735889705
-2.1072930643079
-1.5527066752449
-1.97451311013175
-1.7211482229956
0.88392685578396
0.00307999667233943
1.37119037160768
0.423935076999124
0.886166036064962
-0.768303744942059
-1.05222173205641
0.25154677231353
0.335592899972442
-0.851350812632185
0.460621793936079
0.404333407448413
0.479942971366947
-0.207399500509554
-0.288915149730261
1.14786447400557
-0.93279276058636
0.0416187358086702
0.654632548619197
2.15004283666322
-0.164136661793907
-0.176629501394618
-0.907737437893461
-0.483069986247253
-1.12124058116119
1.52533295234277
-0.567353653891773
1.593315998151
1.21616029754525
1.79070759902327
2.21611599477455
2.01309147306402
0.433529766559601
3.20619725781563
2.67772552148693
2.21393456387656
2.50678484126128
2.5774238173246
1.83449204610364
2.13140824384381
1.16520313169914
1.57228129634436
0.746214640220107
-0.541494031265512
1.45772899477492
3.08927452016379
0.925021651352124
0.992612850008059
2.45237353408432
2.07484992921218
-0.243361340088609
2.6194162828567
0.254374570510349
2.19590298337572
1.08437613730896
2.09978167979482
2.88173034763341
1.5931895623949
1.59211816519591
2.09465865443772
2.55616179488657
2.480052824623
3.06499172102662
2.8655918978601
1.85825412891583
1.94430317190944
3.91420259747873
1.9248915422164
3.60925163152921
3.49021939934021
1.51446382344634
1.4505953895282
2.24727637440842
1.84899716412972
1.9118054409119
2.10926655736856
1.1740001193765
1.26594594696857
1.52289179006239
2.17664377505359
1.89743498240127
2.90090947682703
3.09329411774609
0.96360189550739
3.05649184227354
2.54587487119358
2.06290128766223
2.41278241898504
2.91478957892615
3.25567241083304
0.849326417872188
1.45174966507828
1.69466690381093
3.07221659313036
1.56800163973164
2.66061990671839
1.70264664644294
2.68533420532077
1.3832961509663
0.768342165204014
1.8549871803207
2.86402991911869
2.09750317923782
2.50943263981735
1.17159211208981
2.17851803769753
2.22668442551294
1.29839319296087
1.73922395358328
0.865728765603087
2.96580828990758
1.21554753705204
1.76027723323589
3.04104448766292
0.914469340354504
1.66029499619851
2.95417131835992
2.05474076395748
1.47157941764559
1.94391445694846
0.723567457166465
0.912256113013225
2.24355218317144
-0.481911734466705
2.21154709579008
1.49541121387199
