2.12645771149938
1.05455589858552
1.16674254532911
1.06165458501664
-0.457973074678358
1.20080564384503
0.768228459770718
0.576744865142641
0.0786218101676626
0.740450940200116
0.680036499552835
1.48785883659005
-0.166113528311717
1.38885298191239
1.10206228199568
0.177115470734122
2.51328122290309
-0.648836951017682
1.62766572637409
1.38704815354763
1.12678956031895
-0.365039804812094
0.0426127148933314
0.436827681248938
1.1685297912066
0.20443603728046
0.835042517316759
0.206072535391604
1.94005838915398
0.402570538977834
1.73106945054092
0.693800311714383
0.191986311716605
0.656731383667583
1.04197568827582
0.850811843116217
0.445112923357932
0.90804126762889
1.26930520520081
1.70206808525914
0.963670083686606
0.821903812331113
0.738039950343156
0.583156116154814
0.330217841469422
1.82165223494406
-0.00362798655210403
2.52824943556968
0.676603700382588
0.54514093809122
1.14507975483632
-0.564526543004227
1.05660736278698
0.212751521232208
-0.278151531254232
1.43790246578233
1.63493804204741
1.75035802170237
-0.0336921026792832
1.92609708083044
1.92321175997994
0.910355995907337
1.13588005183233
-0.0486356796051392
1.0280085763021
1.27507072835482
0.276005287712622
0.243458041260566
0.235946829556015
0.146421852004991
1.29185093802997
0.231746528768802
0.197971766236064
3.44462787413062
0.652031195602954
1.59859592479767
0.767370600216029
1.99559923191851
0.205363173231921
1.80733229224027
0.342564072919958
2.83486148467781
1.29403155771955
1.03853092061416
-0.416867148011371
1.05225022233662
-0.272106764409078
0.240667201311203
-0.20669471896619
0.792620255787942
0.402185939338168
0.717775192850486
1.62325059876798
2.35741227502926
1.55750329976965
1.01064983070111
1.07768179891978
1.08885021972609
0.950582923278722
1.20164314718171
0.524963616783508
0.77564414349494
0.23046785417469
0.205156613322359
1.95410081887306
0.602138621730867
0.15579275818336
0.598275228197247
0.882724174051269
0.820478039733238
1.5660843019359
1.42664083466522
0.065735978623392
0.878973698790467
1.03808156785584
0.0878343434027746
-0.0496476674928383
-0.0685707994266965
-0.717596230790576
0.232889815024599
0.658349564161591
1.28525645272947
0.700435648301724
0.953124371323113
-0.673922319244526
1.00849648984612
1.45628964450652
0.951995055773242
1.72380343918975
0.297070857029734
0.168998428640546
1.92503240942038
2.08058673271397
0.488300231386384
-0.119568302895159
0.942408913101396
1.37501015503122
0.389228758614285
0.233228107952792
0.843172246768403
-0.516901943112076
3.007961448623
0.171690976163445
0.997781258513372
0.894264005819024
1.66615385444721
0.841573343108789
0.180686544513564
0.713241153898098
-0.440056512979497
0.57075732427083
1.38449763340894
1.07262996804013
1.77541165774875
0.486928453460283
1.92451843770153
0.0992591835454314
2.87928746278189
0.908605209915752
0.586690881273777
0.306344278560045
0.286128571595839
1.4332528029534
0.166018434670099
0.253881986827406
0.967997285543179
0.18161086022274
0.273221506616289
-0.0581078801925481
0.639063638843753
0.695010997868779
0.443683479412622
1.40029781990641
0.0286830996592395
1.13155500236182
1.60140932114917
0.530106161301781
-0.0967185098851196
1.02202921534144
0.441910738523777
0.554685896480348
0.0488131195470261
0.0773649415199623
2.06602011805122
0.910608797644131
-0.56116863499495
0.509525824470641
-0.271642103835311
0.203991068125783
1.32583714180235
0.649668918462793
0.496272801605278
0.293530293272771
-0.307588299522287
0.364045622485084
2.8879793618402
2.27568110363422
-0.535781687458246
1.33046230198618
-0.912761858231835
