0.31788999560961
0.779046741615063
0.280359871727444
2.21348837040285
-0.161305728600068
0.502473765469209
2.45280077821373
0.954791183836277
0.378587979150129
2.43728444666021
1.85425471749984
1.92161398271454
0.260390048295962
0.992529105957413
0.82163808194697
-0.0391093063936369
1.2316341138706
0.609134120750509
0.148156506210974
0.605106730097656
0.54402465404221
0.767912541843959
0.105453481052136
0.979232995529912
1.49505630400905
2.10828933403713
2.61056743621081
1.16760063559675
1.11227858381067
2.33667130124704
1.33921968494043
0.967048599419697
0.650360317632155
0.312936563821387
0.320716759625031
-0.033894255490347
0.430315714555773
0.0556363275609703
1.37875508214391
0.784358348809683
0.613642970710826
-0.295841656975159
0.938337519509651
2.37100148058122
0.82118464265638
-0.00887400405510136
0.0542374767343978
0.723737810812403
-0.479054836624685
1.04571622304411
0.0564769236381905
0.317931726134813
0.926744487968994
0.91199280314179
0.565333413648019
0.789856437292308
0.838984642066305
0.429771962637236
1.6316711573595
-0.200764871388565
0.127821314050604
0.52750034040649
1.58864342367087
0.521539242090122
1.20758904093206
0.689655797943752
0.873008074251795
1.60115819546228
0.632562185484273
0.253425287675441
0.0343677433056277
0.640240811439359
0.553767790372743
1.31821422613079
1.47826346333306
0.628901576163309
0.56795564242165
1.60933158887757
0.262834752057946
0.275190393253353
0.335796262430608
0.791816330041051
-0.167932831391069
0.895592822569947
1.52484147864672
1.9664725944395
2.32080815553518
0.142782043857171
-0.421963187410005
0.583266343476416
2.29771282399926
0.550466303437101
0.401965625207154
0.928927202310775
0.842504411089198
0.865856287672291
0.318420465353073
0.494201324842897
0.743418110653225
-0.0381081686805111
3.27290747165819
3.40421542661563
2.85370849345783
2.75516477748508
4.01150467320583
3.27068527362046
2.90198883041417
2.94308271303892
3.02569102809624
3.30687075544685
1.42719535238233
2.74805754891535
3.55007311249531
3.3669573264399
3.05787203207174
3.81404240452213
2.20066530361697
1.99321798758872
1.91940097736369
1.87190872179812
1.71423447352217
3.18574211960281
2.23188903135485
3.48170445863761
2.53700602815474
2.14978419645256
2.42662716670757
2.2045282121413
2.47273488843487
2.658680414821
2.92611992477454
2.21945936749564
3.32825497406264
2.9031971183986
2.3435400565995
2.24102550421702
4.12369775770351
2.5804657434604
2.79489088192722
2.72733163652314
3.76306209635867
3.37626561216019
2.28054761823227
2.76946505976031
1.97112251682714
3.77582923960544
2.88229667866651
2.64034907350727
3.15912662050044
2.32988261107319
2.46942693213442
3.14654553133288
3.2726334957976
2.64727386025042
2.06446066293081
2.42826412095996
1.97586018755287
3.01336741838662
2.03595375279476
2.0593744010737
2.53173648736263
1.77533357849737
1.71585240964752
2.75552847436466
2.45486758844716
3.68681551565661
1.9187455267423
3.13730847411519
1.95655842107791
1.83099204448358
3.86134441237194
1.49595873451634
1.20362553622368
3.23328798577655
2.15247618329368
3.83678100468157
1.90210316234259
1.86666462334341
2.30836605960699
1.563248373848
2.1697533478431
3.09163862741379
2.31023441537998
2.73198988262002
2.43262372431019
2.75521899024512
2.00539065671453
4.23869371376691
1.43101970484896
1.48103883792745
2.97237666668858
2.14644546344769
2.44124930589425
2.53183466943152
3.79122045035691
3.47148490751534
2.23667625617017
2.00147536908223
2.86229679618849
2.79543167787192
