0.418811632114392
1.12650372206044
-0.226215158435305
1.60892988474867
1.22074573134887
0.147845249203843
-0.918125845611091
0.588017465031293
1.04075176931145
0.41028105996035
-0.0205680887117645
0.997254651354654
0.333012468629568
1.07015305140763
0.565886630711056
0.85934756770631
0.428827912885588
1.10932409813374
-0.198069054271495
0.863349924800277
2.18721370737436
0.887349922093471
-0.0259072764525399
0.966949609330332
-0.647402929046328
1.28814953669126
2.19524104590497
-0.0889754837462396
0.696088527811863
2.1985108937366
1.43579743129154
0.561845674027988
0.948270350340381
1.42271653427852
1.12069288521719
0.638283491738594
1.30391655009382
0.284062833081458
-0.236627114590574
0.121527497877306
2.18821241111877
0.889296578713123
1.1763765276564
1.22949016090339
-0.0336770608123395
2.10697503737672
-0.457702095091754
-0.0512801887350409
2.16339466192371
0.162272978934305
0.568882001467201
0.605399911717918
1.41171510670756
0.825976258306694
0.950438750974872
1.18858825952492
1.15951815757587
0.312697488399343
1.33154818871234
1.9754077974636
1.76922426096728
0.837243391969611
-0.141809327079388
0.385503437284843
0.177637463345969
0.524702142891005
-0.066522861112769
0.0932383550927156
0.868302245041733
0.960583224044241
0.376235527450125
-0.255511830476502
0.745609050772593
1.34597893235805
0.708257380119808
1.46988663732925
1.3701732435494
1.52414484120773
0.193618407542871
0.733261907559868
1.15971528264748
-0.27049588013896
0.198518082214294
-0.763708282452036
3.0978239245918
0.323619305565521
0.408913449540393
0.0164391135701717
0.0191010797312009
0.074376646220311
1.24332954583742
0.463001946582267
0.101719903976639
1.4882002900097
0.644663203672154
1.25108434956396
0.234113289383865
0.568780858857802
1.25725149485092
0.973918635994701
4.41476007968593
3.32360651059179
3.26655257256155
2.60587427801344
2.7919832749061
2.11381810659446
2.70498141841602
2.14129401471706
2.63200146594898
2.9812449034059
2.97147487848156
3.37077074773509
2.73494920584597
2.0452540895536
2.68933264026182
2.1026074012181
2.21128848172873
2.78542636485829
2.7536773666289
2.35603404643725
2.79751465557722
3.60962504860336
2.33175802602481
2.49271438477551
1.80590713701498
2.55801757522238
2.27942837111449
3.15422116809574
2.78384253508903
2.75602062642826
2.33007983271638
2.0841049630239
2.66416293123564
1.75768624303991
1.99688184553814
3.52893209588317
1.93634530729018
3.34490029287555
3.18057710882313
1.92576192736935
2.08393749183417
2.03576086250739
2.16048223791688
1.7638988702642
1.6773456867219
2.29813741172921
4.21860554077366
3.0819382074187
2.46414676945412
4.02331634726396
3.57927729113574
2.02463736812609
2.3436684242448
3.26783062920262
2.79176965873306
2.1333572086661
3.34110119864035
2.69454297615738
2.17324116342911
2.81299377637765
1.78902981851566
4.10002736276526
2.30285132627029
2.29431659378447
2.26958123196932
3.14043619978644
2.83959087145298
3.1766273824241
2.97346647697194
2.12885361448782
2.99031569481423
3.25147616464264
3.04247508691388
2.65292765623967
3.42793106960718
2.48357736370141
1.80862905406051
2.42045630519291
2.49213954281611
2.69523518405829
3.6167672192895
2.33385022736712
3.05744553874306
1.67484397165052
4.00425312231824
2.57707377958422
2.37701850344775
1.75951147807679
3.65245808334898
1.74705175409621
2.92548973866394
3.26358393766423
2.16948076541794
2.345829223101
3.24133820853514
3.12629128968922
2.13958005476679
3.47892316504719
2.27408741336174
2.53850170028389
