-0.171021621779392
-0.172831756718439
-0.71959499348979
1.01777897210271
0.613505616871789
-1.59518236609775
0.0238501562164629
-0.541454731444837
-1.25889861005559
0.88494950174496
-1.61427934002219
-0.330934601947549
1.89419553708618
1.49763814215406
-0.774995994372701
0.105181180766798
0.117786042752531
0.488427257782912
-0.559381761372241
-1.99217467052603
0.207821970673946
1.52977859524533
-1.32569622068832
-0.541881448515554
-0.322928168505437
-1.1566596760005
0.311653128360435
-1.18527300539892
-0.961671953729616
-0.483357488602195
-0.891695595822796
0.252215101744896
-1.24248026725601
0.040158969970606
-1.15186315017708
0.857599294972123
0.868533422030632
-0.1129242456273
-0.825711154615973
1.01094512637341
1.48530128085689
-0.494417198166252
0.861768918503101
-0.271254090520309
0.096221581357444
1.16500127406637
0.28374732287441
-0.477781353058511
0.757558719085124
0.0720323311708315
1.95620379579163
0.353559782977887
-0.0855319707669268
0.854414948323252
-0.617105075631058
0.19849489484971
-0.948044989498377
-1.55505661355539
0.787177726604188
0.476339393224489
-0.13689403355802
-1.55215791725403
-1.64821402280213
-0.453542806814775
1.67119082693029
-0.81809801183152
-1.02623615090454
1.08549781014072
1.35221450016805
-0.811021955950863
0.18638588280342
0.743311752952638
-0.63168286394558
0.466178594674945
-0.130394423531893
-0.850351555809288
2.08926820343651
-1.19497569126806
2.92421116495048
1.21330646640045
0.626237261981101
-0.379736077885509
1.98555821902479
1.66814701258639
-0.357163529979514
1.92902861419638
-0.915837181221151
0.422504328006774
-1.81410613724964
0.290243383970498
-1.31523619348413
0.193626634038456
0.256616646110031
1.99808190798216
1.365339125087
1.05420324812377
0.70268725888081
-0.0450670422905564
-0.249662324226737
-0.149045824866423
1.40611700017569
1.21406273651298
-0.499980274799064
-0.296138102251952
-0.0319670758720848
1.33684655785068
0.192356969703191
-1.26189870522824
-1.2948862212539
0.13215413474551
2.04614768932216
0.849370603028483
-0.806462333147119
0.896006192894134
0.624543338676005
-0.76862276671816
0.0556121252205081
-1.63362274099513
0.881148869979305
1.39537047492133
0.214135387045485
0.823921753054538
0.649516745074944
-0.788087014981147
-0.609630532121794
0.837653570597451
-1.48509872216674
-0.10113423577121
-0.364560048174921
1.25694446980583
-0.446428721478483
-1.25673805156071
1.62456597527486
-0.539403394391881
-1.79337642737729
-0.0179969463288539
0.621976745041767
0.446333692549241
-1.2460956630037
1.34158429973942
0.422858195479245
-1.43616535459167
-0.612697259459891
-1.67130681040512
-0.660690268176395
-0.189584786890748
-0.67374787292132
1.76882077624422
1.94514569650491
-1.58435450308065
-0.991760899190222
-0.95471268059332
-0.251364776682989
0.0604887874964919
-0.611706580777697
0.183695842706647
1.05859475251877
1.0448149062599
0.0681305205093664
-2.54456986855449
-0.0946538506228537
0.542133286696236
-1.2912308462097
0.0942406984042671
-0.361119480680854
-2.4275574413799
-1.81776572976698
-0.996758097109866
0.596748332606071
-0.836016801859257
-0.589737473425738
-0.522485594265758
0.678248213286639
0.491393390004492
0.0993873170362173
0.657079993019123
-0.230422503666243
-0.289065831082153
0.0306481126992098
-0.428045819787373
1.51014432050074
1.68016663221894
-0.0125292496169483
-2.88524256888612
2.05657075875718
-0.677270987525142
0.638557160389584
0.242061424856267
1.83645010976261
1.19785551200363
-1.15723028860853
0.189569647214376
1.53646506853553
2.09268308039202
-0.283824039528751
1.18351275495868
0.464783681416277
-0.07391606142516
-0.659396550455011
0.425835935203309
