-0.93577125217261
-1.35345503853054
0.408740870378234
-1.74623853139735
-0.877053347167797
0.393032055422488
2.91706165923693
-1.51195248006925
-1.05900123998511
-1.04948773483359
-0.131779070020622
0.396553193523948
0.992724974093924
0.797391260450496
-1.57419305936344
1.14185293585777
-0.663886244974277
0.296122619536389
-1.95662188177529
1.07919292272319
-0.985454943666458
1.32780117306402
0.0291755503336817
1.88764590531593
1.02870985029515
-0.805137700172871
-0.53405819853832
-1.32301459631852
-1.18068232600085
0.12046708298254
0.29186180033245
-0.999748820186571
0.0962881554551716
-1.25290886787501
0.121906217513234
1.0164742878696
0.275950168621414
0.70132551909439
-0.45048313811186
0.529547869124683
0.135864158948048
0.561990167755855
0.413627685406263
-0.867680880263581
-0.0890792989525149
0.853164152491035
0.911935168187958
-0.246494818439343
-1.17205410097349
2.06514974951708
1.88207454060369
2.61260111761271
0.149791834105579
-0.736172176846844
0.102520834765368
1.39382805533655
-1.21014186313205
-0.902628521896285
0.435233806781839
1.41286462522862
0.758105343758637
-0.354439035258337
-0.353903755866257
-1.03160654820418
-0.780529712801476
-0.461541069485296
0.593078510358418
0.51864668816219
-0.90151556605699
1.05469448164053
-0.790944379052584
1.8594561782658
0.949084336856872
0.527073086715988
0.0533626403310374
1.5039086563292
0.385980523383173
0.0925136899156034
1.02282881297788
0.174345158102835
0.507101400670962
-1.29029607869583
-0.553403715779306
0.872700899872466
0.576289425263219
0.0138146441618284
0.157461817988553
-1.88196917415306
1.23781393715683
-3.02612097519976
0.0314148873332597
0.129512722445185
0.862182918547432
-0.870827445963349
1.37785243396856
0.134135887480757
-1.34141565010914
0.345800523054429
-0.0517943870043731
0.400653164263082
1.87313199464844
2.38611904427373
1.16917880752918
2.71050554255861
2.78296907740031
1.05779000889463
1.79482834517065
4.458963239892
1.95833930944315
2.1208281473362
4.11751376806498
1.39846307339689
2.64300417413114
2.24346631936777
1.66814300235865
3.09972355959386
1.61642468447879
1.39622118406247
2.07356947731081
0.324480750626256
0.628032325029079
1.84552144621338
1.03388327570095
1.8484499076397
-0.0154914865288127
1.88877922697027
0.533961314796769
2.65839533836542
1.40926421526939
2.06140219894816
2.07566747642412
4.01107524450504
2.68955079961464
1.66805035021156
2.23778804430278
4.06312892241396
3.84840818116879
2.17663741263802
2.32424418490296
3.49032253451681
2.76072137795371
1.18856164508789
2.85087158655427
2.85238259750595
1.84242221409944
2.54636807952016
2.43809067971138
3.26337984331937
1.74225329541446
1.78820280707788
3.08499957600543
1.98471116535796
1.61213959581106
2.35636739491527
3.21998011952396
1.34890285702869
2.9353720752351
3.56999674387027
0.547024438268649
3.14543753586104
1.53941779279479
1.29747505195708
3.19974223779408
1.84039974546239
0.908284772866863
0.847291513756791
1.60599620020906
1.57528207303538
2.67896642989291
3.2643040962418
1.18666975532814
3.6281613645123
2.0205401643317
1.69780179996339
0.79012499531091
1.96195787420712
2.08444445158043
2.44419558621032
2.28117769024836
2.40700329606074
2.02667428276287
1.22026323536031
2.35227736901893
3.66326588140072
1.49509308282969
1.36302041558064
3.5610671896842
3.60290450261811
1.5113161665065
2.87070117973721
3.70584471122548
3.72531762652621
2.03740697928335
3.57835654675716
2.02205350322436
1.68412451137672
2.79879005685503
2.07381639040451
0.510573548852741
2.28952620633349
