1.61567230208922
1.24608183804572
1.81587142722604
0.598344243160637
1.73659514898017
-0.143748762070468
0.244955542641457
1.13503321861668
1.23258660304089
0.138338283878123
1.15816487290532
0.164715268955521
0.440308686112495
-0.885369072960577
1.7989151710625
0.0285717961460938
1.7760044576955
1.23276052742187
-0.104351751225607
1.10225882934797
0.230846798961624
0.227667222333822
1.45792951757311
1.99084658157919
1.49060288476911
1.59820538137556
0.229917905853359
-0.0101391728718338
0.613063383925907
1.68744907527611
0.224644279659258
1.07370319882908
0.00985042549206655
1.40172222551452
1.37016278054315
0.542213450423009
1.73854392552033
0.231392542313989
-0.371958991894164
0.531691783080056
0.237136575642504
0.585607293925
1.86209195059058
1.8524087055067
1.30196506127634
2.49528459394609
-0.0892024047602081
0.86768170574859
0.722865790222563
0.829111700495569
0.227915421535614
0.0472533298012583
1.75507517026963
-0.251835423049234
-0.60273175980897
-0.00267433891310209
0.562974027486454
0.42643146334133
0.778243365280304
0.309730250321585
0.76907422700243
0.556955318997772
0.647214508091963
0.358032238297821
0.877175447820025
0.954632475067815
0.71045886715723
1.02442301395108
0.524284788808086
-0.74936353309493
0.864957982338847
0.554947192530207
0.521729899910506
1.45042126194515
0.632676481509408
0.402141633278031
-0.255877904322027
1.47676717448202
2.0260140622232
1.36030372939259
1.29432886180129
0.0430083156045384
0.384539739752381
1.80218783934575
0.0561378906355104
0.254060367740713
1.59463124007716
-0.406377114360369
1.833787693669
-0.444638898140432
0.475650234580304
0.940295274357373
1.36804380251002
1.5663098915654
1.5857232600965
-0.449781503693358
0.211961422170278
-0.465537729498963
-0.155474371122961
0.803442402957033
2.80564404580705
3.02120118647587
3.04289033731884
2.03211586438833
2.31318292327442
2.16583087687697
2.93978449234149
1.59890777776588
3.4178522367625
2.21051560027314
2.4459657080426
1.91834502371902
2.8684590718667
1.89227884243534
3.20223342282896
2.81541901032549
1.98772752162749
2.69673906500752
2.65465062186671
2.20175390094494
2.82808740229242
2.89566561799593
4.66817165398579
3.23390576143142
2.15610533290929
1.7870838888963
2.78973963486127
1.87621548642507
3.29705684121139
4.42486338027863
1.24770489422053
2.67154346857043
4.6401619699722
2.4929992334748
2.59318207793481
2.30159697490242
2.31853514310079
4.31053263791847
2.49940499869944
3.19768268846687
2.74690449994943
3.05169493758811
2.40376066964702
2.0168304909021
2.11783277073019
2.62310737316128
2.53419128538466
1.53965668704426
3.8685994558497
3.51658357923341
2.99180822649121
2.71282373395739
3.48786292535497
3.56852150089781
2.17818715069406
2.07412065337181
3.88542061140761
2.30880368425351
2.72550532786111
2.5262701742463
2.80588009805305
3.28139712056495
2.11197461805092
2.60017788950251
3.09134118321462
4.52545311461261
2.60792218182109
3.9970768148769
1.25629241876269
3.37760960685021
3.75507568836215
2.51135532869318
3.50755299283106
3.23623835540571
2.35741191234568
1.72950051931686
1.77729551252338
2.2127037260012
2.70759633146251
2.4038386063267
2.68592243979648
2.82027486915066
2.28549403549347
2.7842314829966
2.61191580615897
3.02359729649287
2.72290216476525
2.48105067291721
2.46079280824845
2.5753237175807
4.25345202070536
3.03671058873155
3.77488509210905
3.34878419064681
2.00664892495407
2.16538796983562
2.85740748419331
2.08996247509661
1.7733564997014
2.0104134204499
