1.12200067764252
0.771033495261193
0.0334146675207758
0.305863220679681
-0.833590883172033
-0.80491526122791
0.585949451676555
0.589879889411113
-1.33806235422694
-0.832419814046294
0.476492207289552
0.757717091150692
-0.262094030262183
-0.434693818749276
-0.636619327468554
-0.325444943143354
-0.233760085340565
0.0734588305077186
0.175782951498868
1.73134407493021
-0.445796193575643
-0.838636954215459
0.407417348113215
0.486761378791254
-0.522939924222896
-1.01418138266875
-1.38154208997948
-0.694570400734747
0.63174109178287
0.364135386240441
-0.607493665959009
-0.429208230593808
-0.359153051891415
-1.57753453477066
-1.18015612621654
0.533953655393072
-0.576286002497531
-1.66922190134427
0.949068809510013
0.345668385093767
-0.637281840768044
-0.664094249587201
1.15792856196287
-1.04089402214063
1.12412507385996
-0.128660103226458
0.294222024778588
-1.59583177052506
0.419572760908183
-0.422860930319054
0.444931242910622
1.30453652036239
1.32078148657925
-1.65265810365142
0.179121518534236
2.14080885793205
-1.22444742612083
-1.09642067822744
-0.575514315520639
-0.0902705928098602
-0.654262961503586
-0.188216662398592
0.0363395975872956
0.896481861798192
-0.382436042839012
2.13039274689322
-0.994228564986985
-1.58665348596035
0.259447220188977
0.28127842540965
0.451454308818454
-0.357044049964269
0.122651485776256
-0.327745213350815
-0.0277741824454586
-1.12029366753775
-0.0975123100880955
-1.43411699023361
1.56207791402297
0.272709768119626
-1.98947860682552
0.148482485194702
0.303554097538934
0.801170992753197
-1.04073128718147
-1.07320625705947
0.0204167550992577
0.140754507479977
0.245413524761759
0.34235648450345
1.48073644616551
0.00335214848688385
0.195679376235437
0.311816412716865
1.15921836697915
-0.58464946511972
1.41138408381711
0.753680034066111
0.755677384444835
-0.337684263205838
1.57516731007812
1.54924685118906
0.343527112999184
0.727242042958374
2.10969115556821
0.856698798601178
1.66049388628938
2.56842459258705
2.22655625092149
2.67857238627629
1.73561965416029
0.960740741872657
1.82287641041918
1.395437960465
2.25234869678003
0.900003183357804
2.16269357604849
1.37370368426615
2.7863268549789
2.31996883496524
2.57852567296579
1.56560051936318
-0.0799335620335184
1.16580364159958
2.02780318623426
2.3713598457935
1.61526148169995
2.61839008388791
1.19202774337851
2.29023147293572
1.01610132319899
1.60481579734535
1.69226414544136
2.44776229332426
3.29178479625987
3.0345350647002
1.33596349162659
0.917321077740754
0.769211626367616
-0.323158987676617
1.76427744641667
1.84234790820961
2.51090441661558
1.74959385980727
3.27845547410909
2.06801346979109
2.49485751683081
0.311149698328413
3.2813047914622
1.00926225428899
2.9102581619056
0.401395862211231
1.65465092185158
1.30152827287304
2.14673112851886
2.01058569552129
2.2965941310028
2.6776392158479
1.59263617673082
2.97892348363254
0.767061883804401
1.82786758340121
3.76162480945491
1.54956380504239
1.64164525635033
1.88188408446737
1.64510417480475
1.87979186415123
1.96611710546066
3.30776150460521
1.70624284969499
1.17057726533727
1.27497464843696
4.42053182414128
-0.628985603821543
0.926642378088753
3.14147609245346
1.67731884982948
0.374976704454671
2.07709955344918
3.48887329253693
1.81216166182359
2.99440863822068
2.75227347502377
1.54080356014092
2.17574155203123
1.34055726238051
2.00333249259649
1.75226385542698
2.67688267848205
0.173787447101317
2.03524473936808
2.58216515304758
1.03601383268274
2.42064199117788
1.0434515554785
0.473488631035078
1.874576637384
0.839880994760347
3.10732803752573
