2.59480381976377
0.851882706284871
0.605213005419411
0.926869666389447
1.06677269916964
0.794874463343527
-0.391870088630959
0.856859098162163
0.769632181556638
0.8919041860561
0.0512533957377598
2.26505695038783
0.243521508561173
2.34152358271917
1.66013928592022
0.138628226316358
1.31307172704
0.0702119343721756
0.14743820953061
0.729536888115066
0.588680775814482
-0.0488989936463653
1.37340949130225
0.404507000037456
1.92139067226137
0.887051203037074
0.206016423652491
0.690643591969246
-0.309609868571549
0.086802725094733
1.21433743529056
1.32217431665786
0.866772741697924
-0.344555569405472
2.58674334325
0.623534475622749
0.67466395689332
-0.0746088864270011
0.367874551598864
0.00677809100318699
0.51665191662911
0.765939783073476
0.385893620339087
1.5866660289288
0.338109375719921
0.640011071915711
0.639234737740578
1.32494078106573
1.56941921982253
1.26897273860191
0.204843345477027
1.04167814594244
0.917403278237742
2.55009128902785
-0.231380913605212
0.254997838126153
1.08460682113361
1.18820622198754
0.123660150972861
0.818764375808936
0.665075926720104
0.247836122162057
0.345006512065516
0.0504711254390239
-0.645380668876783
0.620072470674206
0.656757367856991
1.34727407067329
2.40004168108813
0.425362357344151
0.83158168043269
0.53661010486921
1.15359543581212
0.657913590920681
0.55866767948506
0.470183179878339
0.922249303864424
-0.541013473660241
0.211779756428624
0.374027148453446
-0.0709693040632053
0.0596519963478801
1.7327980240909
-0.167132217359902
-0.137977040739741
0.102179707613294
0.0430348670274121
0.463519282574084
0.883718140510217
0.214210345091164
0.0870056847426414
0.656508893470833
0.190783516202158
-0.456708712853654
0.785727985076702
1.28030289269181
1.08576295610527
-0.0853919625863815
0.600528933233243
2.45930413664747
1.57918626423758
2.86060898752699
3.18281230298653
2.21184518752268
2.82873999749066
1.72712967070867
2.51287094788967
2.34727255090487
2.58278668020436
2.21713916408141
2.26086806974462
2.57257361980346
2.99961371972138
2.8953955353507
3.19716052290913
2.53309005521916
1.81771262252883
2.89949800520567
3.31179132583396
2.40068708322052
3.43563080847928
2.23982528794508
2.16101720764537
1.93612899579963
2.58517151185912
2.18343053884136
2.38134375278131
2.66640799129095
2.84482516884643
1.22531070111161
3.28216755689449
3.25454085066939
3.62540922932002
1.8234566595733
1.54835720296074
2.12393992667531
2.94798516270012
3.97354602211071
4.00033759385536
2.51908515251371
2.95181466385085
2.9267256145986
2.56049788665905
2.37503204798098
3.10154001695166
2.82508132468258
3.18446796480522
3.17802468931256
3.13327073245053
2.44813900847413
1.67443871061445
1.83275534102811
2.11553802371202
2.71456139012955
2.47520944171087
3.53374025246025
2.77413919362928
3.51169699744875
2.78628262102249
2.09875614374403
1.84351961343777
2.5574516138085
4.08925650238424
1.98754802819489
2.8998049243165
2.22266097702029
1.93358468743819
2.28841416306621
1.91567699460925
1.16806160178055
2.39021458790116
3.09955489850647
2.46195955018633
2.11839788942358
3.22755553353193
3.42344979585104
2.51013435760488
1.51051105380092
2.94193573684548
2.79532910703313
2.7093731480238
2.60401747245589
3.53736198732668
2.73033654564705
2.74853398881934
2.50148403691344
3.67499251270351
1.87088305643626
2.29852551409534
1.72468532425494
3.94916381848274
1.1792275882606
3.50771772081465
2.68561179535143
2.48582847258255
3.43293830117765
3.1431778825983
2.42735016179336
2.19262968006865
3.28607497883566
