-0.644913653572737
-0.497012048914574
-1.55501056727525
0.413507756917343
0.432727137432645
0.631548839186297
-0.320580482213618
0.112767085213241
-0.1200720239753
-0.726249735244503
-2.21274833152383
0.146481334064995
0.957305334954536
-1.29129899843653
1.20592207199319
0.0136120284560033
0.28994825216055
0.0204721934761263
2.75106579360077
0.436031858064583
-0.777767254435301
0.625862815252033
0.398612006820459
-1.41439623412146
0.0751847258953358
3.11373903861301
-0.0640638388178487
0.310463050680527
-0.379195849933571
-0.529157234688418
0.440843182046647
-0.386514050288808
-0.225627709603532
0.709321763069341
1.37344241005037
1.57207102255244
-0.0415099122683497
-0.481955115479037
0.368080541404927
0.837696497926449
-0.228785045396354
0.980026438496589
0.593189373883148
1.83476036075615
-0.66446284343391
-0.934046335023459
0.764234202616863
-0.120816043207939
-0.398531842241573
0.0121875516854923
-0.484430575789574
0.058924334413335
-0.618329270307383
-1.28542974875518
-1.55949779993366
-0.80110378393517
-0.583959876930163
-0.9220035084798
0.967098999918536
-0.396141718297485
0.816126145361677
-1.75405197104329
0.5010092892382
-2.1514730209238
-0.863247423621203
-0.307867218942468
0.490273157024907
-0.283490707815016
0.623020918005872
-0.698072934731669
0.419588481067453
-1.76952593137813
-0.199705312510516
0.771564211553026
1.24530114819991
-0.43269943967474
0.0910639559316804
0.603498853804604
-1.16478939936648
0.195877070694459
-0.709769429760642
-0.929625165001592
-0.11531398750298
-0.418070236853964
1.78038957339875
0.382000495562949
0.38609111270937
1.22465567396436
-0.632905374008448
0.0213657611723115
-0.485612654345841
0.241997467796945
-0.517004474766393
0.529077917833336
0.749126865126428
0.601064138843495
1.3814202626692
1.41439079197175
-1.18146730613452
-1.05328842561183
1.07629679385115
3.08408010774299
0.768151435215475
2.74220918699371
-0.390633187413413
1.79977305580331
2.64728616081819
1.74800167955562
1.01935873380126
1.41234702143428
2.54827365204075
2.05572827626809
2.45310661678992
4.28806480042029
1.79046476441726
3.16218303236797
0.515499945019392
3.18001733034818
1.23757745146429
2.35030907316401
2.89360571713554
1.1018869979109
0.415705555626948
1.98655995687313
3.14324550767729
0.616015519740119
3.05946883770154
1.86540494435528
2.81377165417611
1.72194419954254
0.309887561931662
1.01426761341048
2.20454197386294
-0.683532716038835
2.05974446936438
2.08336491609953
1.79141655999964
2.90378470378203
2.07778079412577
1.67980510586623
-0.412374854283174
2.32901260098796
3.21951352364891
4.11211351065934
1.07023703357814
0.55460163957557
3.78877077900813
2.97111090845901
3.78989876022447
2.75651886992385
1.16728901777189
0.0349592830307013
3.01972990145433
3.25461612751538
0.943759248338594
0.998558719958237
3.06273443028701
2.76336515145749
0.194680456171161
0.303683115978474
0.427155931162239
1.90573723730026
0.456963501724942
2.27034745166833
-0.215591321750169
1.45538253603166
3.3615562780987
2.66204550778111
1.74536508991842
4.39425513607991
2.56463122144598
2.6699408668694
1.98487955555556
1.93028113135603
1.78967786776829
-0.44310587722007
1.84631524771574
2.52052858478178
2.29656571232875
0.3590377347809
2.14035571269615
1.66823255721808
2.2237248925756
2.60880710149464
0.986828837046781
2.64020462547397
4.37346808185598
1.29439643720083
3.38529359386937
3.19976513334986
2.67290074331819
0.592978179029113
2.96210645360186
1.55418787067156
2.95353831431672
3.17765349038635
0.424392718163288
0.985778153495983
2.07229738956854
2.94156339139574
