-0.347252040261303
0.732076617607399
0.590809814432851
0.916278409065182
1.43616842170524
0.86321628482587
0.315991597330873
1.46779020009277
-0.640057510485992
0.400142799754101
0.326043491812691
0.74227020739947
-0.0149107661147762
0.589474174645114
-0.120952094898971
1.49019924414348
0.685122448977779
1.33764376658771
0.680013271574901
-0.0788228595414198
1.24706688855366
0.612125094201853
1.61130587494627
0.782201479686561
0.55257271519804
0.620193218645262
0.969184656245308
0.149508239756536
0.624096620014351
0.259105339151639
0.357259905824089
0.758710043850707
1.07723790654629
1.0798810057408
0.507111620322369
0.297306663647389
-0.263096937908903
1.42633949785326
1.7136875496529
-0.448552430297859
1.73848046113313
-0.199664304131473
0.879649844089954
0.466950371954975
1.73509861703858
0.898146249626054
-0.280260979092433
1.16661337087741
0.0487565888121951
0.695548315972248
0.0125996845981072
0.743917921816782
0.0812702025027473
-0.117992782752821
0.730052234548571
0.239783799536261
1.68670255342122
0.5161565703413
0.677640128223021
-0.90294609923801
0.766317825419287
-0.191239421554619
0.0946898836738152
0.676438148506185
1.82482719899153
1.50544937879279
0.528526728697114
0.843703708752475
0.92830355922286
1.46503324199099
0.637604265017319
0.482993819896737
0.476586754334084
-0.0604378456984938
2.15472164789469
1.25392735193123
0.980297939348498
-0.139119755129755
0.509445089901822
1.37451536339981
1.48801645169939
0.973797772872934
0.0837434086357332
1.23588500234865
0.844391169303298
-0.359992330575694
-0.403441616250731
0.706727323067576
2.31341785964139
0.638080289340202
0.758483484870135
0.453088364903686
0.441195940495959
0.724762617464073
0.451646108423661
0.277426650661651
0.728785905885661
3.8631202161651
1.61988986805112
0.236318264911857
0.983615840915055
-0.751589245278191
0.911347443691556
0.553187647695247
0.454898867254222
1.10305325844615
0.348842149287606
0.62199285521674
1.11294747532852
1.10601221912134
1.42161961200899
0.131538790544356
1.60744220734805
0.709125597829951
1.18993269091191
0.989403763123674
0.320709009392964
-0.125278999859845
1.99301105114854
1.1825590407131
0.875051043925371
0.794624274564709
0.835439958936465
1.82333694903589
1.69219121075747
0.3672628460604
-0.107506460960479
0.0728081495911879
0.083773287685705
0.295670044023278
0.35560627995987
0.258916046551871
0.854030683518656
0.901124706387543
0.283509902100558
1.07297429066201
0.184031338615389
1.27397702556294
-0.45868790204682
0.711080916702306
0.0127361071912444
1.29870925620208
1.18432339178852
1.76858713345346
0.8634723619581
0.832820827488334
0.818744478820491
1.03561923308026
0.321206681791346
0.0548716008849109
0.701407507813186
-0.543612050720477
1.0493224303658
1.58300605017986
-0.0848838513246351
1.43301953787145
0.492581542371094
1.02251274999197
0.270724463010722
1.27276668395608
0.70576591456757
0.241378197271875
-0.816331498796768
0.677359283708951
0.37211077295011
1.95172072936771
0.145994404022253
1.61097335817497
1.82431755026131
0.971473024558626
0.0718491893622088
0.847937311799715
0.788387194255981
0.198719664218289
1.0555699267688
1.27693827374883
0.888386284577432
0.675999815030365
0.294012551805953
1.84622309458953
1.24238240766983
0.612781945586111
0.570914320761088
1.06505790023017
-0.27943955604939
0.896859982213817
0.907988508399289
1.00075933288056
1.67184446277882
0.182800795540131
0.18404523095718
0.363456472021815
0.958257310820406
1.30677843266778
-0.289931379160901
1.59300812511713
1.11426491871385
0.799702659601889
1.07979589691332
0.506749455983813
