0.372567490632569
-0.100520700939055
0.276053358377144
0.888707720098718
1.94872256692587
-1.10656597977306
0.953090598384712
0.320669453509295
-0.819941155980594
0.872897844061298
2.55344031277572
1.51742496788965
0.0383167693791814
0.968842871239743
-1.33998139303671
-0.814911960936422
2.42915845106555
0.162540306133777
1.38276461408367
-1.26990069473114
0.655022763068753
-1.65172580067859
-0.120966508025835
-0.913880172467197
-1.29064465672149
1.58994034396976
-1.39184973649843
-0.712135211405419
0.127869134613069
-0.0583523821937949
-0.546269353004001
0.185233630364726
0.78133282670244
0.797371497537265
1.14983185296044
-1.12381866653688
0.34003290485026
0.678168957767294
0.0480667424367801
-1.69059091047693
-0.608709905291434
-0.392606463230369
-0.545061985379464
0.620241309157272
-0.973043431653884
0.989082540336624
-0.876960605959551
-0.452722628206246
-1.57851623759678
1.00065217993969
-0.713153815390845
-1.304163287864
0.440963505185803
-0.334143110724227
0.374822219808381
0.440754476749685
1.09956262999265
-1.11042469419009
0.923337210619021
-0.273720422102775
1.65183213065021
0.257350984236856
-1.7780490424743
0.337212320693368
0.855496626034167
-1.76687028746248
-1.17037115188199
-0.383968462473582
-0.757823422865968
-1.24862696101415
0.371628842034655
-0.253752866806735
0.138759952315628
-1.52682564229363
0.00361698795486694
-0.2262522898266
0.911514462678785
2.01549016345608
0.73228327456977
0.100729414441376
0.349164358317573
-0.194311743474635
-1.14712326543586
0.549711571817704
-0.0864800411636883
0.414723691494686
1.66609555032592
-0.832348052101659
-0.568968034172988
-0.00352804900138164
-0.268054697752594
-0.148373759368364
0.460557750443388
-2.08614737429683
-0.690938813019672
0.212882165283817
1.75476767573496
-0.0118074065710164
1.73497368526219
-0.315524725982667
0.453430870852833
2.4853604161739
2.3137264139756
1.95216575962426
2.57541678276469
2.24516672267262
1.89334890815684
3.25498836244061
1.67886415092011
0.608512138735742
1.79255082341372
2.15629785224464
2.72578647807102
2.16415082946071
2.42211371231252
2.93488246709151
2.88649652686278
3.12077539291977
2.67653507821823
2.84573294553851
1.62947457747154
1.52967060673624
3.38836987175341
1.58812449768863
1.74405251635315
2.63845386096806
2.26813676756004
2.15851668762386
1.97000971559553
1.26134861184187
2.07454101348336
2.66088131789541
0.79153826290534
2.29280319316056
0.397231511589345
2.00773555295554
1.63232505811665
1.88084966747249
3.55731963438873
4.43172300947811
1.56189510653491
2.24665048202777
2.19818766279557
0.811652923557841
-0.317728373274693
0.27613948756527
3.24743650148734
3.38845775696971
2.47551967736779
1.29193771844778
1.98094446890358
0.535932378320824
0.560148628010661
3.09622871608352
1.45819365622067
2.17601734560854
0.918910203779829
-0.358015132491087
1.72094711453411
1.20233682539994
2.28243948193134
2.89751314632148
2.999222175091
2.00218187562356
1.60224134187503
0.800629635217871
2.54350230852726
1.35527350372881
2.12244754277564
1.55801892718259
3.20028048235468
2.17409269630681
0.430487444135288
1.18565932377373
2.58905845400025
1.50373468538985
1.53494127393344
1.22183662997063
2.00748544130205
2.21945459391081
3.69278873265821
1.82141078550671
1.00559110943617
3.4374922262622
2.38203330569747
1.61369217319322
1.90936833151285
1.31479922443545
1.60198032957065
-0.172664699359026
0.907136588711399
1.90915263718442
0.295350464693737
1.86670859265547
3.47623165478988
1.47124885799452
1.37488179337152
1.09493229708431
0.845529678343157
3.40264790232874
