0.197719571744847
0.507343446471368
0.0507295941713549
0.42685130529301
-0.106047969893961
1.74352673289778
0.291175878759607
0.652223130114132
1.13877924547902
0.0356238786330406
-0.128619900829497
0.592174465503337
1.02103979195496
1.13221935976778
0.481386367159722
1.07835325332677
-0.441197945828658
0.0986744419817008
0.0392676900194954
0.662876230230551
-0.583997223882896
2.54809006078734
0.292121196087429
0.875206837441419
1.47128703116217
0.812660160296198
0.821176309564405
0.891331928439716
0.47225513543655
1.23187828911561
-0.0294257568264759
2.11058853913396
1.74627620138265
0.228817863292941
0.658505351869905
-0.0649814025076996
1.2999394882545
0.422223154879495
1.59630754327662
0.842287928395004
0.843331186147873
1.45513342649293
1.83545544348484
0.4888774054977
-0.180272035657741
1.2465081112646
-0.0707063587032713
0.513560489194982
0.729796582079424
1.8273929235516
0.57440105320539
-0.66195616463163
1.06006831168844
0.750632569220507
1.48815852951361
0.161348295182282
0.230836011759291
0.71045857570715
1.12982414148062
2.08319668060411
1.34383057967028
-0.189509848637674
1.31492255372615
1.2924219701089
1.10937230777473
-0.0169115513664952
2.09383148225851
0.323146259943442
0.442728616185689
-0.258302625877802
0.415651207385463
1.93350926450571
0.646554367451101
0.853930034673017
0.949613354865245
1.15159545262961
-0.162580075506051
0.873686239814901
0.686555786173423
0.133456344631478
1.72820899819494
-0.301173588715925
0.495685776479951
-0.342875631565998
1.00516999611348
0.237564535223723
2.11635102121316
0.832565898091472
0.018799921058788
-0.355915629721617
0.687968885786504
0.593249079603876
0.590768107801921
1.14735625653428
0.241830365462091
0.808317597981907
0.270447806343541
0.929760056372872
0.762613955799517
0.200637689687892
0.455612122563732
0.369056015332822
0.974263774280306
1.03425181189941
0.609483908932119
0.50158455817094
1.35596865838522
-0.169008812734403
0.482413329169386
1.87894726809652
1.04502607707774
0.248557550811537
0.994890728849967
-0.0893505947092022
0.913189243104355
3.0797462142918
1.98720639714814
0.958346574576112
0.230897478928327
0.79540545969636
1.13543135276493
0.00168429753465256
0.506580126291683
-0.580968666029022
1.48380612594456
-0.317264469024355
0.992928256358986
1.84903871308825
0.558503528313266
0.658665669104735
0.597843114752496
0.560331647018264
1.30036417388988
0.799624636220297
0.196690035303317
0.835255252864181
0.513344726389576
1.24087177215862
1.46014506679392
1.37708867352022
-0.317430233043283
0.178248312563766
0.578642512441389
0.352781829549202
0.296467832215147
-0.848663157697402
0.696598021533978
1.23155422557991
0.788475360275567
-0.44935355418716
1.95605684592567
1.77597406495231
0.55387562289809
0.702018962898897
1.19132663643954
1.01085687929119
0.964333786196572
0.287761731076263
0.547522151861214
0.692737788672453
1.37844128476296
-0.0442400230804138
0.871361223489524
0.44712264351947
0.373327031400819
0.768994055662977
0.339275546661733
0.0827370658077441
1.24675121547525
0.785564453924078
-0.20971189447142
1.93231171248189
-0.286591016283276
0.52826183779829
0.678366934101133
0.509176561836282
0.32382666119318
0.74685324296573
-0.125019387819392
1.82563442580127
0.0726396202384218
0.191004585464822
1.25837378603012
1.49883558501726
1.81559210278015
1.20150282655169
0.34177772686192
1.19179939767074
0.253878092236327
0.152012436375397
-0.481642347871866
-0.71058151166702
2.02551387764812
0.320910918825048
2.5874435801767
1.17073861266015
-0.00284439895680322
0.823887573473521
1.69195512164168
1.99324671692708
