0.929047671407034
-0.153347566126178
-1.48034783910814
0.823237910063712
0.0126586638114599
0.592882105400714
-0.368095524340328
-1.01316761688256
0.104791440508494
-0.511112286947016
-0.787685746957249
-2.42034892316198
-0.468360331853894
-0.601894699162483
-0.10188520393008
-0.129947152308534
-0.148675337298566
-2.43012498293039
-0.256789275377841
3.49757054122484
0.513209925024917
1.6285888318656
-0.149770330002927
0.0564889813279834
-0.404589261953138
-0.274111860200173
-0.483029012233886
-0.864265327200181
0.717962255003374
-0.823132214376238
-1.83460508806295
0.205555838828619
-0.76483530610658
-0.178239653695761
-0.471928034418608
2.52759992204309
0.363413451976566
-1.5806718838482
1.06450168684006
0.141787492408976
-1.60331124036751
2.09631445444313
1.53923069375626
-0.970141861707088
1.22023651243467
0.288092469527073
0.864069442325158
-0.271243084008858
-0.344328348426567
0.535947248894877
-0.255537243212876
-0.144447578824631
0.726494232753966
0.523001524637544
-1.04413317114976
-0.530114514380416
0.415669562799478
-1.12824647572987
-0.129584288302983
0.669934172573092
-1.15487196047099
0.403679065136703
-0.908643108094151
0.176992976604268
-0.0553729297170295
0.779538676571363
1.24357646920051
0.667287355457971
-0.315478082108902
-0.778980599239605
-0.0683429615718179
-1.51951506034518
0.595101155079006
0.0925908964147092
0.353319153838957
-0.362384195559701
-0.220558102860329
0.649972243431892
-0.934681976346835
-1.14353949626715
0.597285377894621
0.119906726057553
-0.448065292798695
0.745451152607304
0.986118813094033
0.547346619389523
-0.364411060975072
-0.489555072326508
-1.8819123114565
-0.319491738955941
1.2203699532737
0.64199173153255
-0.965243098697938
-0.296216951455865
0.388058605653603
-0.209753699790005
-0.691324501533198
0.113731005906304
1.82030084782418
0.609191515272513
-2.38994687247895
1.25642048713617
-1.13218915438379
-0.690217823428397
0.673668538056765
-0.144693113497068
0.0957691550938347
0.658691985575612
0.683937035559295
1.35619256162449
-2.42621104135326
1.61746727287366
0.372731327343346
-0.582075092138912
0.927121264999737
0.41817152581266
0.0465659199037836
0.145612802793966
-0.256394067728016
0.362214294578634
1.95482106009987
-0.47324065440784
0.0027207283723708
0.509663973877052
1.28367869374437
0.535826122814548
1.45403078654101
-1.56142628020227
0.379060128315344
0.597710278353963
0.618581759720449
0.810293763677004
0.221326467455158
0.902539665166824
1.1408708100668
1.21839433221053
-2.8651434238533
-0.715648369602533
0.0641062994963703
1.83999604468144
0.048300684174321
1.93447205721903
0.0385150444984302
-2.73287745035839
0.165232323070396
0.447335703493705
0.701642110185226
-0.0816530566510633
0.520637556947376
-0.847190480537178
-0.120804286899647
-0.910922710556138
-1.0666595873437
-0.671486625402927
-0.0538756809053247
-0.945715562212501
-0.080061353347485
-0.31321162549948
-1.23226487040524
-0.441347844598283
2.09436744032342
-0.659124138851639
-1.71461521941269
-1.13376589139982
0.49521444842845
0.314924703128296
1.46041337082595
1.67669628644754
-0.42094846689297
-0.331573935675764
-0.0726686309352971
0.939826248035122
-0.229380199307946
-0.853226867306583
0.490542703862672
1.29704313427726
-2.2701891110676
0.46251385884827
0.157138485948735
0.446544430151349
1.67719329188197
0.935614220341049
0.833771252672527
-0.178756021525736
-1.19250238461147
0.360136393084757
-0.786693708843989
0.66893177647977
-0.323188562136156
-1.06919067503491
-0.944735608500859
0.793324462689463
0.516556983127237
-0.0481826260392544
0.630714455387803
-1.01691940028198
0.406494403607782
0.2256826272991
0.640178481838146
-0.0745860397244845
