0.571640248534369
0.0814817635338999
-0.684034255483289
1.03156979900897
0.837852822428077
1.60381270461433
2.05778627913145
1.45758671396541
0.336984517468749
-0.348762996597209
0.732693091255384
1.92277318897685
0.22113821395803
1.37620977144603
0.0757257914057488
0.263412063300883
1.81487261460816
1.74724991042065
1.55223595279377
0.1774922182875
1.19604704555007
1.08724914323353
1.18415065395268
-0.110552565111065
0.149514871996967
0.234468427584659
1.18246237347075
0.553408761498534
1.8451356666739
0.248531579470194
-0.283411636034307
1.30241482590529
2.30463641854908
0.679647627578641
0.632211112176044
0.885952511668062
0.174669988467685
-0.206255867558167
0.200251893025095
1.21182747022189
0.808502306959928
1.02009819980696
-0.455091231862094
0.608660083048031
2.05150404729429
0.626311191698185
-0.672785046633387
1.61878519799217
0.857875225430451
1.02129642694201
1.40347501684599
0.891812442344353
1.41351612210823
0.915495768357633
1.03201047239695
1.60874172643175
0.0363307188597242
0.910857713493294
1.25773392735061
0.665361511489155
0.501467372699914
0.881683171431532
0.503421562736524
-0.191751894641278
-0.0972775363215025
0.874996403654289
1.01016441383637
1.854181465887
0.345713981674192
-0.192678998043769
1.05763015353245
0.309611607558674
2.07011959014005
0.850640741738959
0.868390745112217
0.422322741361606
2.00238868737803
0.891584986340382
0.712463696022496
1.33809920176241
1.05784912484269
-0.282304967150189
0.587234123642796
0.164688538313084
1.3295908962327
-0.12634614376605
0.555573903910108
0.182535666491685
0.654344906216045
0.631766667123759
0.150064342588985
0.689035947128023
0.445976837717262
1.48542981682521
2.35083967193584
1.04461229903074
-0.559777345164341
0.861529128086369
0.760653828760987
0.527464255670377
2.72909754667533
0.546338316223103
1.19419565432936
0.961072214023773
1.22634866706874
1.58839170475158
0.771902961493774
-0.389478530233923
0.959550419505944
0.827998925450798
0.22884213202906
0.185889547929119
2.49877384106173
0.0404629529994965
1.28070412013934
-0.794504942341228
-0.00620342102033936
0.490394085329782
0.386428748182545
1.92658355380934
0.47624952545761
-0.0368096283627951
1.45889272168457
0.325052847441456
-0.176179490607816
-0.0807957671520344
1.51986048445072
1.42125598237072
0.766176516952364
0.625148147736616
-0.0907397058259637
-0.413729070036772
0.858118033384754
1.69185108900631
1.15262483100007
0.242023134349761
0.845563147994821
1.07496699518054
0.557041538794127
1.7348089305578
1.67103583050112
0.849046951272024
0.0149848280948713
1.83912050667667
1.03005101961271
1.55498412465227
0.584093099302743
0.880429822479028
0.482727166659232
0.171723202119419
0.502005801282816
0.538472131761031
0.494255975804743
0.965024860436408
0.498981630928475
0.429813900572046
1.32147727529908
0.706366409136767
0.881226054869753
-0.0365003749197464
-0.0742014297207087
0.429899262490802
0.316334444705723
-0.0997290997289633
0.296106939626123
1.2451913273244
2.06567477835955
3.14235022825444
1.83325844529028
-0.34532593149796
1.74106784520186
0.579650355818595
1.08241138919206
-0.164746288081506
1.10135815082086
-0.0452072554915808
0.289354388347068
1.16142490560164
0.751837971548868
0.80720904583115
-0.164296732989313
-0.0065886424812388
0.276978869660691
0.398968287880146
0.384758616154529
2.12738663131324
2.60637824095516
-0.00193567861078431
1.11252924180643
0.486358363303016
0.16494569356147
0.753657657906851
-0.053523911561371
0.0694782151958414
1.20007640123552
0.221523617961814
0.111005169735147
0.273911561934769
0.851659686373878
-0.239397275231453
