0.980246843219659
1.83742425917318
0.637309798431917
1.2346226554302
0.271029620855979
1.25605182492885
0.562175203261626
1.21257211558815
0.755632794977546
0.767083614559587
2.24343916878204
0.558513252479741
-0.0149834277451211
1.55355260795118
1.57502012542114
1.24839334492984
0.0328595471826077
0.0930479997796194
0.353487664603447
0.0961768806357565
0.971776725103254
0.613888681610661
1.28108009339065
0.847639347009404
0.891374411104787
1.5227620830394
1.35127669791419
2.45328025570628
0.812870271333891
0.185350117664213
0.930804141834403
1.09516455719336
0.124427218818991
-0.415783575181683
1.67699476644707
0.0504007405479159
1.38076310486272
1.04946056300066
0.786796652353025
0.39701393840183
0.23948956619953
0.705713368771677
1.9283329125798
-0.354091863280972
1.42573927672812
0.31165729016824
1.13034136130232
1.62291425284662
1.37799817587258
0.401021287688867
0.381608377933292
-0.560615788636395
0.428421645860668
0.919414404053282
-0.145484856608546
1.05458296941816
-0.143174178715335
0.790275279820306
-0.0989664280741356
-0.178543360298776
1.05742608500411
0.344482395579477
1.4971956458548
0.886504394664124
1.90732407968426
0.395468519529218
0.0533976751990569
-0.221592326984381
1.03856133518595
-0.291162378576266
1.67817757737786
1.85452672095004
0.953273232139276
1.45749572677248
1.09915834004407
0.294636551930856
0.199235496329879
1.30843510234393
0.284533851345066
1.44045999345623
0.1361448557367
-0.302667781100949
-0.186338509239274
1.04198488852832
1.39731488698854
0.139976963884852
1.09239756662941
0.154112106022359
0.993516658916741
0.351811570214058
-0.197458237645918
1.95120521001415
0.452274718625938
1.06901231155853
1.97911748657866
1.73730496021744
0.60313085295581
0.279297467884186
1.36607634153298
1.05795867357445
1.43781743883815
1.10510767368522
2.2402721705327
1.0891619563035
0.125304030445758
1.12447070126473
0.481966138140588
0.439115568159275
0.912823364583216
0.286827907685349
0.7630695830345
0.204460643533386
-0.395620824271552
-0.40701495045872
0.586392336833272
0.686543530203759
1.30841979157012
0.449725330010062
-0.0104218236670482
0.528975468057119
0.527617941517046
0.615143702618527
0.944973725481297
0.123792986824909
0.64712656669112
1.24376450043684
-0.260524385600337
1.44373417947622
0.411751426732724
1.19159248830323
0.919447884161748
1.40046006786131
0.565574561736388
-0.169963188871362
1.25921753055203
0.379733816988089
-0.293174486104285
0.693929208014648
3.32697877679569
-0.0459647069145198
1.40552088067918
-0.282069724915052
1.15149262139729
1.90074113602913
0.0362064358940548
0.0366905992375716
0.0831957442828434
0.201966547678987
-0.338277035656431
1.80530165898432
1.81613361834672
0.608162545741074
1.29675509794926
1.28614377106075
0.0896806991024851
0.9854299985862
0.733224008355099
0.11633630160273
2.28759048033485
-0.174420926680435
-0.194539555798501
0.0546346461742319
0.0802891010666983
-0.44381331716308
0.63922268085809
0.840404149502026
0.663841828808169
1.0302032331127
1.07495460664226
2.18415529014189
0.779368456834311
0.780177922892198
1.78190626564729
0.889242543229891
0.846528091403656
0.315422316425437
1.20230189201152
0.716438712729647
2.0086462347479
0.308040903255182
0.517830021249198
-0.0108721394857608
0.559264386861358
1.39474150238838
1.75848507670179
0.693326480557892
1.65082849377318
1.76877699139756
0.811066187348184
1.52332255939373
0.20694885399946
0.0538357414308129
0.193175033464035
1.83262944198792
0.164971853022557
1.1372219513784
1.02462295149416
1.57624796267945
0.377157663397175
0.851088212998668
