-0.693223933334788
0.876245386558148
-0.200337726902869
-0.140661871027892
0.230786755562973
-0.350070603607382
-0.0222787019021419
-0.225809057022351
0.996582413564766
-0.243798814311157
-0.371789202471646
-1.84546726253179
1.21998001598882
-0.0731593802421446
-0.642872074398973
-0.619341217066774
-1.25028738661041
0.834490069002457
-0.657715175353711
-0.984516412537938
0.0303766139710631
-0.17257943021981
-0.0727664642105362
1.34115662978793
-0.652579552158056
0.549196185987069
1.62346770192506
0.673557679259677
1.17735256128489
-0.468454866915649
-0.00311351044013095
-0.875168162520379
1.04322408394505
-0.749334367928609
0.499001215315574
1.55096502351753
1.79177055906831
0.766786443101084
-0.333910743843647
-0.327315473257443
-0.221773353188072
-0.108217772892853
-1.42182612226761
-0.646292041604365
1.1464562561224
-0.0775938255907163
-0.373979728076731
-0.979262869846944
1.0507763666897
2.07631281876043
0.907759597818609
-1.74932592667865
-0.435030915605719
-1.33416544969818
-0.7766111445331
-0.430876889094791
1.13669422850457
0.428680844904497
-0.466839396781277
1.29575457387335
1.13694270573654
0.865575240548403
-0.404138449618835
-0.773107405389617
-1.61023536273307
0.231849582837009
0.00163083541292283
-0.699862124264942
-0.703542202983754
-0.856582105141307
-1.81800452953563
1.42436725154855
0.390348241825649
0.549928354962779
0.0962955231533486
-0.0935444906242843
-1.005838668233
-0.157774824713425
0.157313898486641
-1.24853688568494
0.160827045559276
-0.382065779030491
-0.457267265214164
-1.32710307493002
-0.226241811824635
-0.800276913474959
-0.263133722447315
0.0794276668032002
0.5965159335471
0.266022415414294
0.693394514244022
-0.484707729461839
1.29040917124564
1.14674311577374
0.652143419046288
0.0826187418012774
1.0002688877196
-1.22152328551163
0.708396495061492
-1.52721776079153
1.49089351116177
1.65966677681572
0.724249873959979
-0.0615919234888895
-0.537935754075051
-0.613969061421664
0.0449549606342018
0.529319247323612
0.849603478442909
-0.168793193660463
-0.320372602214507
1.60622839740092
-0.946577662430986
-0.026335118831627
-0.362956551936032
-0.328427730646028
1.47105738704124
-0.545284361422597
-0.497436632158523
0.481505951639791
0.0542064771317788
-0.886365185577222
0.271316966710425
0.155135075510886
-2.16822403498684
-1.38985110273063
-0.733479184909501
0.410499709526821
-0.195989898831248
-0.208975057764449
3.15921330797896
0.0802127324890174
-0.567260253484715
-0.450644417727116
0.559085081499409
-1.60198493118473
2.49044492218171
-0.762137584150548
-0.353643033094667
1.84546844060119
-1.31994958057346
0.845149533988059
0.124793974004998
0.418826746373822
-0.33075489458691
1.04721164537432
1.07482966760825
0.940712081138018
-1.08963179181284
-0.271592311569295
-0.305263524933244
0.829925089500933
-1.58961948938308
0.934842973358469
1.22459717162087
1.16381698259308
-0.122572257356238
-0.752002984296788
0.133357421522661
-0.0685976025559906
1.05797826731992
0.656651772826823
-0.301192257950852
-1.27305575338215
-0.193439153592489
-0.776728175337835
0.121441512243899
-1.14477075817675
1.13779732705531
0.436862014997799
0.368938683635517
-1.29421218388693
-0.042261148389427
-0.315529530689636
0.528637714299518
-1.06146691395618
0.0472122794044228
-0.55695882541866
-0.71800501001922
0.388374244636225
1.25231268471233
-1.02261495980575
1.03079151797185
1.10791861154201
0.123810781410943
-3.66381580096553
0.450860348678108
1.13232564963433
-1.51222172800729
-2.24080176039347
-2.37747830040299
-0.882382773231597
-1.65563336137453
0.75890071900044
-0.485033908627005
-0.323102848799424
-0.523180691021883
-0.518498898382872
0.12802226260223
-1.42573741147204
