2.61607351221768
-0.313757517785319
0.317220583585806
-0.739405978910162
0.917608606364156
1.33282065535935
2.05141511742016
1.44717865930065
-0.00604954956039772
0.480289271438731
0.136691837516491
0.517432446565601
0.432584578326788
0.464832323764815
1.90038352024671
0.408162077572991
0.111745125961348
-0.219633143807654
0.0318993998025786
1.58338162084357
1.45248319027582
0.396188924859615
2.46692219301378
-0.250313721663279
0.566361423563506
0.769178545880245
0.738611935470935
0.681423595236193
0.483572804652407
1.67354291761276
1.02600120208382
-0.155439959314872
0.894795976730286
1.26884454625083
0.555356201080776
2.22108509507684
0.608758552922906
0.79438168208619
2.09446528975596
0.203464551882756
0.525778212962924
0.968830517008763
0.654913679649241
-0.0230170127020632
0.27232857698545
0.0502919917287477
0.751216042700479
1.0689084555246
-0.461007395919269
-0.0840883144175091
2.99430931631977
0.171501180335406
1.09723314591589
0.089576597227795
0.85326165871037
-0.142068774697855
0.473906596098559
0.216333464226138
0.686472181226704
1.129365078458
1.20001310695838
0.661765666067607
1.30687779453719
0.218289447888129
0.145469120139862
0.50993335590207
-0.653387666020263
1.10692712067651
1.70738932249269
0.595073489511216
0.482041337572938
0.614651797625964
1.33339836102488
-0.275984914408423
1.27566850042625
2.2663729702929
0.873363561608574
0.553025633411033
1.06020346300682
0.833028117551458
1.84858518192868
0.0514627055724561
0.861023706985663
0.864046533646695
1.22284625120312
0.517287037547892
0.610131317600435
-0.0983331388667336
2.42555781675546
1.44295200756999
0.259744070698779
1.34522472626506
0.913124717750048
0.828180814463578
0.475372566168144
1.31787756027056
0.735873608381042
0.0193991887925622
1.05189273990477
0.227823191302423
3.53408314197007
2.13646814671503
1.73957936821901
2.07630067561651
2.21320442294813
2.25362227677793
2.92511480899715
4.32944130791407
3.01551672479245
2.31414281142973
2.20789588905104
1.97189258965143
1.81048933752377
2.55846117555997
1.85246790706766
2.57176586746474
2.57822527375493
2.62454226693527
3.48164422190223
2.42601878101755
2.43872078882038
2.28664258893314
2.44549433444904
1.84029345289458
2.58531447486609
3.2268882664177
2.49712983045358
1.46416419251674
2.65752709728506
2.60994291419098
2.46465981068867
2.9974069033126
3.10609070198921
2.86647922409408
4.63955190801474
2.57272259168625
1.70599179213515
3.10860534996155
2.82049237636654
3.12606998337533
2.60115882736883
3.93585048555446
2.28293402003338
2.46025522818559
1.68522934291024
3.52294842400173
3.59866810342401
3.3670104062035
2.572516951654
1.70045285824344
2.41004794474883
3.64320035064379
2.92170405482636
2.39379003299332
3.12693026376166
2.09958672989577
3.42441537026419
2.88303507565729
2.19499172598551
3.32862286959205
1.70747466557128
2.71263832923512
1.89980979926306
4.01885320337235
2.71362781741671
2.50090763161067
2.69336739575092
4.33943238887144
2.0283065116246
4.25849094593039
2.28924344356744
3.15521266293805
3.69694279624254
3.52849732402927
1.72794980870885
2.73426861313321
2.90244215269593
2.83987364800389
2.12125532291389
2.7381194488461
2.62675618487071
2.75210970188936
3.28245985386541
2.46574473183598
2.57380677569715
3.11381866902804
2.00558231903589
2.72320320877257
3.32959442165242
3.89725220116438
1.96107783015541
3.26270071998459
2.62358092977568
4.27577552573776
3.76710648974302
3.81249340171411
2.81141014613572
3.72667171684318
3.04584140594844
3.34035496185461
