0.0683532690687615
0.505114157893675
-0.664060285508912
0.926493756628839
0.528477298991338
0.52046686287425
-0.852522293994492
1.67003385944168
-0.945625145977105
-0.832845982169751
0.610077816574988
-0.461050398853453
-0.612067694634708
-0.402290617933891
0.315729564696772
1.04248303509782
1.024088010836
1.40463950375999
-1.88284149354162
1.41808276881676
-0.261800265682164
0.519860104507704
2.12731750386446
0.628015466437025
-0.271946890346779
-1.81550663877157
2.05163877465469
-0.0378025202377366
-0.982765639296905
0.633710075205498
-0.555981735088316
0.573609859871942
1.07369210261491
-1.15416636599306
0.606189990010258
-0.345562654251316
0.346389329671217
-0.225017153203738
1.17743123167651
-0.222647953590339
-2.35553796774387
0.00260968443003961
-0.00524051510174379
-0.616830685614272
-0.0977820698979428
0.95187055042601
2.16874322245807
1.00312427540206
-1.34183021993456
0.0223131267811783
1.80815561073755
1.1807591753766
-0.96487939634212
-1.34105752627463
-1.28052044183359
-2.32727670572965
-0.0264474240857743
-0.107952677405153
-1.01385395366985
-2.01471460006672
1.44682982351674
0.168864104181149
-2.04556209824521
-0.399813127840876
-1.13731365518373
0.7034043839239
0.143327626947549
-0.642924524930222
1.86124212963288
-0.506163329546825
-0.468380317378348
-1.26166069909853
1.29459042052917
-1.00075677729967
0.597107408848705
0.878120495936847
-1.42261088411279
-0.745861909464034
-0.45108889193358
-1.49197481134907
-1.8527863036655
-0.486957355436907
1.31250470752571
-1.0583357807862
-0.705593451197115
0.198075582888978
0.717428868343536
1.34915703758
-1.46671114191146
0.90807441390246
0.244816883911069
-1.60096365055424
0.964302958636259
-1.16654949764714
-1.42135805220408
0.914826859607986
0.158822210672321
0.0175339200208565
-0.638130624542349
0.16499983032121
1.41624903051801
0.945179142661517
0.418434065152434
0.901971223860444
1.88568326564148
0.518483675620867
2.07521412843629
1.60532803755711
3.1925487867551
0.784333791646166
2.85082419535455
2.18434892907558
3.60390266970323
3.41692496120733
3.96081913211988
1.74378475456155
1.5400560598409
0.0103229013510362
2.31224832015668
1.62230619559663
0.590837028161561
2.42565017250996
2.65514165800396
0.116382215017415
1.57087751548414
1.39437975449768
1.14986931163258
0.559601134131379
1.85495008751746
1.62199164798847
1.58925403144807
1.90350187289488
3.22171639319947
0.489739775471536
3.8598638071932
2.15727114580346
3.19779325362775
2.24262148116256
1.60514960359618
3.37753423427093
2.74091621969636
0.663899848140638
1.65320282125789
1.3873406350824
1.40925196229522
-0.226915544122699
2.76317426098977
2.20313098628698
1.61820861272512
2.56161644216546
1.8033031930531
3.17430081863105
2.72364622123195
0.357678490578963
2.66842612941522
2.21353162936176
2.1593202220939
2.95763612191173
4.54427191662819
0.016523251922556
1.30019801081198
2.03823023699428
3.11134142189244
1.51474663097216
3.174209852595
3.36484729667278
0.243079883879637
1.74032106621323
2.07390413830182
3.13816265521547
2.40208504010645
2.44764249334335
1.29501318582359
1.38057871482782
1.75905559746856
0.318502259607182
0.846612132230461
0.688818321646376
0.0447321016315272
2.51788954270879
1.6356610312281
3.53507103075937
0.42654820990849
0.802161436233408
0.914730011813357
3.42744199538225
2.12605475144732
1.95697173892425
3.15418102824736
1.23779695120743
2.73568078793926
1.91253339122936
2.76802915529841
3.2924105330223
1.15010088087388
1.39841044509336
2.23301797679643
1.96613830003664
1.05104439767212
2.92313134753531
