0.0234049982659624
1.72942067159651
-0.258602602610157
0.522555551532296
0.867080670772204
0.303338267606629
0.586390121026673
2.01261506176386
1.2860694661432
0.622537374917706
0.299922838144704
-0.290927603520912
-0.246273335182039
0.621157552115822
-0.0667976286108334
-0.713034797331863
1.71384113297336
0.180497174731151
1.09804259031144
0.350425674146248
0.106719722458805
-0.257818967428641
0.946250538412665
0.374223493339343
-0.33438857877896
0.0894563135794481
0.808954157604912
0.558938209339936
-0.095209483601245
1.20473751526495
1.65624323389843
0.780212377576379
0.131934957836935
1.36310796411513
2.45068344059465
0.757324207303707
-0.354798078419716
0.416245955328033
0.403679882570517
1.39877953144659
0.455065568596152
0.172330904029524
0.363300558986315
-0.284220764045763
1.54947291748294
-0.207224881498706
0.50102162139187
0.562134286317006
1.08900063419349
2.66108153121375
0.216387277154705
-0.164885845992068
0.266246459314076
0.212936139066937
0.294514598712724
0.289564263639555
0.111964352786246
-0.0922038673274169
-0.0415011471284906
0.46301111357468
-0.228850981669851
3.09930903367295
-0.506859504736569
0.119702379691016
1.478905901218
2.59746843230724
1.30031285277527
2.10102676390358
1.02187585404211
0.817441194749196
0.565394193652833
0.793261760263889
1.28172288514455
1.94835245726706
1.28108340813099
1.65883368808863
1.71387295025775
0.305702366899962
-0.0357279986908778
1.42540861945783
0.747173509102209
0.304044557609251
0.767823376539336
0.289689516128644
2.23607158078036
1.06910084275464
0.96662210197021
-0.038551954915906
-0.415366905482323
-0.0101838581985236
-0.100803109706412
0.371630380430039
0.13227519558573
0.14355395712824
1.01442547558021
2.32067508251049
1.28240533141878
1.18622996268273
0.49443605785892
0.944886019646197
3.29811598900318
2.37782581274708
2.99319663651776
2.91057107815726
2.61289913096899
3.36910353534143
2.60251269600158
1.78223181324742
2.23905074523556
2.78069223114985
2.44598223665835
1.79689388392919
2.34723068540808
2.50205465861864
2.55930605046181
3.57829493845387
2.93778702014155
2.58109860439255
3.44677759939293
3.2320039402867
2.0475106521913
3.08280776254589
2.47768247663173
2.40013511868082
2.70363162490704
2.73618095956381
1.05997040940828
1.6229215377433
1.31096528980196
1.15870395178813
2.4023023192239
2.01877413431877
2.18108749377298
3.90639788896001
2.23584323532229
2.57801420801955
1.81496809049552
3.05231335124465
2.16558573671447
1.88043383726837
2.32199774885889
3.65914633282602
3.13648462712698
3.19743010483976
2.71322419020377
3.3331900261382
3.1242441650835
3.02956832182425
3.70310449350176
2.6980202843658
4.72848509648372
2.59579546393434
2.93820308763902
4.48144492677286
3.42496984388283
3.71011501128222
2.34599135880639
3.28399029655552
2.48436668465045
2.31277740611599
2.97491958356956
2.09891216144409
2.54133564148721
2.48803435386718
4.05722441037917
2.40585332519634
2.33944123453649
2.56913949039067
3.08053358360851
2.35263719829886
3.20298720598338
3.40957367748052
3.25284817796025
3.02746713328593
2.95502707869848
3.95490488276533
2.6923321529391
2.67666273958211
3.21667948057664
2.44254324233501
2.21819365438156
2.97539983980182
2.30397471384081
2.4179227579773
2.61183435709619
1.68113519645488
3.24841490605612
3.29710121268622
2.66043456276106
3.55501545988325
3.29301810066323
1.84041598626693
1.88232230487499
1.38932680277226
3.63341135511517
4.23227742139897
1.89360301074806
1.92644972561052
4.48003631640244
1.78629709212457
