0.364433260617135
0.806882025133224
1.45853524457009
1.04562367701875
1.43199957661228
1.16609195774883
-0.351333423143136
0.726648098358737
0.0314404788545979
-0.206634260230081
0.19424761672651
0.134894826806512
0.0957784653885749
1.02056320718486
1.37844002601168
0.988433974254821
0.293926192801344
0.507660040591705
1.74916080595435
0.58010158559404
0.531037979736111
1.61746138393616
0.0517716210456255
1.24901442332896
-0.259188355097336
1.15988703908563
0.611629637872967
0.880987428085765
0.424365402689409
-0.747326930699473
1.09142467190254
1.05260386065038
1.37573896368206
-0.0842661907573196
-0.0934409230577211
1.70408883209789
1.89590596170611
-0.0133975842985341
1.86635177151103
0.0581651493144942
0.91937735266996
-0.538754148904692
0.553147209761415
0.560727321072116
1.0992019743094
-0.336462266991981
1.06713418421523
2.39383529837109
0.00971639795619134
1.37433385947342
0.692759064783618
-0.370246383819983
-0.297046819505594
0.48644199724763
-0.178147488252342
1.13744903537893
0.591139764466543
0.328578443835715
0.590573395968924
0.599037320224387
1.26224805223499
0.853394228433325
1.18618536471356
0.311097223341578
1.03016008513441
1.71608404789608
0.221911381459753
0.0726147462701288
0.327127914541855
1.71728254258448
0.225012529465502
0.316868198667098
0.944281058535747
0.493625892698936
0.256948239767287
-0.156993655885076
1.94951445262397
0.63623633731051
1.116842745775
0.123618242490779
0.153646815605211
0.226724032144116
1.79626124098021
0.476084433200098
0.718555893245775
0.901876494430269
1.25851966793121
-0.147967904185462
0.837790674175565
0.480175207962115
1.28453150622608
1.18889831726605
-0.33835734696313
0.385045902631844
0.141834894432326
0.422167333928426
2.56976581918837
0.447723077308993
0.0183971346476465
0.384249002092501
0.679566743089773
0.635041846827224
-0.19116733985407
2.0901918403329
1.59167490558277
1.24444978947765
0.495137900915447
1.14676166427216
1.209807236679
0.523784773359454
0.981038731335144
0.387208629056523
1.48827159338254
0.228120758663214
1.09722018722302
1.3650695985104
1.78946411298692
0.231509507679799
0.0945218221327202
0.92604646679934
0.593175374834415
0.784434658645411
0.382826967773174
1.22125923065716
0.642821495644886
0.765824955420362
0.352006340055637
0.856579881632431
0.693692741211652
0.665819447923557
-0.254614924836393
-0.021365405279802
1.02846824970018
0.452286513606201
0.859045695993119
1.21341886462242
0.214812068592378
0.597151108808765
-0.113119668186543
-0.614319149001986
0.344152169500132
1.03815356331212
2.64843502441662
0.969831519419281
0.916224741585009
-0.323034726394468
0.177976954261621
-0.0863426992695854
0.704648064215797
0.515617356637811
0.836623886322501
0.822846651599521
0.744967171778521
-0.14693956059539
0.466399937993671
0.427945084583815
-0.0473906168865692
0.439440456430496
0.644987013243438
1.00654276006597
0.780830796302406
-0.499861548159966
0.159869691086075
2.6611743418986
0.768156476838254
0.981352071993187
1.98832372097365
0.67439045317547
-0.233483608513598
0.814891191158398
1.07736724403503
0.755707737205085
0.68454313790705
0.493348631605723
1.67242933105169
-0.373733580540386
1.2337986058264
1.28707833223012
0.608545858625159
0.927017712476509
0.737251700551441
0.370644311189565
0.542568082433477
-0.461355222487575
1.50620766387587
0.398498379508281
0.568781082382122
0.559429045639698
0.69114551593388
0.995057768570155
0.518334970762588
-0.523354156125515
0.212386058628539
0.74654583881219
1.31295048736932
0.949303807007409
0.259394596926534
-0.108372077684873
1.42488337618253
1.27843789138107
