1.46150392106885
1.22722298121723
-0.358375004607493
-1.17400419298487
-0.45783631380354
-1.74574150784146
1.2148819388428
-0.308782933174744
1.0749815782775
0.131142600245784
-1.6225993571958
-0.0556208069198527
-1.06787401352153
0.792906330053978
-1.08934633471923
1.56913149489796
-0.499576252055596
0.299946483603967
0.501724867114384
-1.11062179356032
-1.1668681693388
0.180375262431208
-1.77251689155651
-0.70427437796123
-1.32622015783819
-3.26545675812287
-0.866851222860484
-0.823186512902734
-2.38400878564057
0.304759717142551
0.577785554645559
2.92086527706992
1.20318960214722
-1.41828828741266
1.70384481170216
-1.56546204431882
-0.104409638529689
-0.962163845788115
-2.43382492716034
-0.64070893193587
-0.321110887589439
-0.745024499281958
-1.08642025485209
-0.678687453687292
-1.64901660113479
0.981944529813546
0.296565646960569
0.604891588772298
0.277026460703398
1.6789072989733
-0.236829747350102
1.96494577381595
1.69369570815972
-0.892666752122561
-1.18556709066035
0.264053946897718
0.75923842847052
0.157885786317991
-1.7683409241132
-1.08980097219292
-0.485554748357504
-0.198316795820527
0.572335918316246
-0.248506059775177
1.04919580304129
0.214667594922282
1.45421162390795
0.115223822892634
-0.330536607230197
-0.762074281508595
-0.48716429615259
-0.868341434117185
-1.37338531510356
1.04771254605739
1.05850459166353
0.714977254799391
0.0338914116060934
-1.06903970588456
1.07458789005286
0.500560455265579
-0.254181354250404
-0.96237505643782
-1.05541813064988
-0.146124538862709
-1.23932783783662
-0.492388912855264
1.36141655131132
1.27637681690982
0.472465223162019
0.00252368669598671
-1.18401791614951
0.894621864414397
-0.497049428556366
0.0373074651999062
0.687130967666411
1.35178535290189
1.55407120053916
-1.26913753490558
1.12234093511679
-0.520653073352236
0.256999862018948
0.213099427999968
-0.419172987082451
-2.85491420114711
0.630535770648813
0.772744392694448
1.6184628890518
-0.295294397386709
1.41198042118466
-0.726825278520237
0.890557526558505
2.14350558030683
1.18119738062104
1.01717686230998
-0.470193793418211
-1.57074054352859
1.08975353412159
-1.35896785550771
0.149403689094716
-3.11620847714138
-0.731061522785674
-0.743837377346473
1.72085050616224
-0.240685232282771
-1.28303036613741
-0.318136946397197
1.77417203056589
-0.929026460960819
1.46750739090759
-0.497617053179414
-0.679298963019356
-1.69694494371935
-0.986966857269223
-1.21292204996354
0.191427388013375
1.48008832858055
1.41250013903497
0.259274452192203
0.841633207435322
-0.107696060429187
-0.50075625999785
-0.00629374040469721
-2.7058931342485
0.267138152709202
0.825313204441509
1.17541797600044
-0.621119881044297
-1.57184045577037
-1.48312033743499
-0.0379327209186443
0.279490845808983
-0.405644327639347
-0.994084367462597
-1.7416680282289
0.997669871366666
-0.693234334454988
0.964893627552506
0.874000460106134
-0.71768011961635
-1.32609905822284
-0.8068273295177
-0.327077543565061
0.327735188302532
-0.471975126066006
-0.339181081512931
-0.171391047889414
0.228742567646094
-0.848347763105852
-1.4430430617455
1.68438594304016
-0.209876994276924
-2.45050195776944
1.18731937767629
-1.37124827622365
-0.298699917178715
-0.295637799376908
-0.299750045491993
1.00388898617582
0.596177490099924
0.660144697028873
-1.88529624805518
0.981694896243956
-0.273320866228337
-1.08071026754181
-1.0650692591027
0.72755933559159
0.274633286425957
-1.25113564183185
0.522801023044504
-1.72269546548577
-2.24981918615725
1.08185701580174
-0.43218409282451
0.432214908249456
0.593956252934955
1.21860228860046
-0.392438637303505
-0.0184449146015213
-1.14578907770995
-1.25162434691087
