0.531394924382461
0.35013932066461
0.604568436708454
-0.127767370152736
0.366324277623533
0.818974123832896
1.24682092952667
0.82456044244996
0.957109255323661
0.548372937527532
-0.0987134820566461
0.514675525819293
0.861153816647931
1.81985487110409
0.460761988440106
0.566003408064475
0.816305876135795
0.213165813024241
1.24891720305703
0.533485822932806
0.782713310645173
1.01467115261341
0.726283241811588
0.6173629184968
-0.101314158842507
-0.611012385601352
-0.371470692662147
0.0811188507415994
1.17074034792845
1.4381603529573
2.33967741352504
1.26850587807067
-0.336434550291112
0.635141125303619
0.709048657768631
1.20083094512078
0.626606602996342
0.632857307702536
1.09164048388225
0.207925771068198
0.350259945031423
-0.145859792681036
2.46817627939899
0.0452028248288135
0.911623291533307
1.4840187246329
0.617140733762831
0.896163852660472
1.11037557107972
2.22872127994508
1.40278213781345
1.67615333922219
0.723391823572139
1.40611931668263
1.77790814543074
0.513039639712637
1.48965438508209
1.57569735967838
0.514561749122142
1.50286462729692
1.13402107979498
1.20967897925729
0.315187175612988
2.58011548899207
1.1981254613684
-0.17522486132898
1.57341413866499
0.374934887820579
2.28948872930565
1.15848148440058
0.494172324175185
1.18632229177153
2.39657664130691
0.837225840195432
0.351802989765872
2.07219841708827
0.430137588197006
1.75383754097143
1.04331285633279
3.29354282768146
2.8228109619323
2.65100797002692
2.08562148419285
1.221304121978
1.01026754068151
0.880216956626877
1.74519809390656
1.87155776434647
0.993287928414677
0.825473968263985
1.70598422100644
0.810801265184311
0.396610447827919
2.16729809033092
0.224253143332341
1.10923105330183
3.42858935380155
1.18960078489439
1.70589521708565
1.5183937396673
2.069675144378
1.02737647089448
0.218232244170132
2.08164208952445
-0.538079224623297
0.802106907530222
0.334432604229926
0.221055452824979
0.750245912793491
1.3121681659997
3.0195260314845
2.38241069108477
1.10857556620318
0.106937831749151
1.63883332361667
1.71953176722938
0.842225985159909
1.41685889144472
2.70693568136478
1.27466817945901
1.44835025681798
2.39520980334851
0.976231925586732
0.473544919166101
1.87166194374082
1.17009127270917
0.818531890977733
0.741357445955621
2.20600429079033
1.1732794635059
1.34439428875785
0.469200498101768
1.03346462136149
2.7117394072051
1.55928175103979
0.982733474673954
1.23057795267572
1.56584516406003
2.75970872421476
1.76446006283519
2.38371769885974
2.16025677037398
1.83865047370686
1.30031381519085
0.489785439410168
0.692992658175562
0.82398149010703
1.71312918394122
0.755322268699106
0.0684254675795243
