1.8478123718742
0.366661667645581
-0.326854653330249
-0.102788886923379
-1.34771466501065
-1.25747308639424
0.102367474069827
-0.148891279464774
0.0911754102574755
-0.352599323941939
1.24203222463905
0.810730363126612
0.47571034477535
-0.327933702149945
1.1966100616219
-0.632748519022132
-0.131786810936102
0.700940976069885
0.23580400523988
0.348263633106831
-0.193215714458566
-0.204251957655589
-0.580995972405715
-0.933562069571913
-0.493096408648732
0.972190725492709
-1.7338435497735
-1.01756974103873
0.995181318152963
-0.527102830123336
0.663379487813619
1.26163962230181
0.707507303538245
-0.415366923641544
-0.879754117554411
-0.276683588878391
2.10154433170904
-0.101071715011153
0.0722434976318426
0.732717376091471
-1.0626835923165
-0.117099928929066
-0.921623829260604
0.811638981543195
-0.740217167299647
-1.16167615781412
-0.150196041144907
-1.07429967420459
-1.08601223856128
0.762376363224452
0.156577048238214
-0.707309275861469
0.51887642018775
-1.11446560927846
2.17888049764373
0.984779595707696
1.8136665887593
0.330165416870312
-1.09573058376203
0.564013135613881
-0.767872757780418
0.572357635479565
-0.209030783660174
-0.685596730509639
0.131375036105675
-0.446017562202437
-3.07144040347013
0.781812731840268
-0.412749813526119
-0.311263177700683
1.73442259253667
-0.187071051181494
-0.597028177198041
1.44004693149169
-1.80371984778852
-2.47675186439358
0.667664694351084
-1.80615990107697
0.293393308217713
-0.641429478541273
-0.984753728654393
-1.93426646260271
0.578809060370935
0.452948492787315
0.909446494496801
-1.24733654431322
-1.00147875902596
0.815222980593138
-1.32840692615978
0.4167989724259
-0.479530337986351
0.532979772228478
1.60598593942287
-0.682624286238438
1.00316496738152
-1.24563275411948
0.22457753497037
1.62750469493993
-0.0211000249553095
0.319279643938744
