0.672926876960954
-0.723730397260222
-1.10720398164479
-0.166719763752543
0.769621369916965
0.280250634758512
0.480268632747027
-2.04399753616707
0.850543789449977
0.16862897393658
0.882977860614241
-1.54019954932664
-0.241387118171781
0.17242433920442
-0.354579478773055
-1.64790111817915
-0.152334491005375
0.325184188164157
-0.457497271030402
-0.636484377889692
-0.598154460315431
0.631594314372769
-0.0498123210190368
-0.493107369079537
-0.467884114734816
0.0698924494183449
-0.250243062672109
0.148025390290364
1.10956729040576
0.269779345730632
-0.0734117580297689
-0.847215953587012
-0.429624657837391
-0.214864163017845
0.633005637843342
0.192358448943056
-0.219809260785965
0.46122830390829
0.298992133519409
-0.682454902814595
0.533573594465944
1.19839567694724
0.342148251844593
2.04461869275233
-0.0685534738357421
0.490029628032067
-1.97814530270557
-1.245599812369
1.45062077284283
0.433533036062593
-1.589933395366
0.539903477526526
-0.494799283314285
2.03796625383741
1.40891787135235
0.650716540883914
0.301733449620174
1.13726990708556
-0.654190163491813
-1.47076886264531
-0.663692804965925
-0.8393964133405
-1.06869606564243
-0.0520451720123739
0.180055850634512
0.116098801565923
0.152534324337843
-0.342337066001433
1.21547869521978
-0.177493669554391
-0.00843277350689607
1.12942792944915
0.385539745883517
1.11796791882221
0.850791609490318
0.432009579405572
2.51475229003037
-1.92343836676409
0.342560141441373
-0.784688395880847
1.22998606752459
0.265975699951869
0.32309513642925
0.749728946364015
0.0154182626997507
-1.33522405509256
-0.431593690180351
0.143383214315497
0.293326680406103
0.137184851426824
0.0432117824903005
0.452947172823445
-0.222509734533656
0.0264572414743452
1.10713350093959
0.357683069354421
0.475676147162711
0.956478262020717
2.14768532005128
0.168968189810145
2.17086816233387
1.43383335403682
2.29832829182703
2.74922056877841
2.11565926647035
1.24571026774362
1.7787441688897
-0.238001767310591
1.69971957104046
3.05879456744005
2.65884121712244
1.62022081260212
2.95881257698682
2.56403884304677
1.69520888915665
1.95939298793934
2.82473540925349
0.86657895522171
1.30180728766737
0.887616788849437
1.40182230849244
0.01868312524708
1.17342487114507
1.48971996436605
0.910189291828154
2.05422252052597
1.86299247610254
-0.226985849537322
0.949761358725524
1.81711377445567
1.7972342325996
2.40383050404531
1.10843944639957
1.72431048996422
2.02516314650792
2.23488328103574
3.57626597215412
2.56572069317872
2.20998560552643
2.2807363523867
2.61868322037257
0.830338323960243
1.25461438360044
2.24990147807546
2.86524711922451
1.61784439511228
3.54432856687554
2.48130449137655
2.99415997369026
1.85515083027957
2.53634302058477
3.07211352969042
2.59191015027712
3.20368428624128
1.96517947200285
3.41962424128647
1.8373087261833
1.56435119185279
2.24218940919367
2.44547046392794
1.69227566223536
1.47551027097833
1.1010912399295
2.84605259853872
2.83562348601032
0.67614018301559
1.48028858986413
2.58332994392496
2.8977236822656
2.63645239777816
3.0245429236523
1.3041217525926
2.6854461200392
1.3131221967384
1.11859401069585
2.1187724006116
3.21274141497444
2.68876703289496
1.58026357461143
1.295718900132
0.886550570561789
0.934317091621633
1.03552285851688
1.9498809747183
2.52061357301042
3.35850342745437
4.70506889235464
2.27428237081725
2.14413610724081
2.24299005432618
1.85822132126226
3.1897685213881
1.69695812350928
1.72157868666637
1.57167685996864
3.10532310187229
1.29882790903759
1.71967787139479
1.49570482096967
2.9781752380735
