1.28845042599335
-1.38653634385929
-1.40667608302522
0.421934769130648
0.896710367238733
0.9692971366719
1.28326057540012
-0.735931039014831
1.96173315162194
0.92316310158116
1.04875073162899
-0.869861044133957
-1.67977405554794
-0.755371864836519
-0.0341790929294821
-0.28186062963499
-0.191470844157096
0.123868908912511
1.76788439606281
0.485362369818832
0.464012626704688
-0.810377054573772
-0.34940956918171
-1.12716529781423
0.344451964185248
0.853437899341491
1.19544300892919
0.763355921935172
1.12227998692824
-1.71931591000876
0.498790832140193
1.90010682968001
0.146403337867994
0.141698513805953
-2.1833402729103
2.10805248041059
-0.990727223023854
0.143254422398841
-0.548635420635773
-1.78284426240302
-0.575278095313847
0.171976532902158
1.41882123132547
0.298930955646998
0.73207186323158
0.569365434762093
-0.130087927137907
-2.33350022428484
1.31290295207066
-1.56590146845612
0.480527330206588
-0.791022885128704
-0.241935468595709
0.281976231917421
0.237558076665717
-0.109271064887839
0.0696254577230562
-1.47037386277436
-0.868714534181859
-1.43978754545307
-1.38738034342272
-0.604768399397344
0.0504829802851864
-0.446185111581166
0.966192010414208
0.902517661550501
0.118735283369025
-0.049803733862799
0.270326702034065
0.307159593254879
-0.327883615398746
0.109638528060033
-1.13410434508432
-0.235759657094971
1.02061363523854
1.03827205711506
-0.249360782300458
2.06904672387838
-1.14399083361429
-0.730040831658654
0.552345094848162
1.87626086633591
-0.809212309834909
0.18065646371879
0.685977567091496
-1.215156110318
0.57764884586225
0.616422064581044
0.0358123956388698
-0.202438229503175
-1.30911395770761
0.0479062985185987
-1.74189243096142
-1.47724113095495
2.59185765333367
-0.063429145678835
0.285514362572903
-1.45961501347559
-0.131746089019936
0.90752556267728
-0.169930815240651
-0.389112494511382
1.01496805225571
1.06552318437626
0.153320160822635
0.460922045903491
1.47339914053009
1.55917873983512
2.2012367876894
0.599113425825775
-1.84965314886656
-0.429195100508181
0.519383005348819
-0.264681980569361
0.601695222125881
-0.95449202546817
-1.00005724204774
-0.341107555033862
0.759931318833195
0.0097594185636664
-0.416950588313603
-0.337205555829397
-0.75634372222715
-0.676739134228845
0.253381043137887
-1.01874126010592
-2.11441663436179
0.201252649619961
1.35476411985019
-1.37756565910373
-0.211114199504608
-0.269799577921865
0.322317786519651
0.721462071631219
1.3654787553783
-1.71282171881598
-1.55789664114281
-0.174820064261621
1.92118404959466
-0.155938425628726
-0.135550683787579
-3.21247217973299
-1.71382662809552
-0.763553971630358
-1.12596814440148
1.70206633201043
-2.15438534029591
-0.240229344043302
-1.05633544737714
-0.75380349423633
-0.117508075664869
-1.07445689072787
-0.83580321956531
1.35186642959348
-0.488063481385972
1.39294170813877
-0.685221366093272
-1.58659997533545
0.634976533513108
-0.451741194123058
0.686974167265392
-0.578858920199499
1.31157481011741
0.565791224384876
0.336118207015748
-0.459047792376878
1.12666553311032
-0.754608249801557
-0.118078322473664
-0.362705410421187
0.0854158297282224
0.948448328271057
-1.16790000219656
1.40551187466352
1.10400386506959
0.693548008394229
0.534434562900309
-0.324067898414062
0.727083602923758
-0.0278333215771325
0.425221326957197
0.0221825482538966
0.123478407799316
-1.55765761576647
1.50771868146306
-0.627918422407624
-0.519131282385334
0.983663694761888
-1.24522999530946
0.0273992042032801
-0.513977095274389
-0.864260158638904
-0.101529715251451
-1.68249789449847
0.496621641044927
-0.125303241705107
0.867701244244307
-0.0972619111615597
1.01132076608829
-2.33657555800037
