1.09732245341974
-0.031427931321607
0.774863759588541
3.03663472094619
0.262933405275969
1.23826371105765
0.697630038433183
1.18151932456276
0.96256097217491
1.53438881891541
1.38980695838843
0.517759135728103
2.03071039069496
0.941888433390395
0.43407332172163
0.56411923037262
1.14056176510394
0.267521945362761
0.375184697207411
-0.0636451871256574
-0.288579523397181
0.346430460906252
0.582881571893959
0.18000618005762
0.0402164877350091
1.2891450211277
1.59120169420322
0.669673235656364
0.361642303101968
1.01649773177561
0.953641999535178
0.512023038991723
1.42726867136148
0.517506101160734
1.0715973014161
0.892155846950923
1.77174001528956
0.834481987279313
2.94924304264207
0.484024646205213
0.977016427345323
0.041863538135575
-0.338382252933234
0.203603634255254
0.448467132987564
1.95108330749588
0.585336907106819
0.120230084483292
0.46665081453788
0.685840099023127
0.124743451666338
0.344574499717071
0.00688335903807018
0.158275692969731
1.80819314137096
0.53879094754047
-0.265019431852676
0.327061607083786
0.371875167687378
1.43161734642751
0.611466675796198
2.11574317126687
0.761024332503774
0.0728616073435657
1.01532452128638
1.24824975434934
1.18688940648384
0.781048597417698
0.0692085429627796
1.36293082904215
1.30037801268865
1.6847524061855
0.582968864120583
0.45756824204447
1.49383300284502
0.823055927936051
0.742408053222835
1.81858018238
1.16343735266326
1.26694544188374
0.798478018051229
0.189303876541884
0.829475321131103
0.443254820997217
0.499646301821717
0.698358189499214
0.993575070531607
1.19592395315648
-0.0346197262710939
0.00370144470519457
1.20414345728071
1.19765366968735
1.24782162197985
1.39802058217392
0.14809050878801
1.24474818811289
-0.141156542099424
0.398667627912456
-0.229382074607109
0.689250611470877
3.27321542258418
2.78419698645879
2.09256231866975
1.48806755827658
2.6667968908878
3.20299446065058
3.28015398567586
2.08719762378942
3.08305524276836
2.41131906843083
2.00799621706694
3.50282555680005
2.46701267307246
3.19627293581953
2.90047696234242
3.00393402313849
3.79098275771774
1.93589589194238
1.75975806154568
2.2477070661808
3.23591276709311
2.50638279213464
1.95266494387158
2.6176542303335
3.23543005934057
2.34662949429237
2.50392811517684
3.11431618665554
2.67660333258077
3.1557143752301
2.50371466865745
3.04970262005304
2.30434691804746
3.36023533533124
2.87260761490767
2.64083199452839
2.7603170880631
2.28031468986265
2.54601210193848
2.65367528885978
2.22309023010642
2.51103815135174
1.98864395813974
2.19462882495039
3.58750862602579
3.27250809155995
1.53917834149296
2.71578538450007
3.43701780473977
1.82753688890321
2.02169998571364
2.01241323000858
2.97679274025252
2.96589425549661
2.20968684359708
2.33204316471595
2.47981654873922
2.3444263621511
2.14985507448758
4.72519405625665
2.29938883690441
3.25029721943147
2.08896603318588
3.84252336869449
1.54527458967723
2.45130113406834
2.08174519281701
2.78013438298849
2.13932415709808
2.68093137647414
2.49710418610737
3.2618362349562
2.33461197797393
2.12435280550558
1.57127221723888
1.74498374615763
1.90249716045218
1.13234496103905
2.93690331192443
1.83308189139924
2.91650041902095
2.24237002067647
2.58101148306023
1.61180873554985
2.54544795088436
2.80688569560372
2.11732792587345
2.53261464430879
2.59946041639108
3.52918691984523
2.9453210705813
2.12960017720698
2.82165970815347
1.72957501964714
2.46936427779723
2.67958162099437
2.92930553040517
1.73463558976834
3.65689591086612
2.3038355180732
