-1.53895817752313
-1.07499688417674
0.589545115427775
-1.13419343898561
0.401810540453856
1.83159327711443
0.328213910777492
0.377530254648005
1.09618949635198
0.0212855820638939
1.13956057114901
-0.728993517848782
-0.292963747320681
-0.914456289036233
2.5856290537922
1.00674138262759
-1.56246186068153
-0.681151786664264
0.00123572403390451
-0.752717795018586
1.16960990407672
-0.230913435071358
-1.4075146225837
1.63225505383732
0.0377802708515725
-1.55648721009086
-0.95127644898735
0.203841890032447
-0.484135145747769
-0.675732474120376
-0.119372373815549
0.0852318097093651
0.267452913686166
-0.269412948148624
0.114001610532959
-0.504098722069679
-0.333770711190608
-2.23403329194793
0.771597411629726
1.31658512987785
-0.859612159747795
0.162963187148159
-0.278343127894242
1.76483746148007
-1.60362038755614
0.735520503957599
0.965133059341396
-0.535259053300527
-1.49982525494341
-0.186460087211108
0.0814405439248372
0.704481511885065
0.26407756140948
0.122911860598421
0.240929825897925
-0.387038397012541
-0.648240240623509
-0.787854129500568
-1.96776689599002
0.759161531326663
0.513649137404745
0.33059249679571
0.338317207951881
0.0141118557185911
0.373108236333531
-0.922931515779436
-1.59134274319059
-2.1692762286663
-2.58985521314081
1.11126520340285
2.50214345997502
-1.20434319965984
0.462958598235041
-1.43732891789533
-1.97816415649509
1.74573550580035
0.841954105555166
-0.50583950951942
0.325960958222995
0.0859792817563837
0.374742025546692
-0.00389760730635414
1.73738386119873
-1.76270623185809
-0.372480443690379
0.202132730039651
-1.00831716620184
0.675552499365834
-0.893137224580546
2.41608681645184
-0.468360912743036
0.544576130221357
0.957005328503572
-1.6403634971174
-0.174187885149186
-1.1288089609314
-1.44835214305414
-1.97208855487073
1.17075275569697
0.641858143339
2.1015879619232
1.99349610157896
3.87390391720242
2.78214390068644
4.02423584026849
2.94721763004862
2.23500027421204
0.697026444879622
0.698233026499502
-0.17324750388559
2.77789822138793
2.48791102499063
2.84866440381661
3.17651024373912
3.16078991101832
0.518287039815675
1.35132419531133
1.6551827142795
1.77002200452805
1.33315574193202
2.20980076015458
0.958006659039831
1.83610453659862
2.58681611917007
0.344556796146971
2.02367664654867
1.75767223607361
3.20289804144308
0.754451854159293
3.23996533649877
1.68970072476126
4.01636176902627
2.58320907655656
2.2132124774599
1.19346269161924
2.37556453433259
2.46594651737746
1.69727532642639
2.26009955575437
1.48138682649524
2.93259227826618
0.366063166085064
2.08063315327101
2.07610846905871
1.52858579541384
3.27022829735423
1.7129055425833
1.9586722173671
3.37940788304355
1.86081466622731
0.562082761481944
0.940575775491132
4.39014659457358
0.067018654780787
1.53051875323427
1.41860036790617
2.42741549082865
2.41020866670844
2.95604019451572
1.38477057859371
4.91091457898489
1.2730919207095
0.983969504340188
1.56644163043021
0.760626160525553
2.54369675595229
2.48219126006826
0.839445226024496
3.26241974995025
3.36617910871976
2.80034353732274
2.8585264490798
1.12405137131116
1.5220822734063
3.24122569224892
1.89811321358295
1.95981935689338
0.00659494670975613
1.80988357691358
1.50507668775302
4.3886081174223
2.24076823313809
0.321813508220298
1.55851906460749
2.42552877897329
2.48534592480182
2.45260465879103
2.32044308102576
1.30723988590343
1.67747024971753
3.42373884730002
2.0428287338049
4.56220522683291
3.21925228758779
3.66558659046533
2.63814919782089
2.90634877250759
1.61876595026152
0.0982868889370449
1.52170577300331
