0.0197415407884455
-0.296220757914959
0.169850662792057
2.67112503937606
2.02179407659772
-0.494013855126006
-0.786822851785575
0.41344407449487
0.598190521873176
0.293492875102878
0.660138308200686
-1.29914311214335
0.643353086666206
-0.276701074633376
-1.54180260920884
2.73521750499849
1.02614635628206
0.4168613625644
0.880603685530754
-2.05389235256109
1.94117076831064
0.882284758218308
-0.0482924187657413
0.479049347482994
-0.393288569950516
0.180634179790088
0.47830377177514
-0.889133472143497
-2.88797253509391
-0.931454445236616
-0.775208006979359
-0.553725003063993
1.17273976468912
-0.221232225179512
-0.525211766815979
0.825691266643219
0.978205406462044
-0.146961529855819
-0.820454905266887
-0.057431654757772
0.642413451111523
0.245074853109306
-0.647714648003016
-0.223698240678421
-1.4369699318031
-1.19925805205533
-0.0968272370993504
0.496106696645332
2.47005680031691
-0.623658537319305
-0.568691750306874
2.04260606482427
0.467312125523341
1.29033803280999
1.355837587705
-0.646719991890898
0.0273474259314274
-0.614309058667846
1.15587939459601
-0.472640833386611
0.743514369423601
-0.219493466933729
0.0276786418045377
-0.532202455324726
0.573313148664604
-1.02592411943508
-1.5886285825275
-0.396440583775224
-1.20558336537495
-0.106879315992021
-0.416001375804682
1.53005602890461
-0.736950380925434
-0.603248944097552
0.359985796754579
-0.111766885931398
0.951749080787297
-0.0553544807743699
-1.15065052173884
-1.18861775497585
0.770694793342512
1.95475214878298
1.18112115876557
-1.22222054337113
-0.00810984880869035
0.776350884681212
1.17010594087183
-0.0532314385154322
0.563961916158324
-0.68956108729252
-0.671150308716533
-1.52756156322438
1.3693014592469
1.66607242882268
1.25017681537714
-0.473225233022417
-1.4657645343624
0.713308159601315
0.84781365112892
-1.19732134011702
-2.18770476859876
-0.452530397510219
-2.12069925827034
-1.1663664665383
0.170538567862357
-0.613928501385662
0.501401941308277
-0.179883274696196
-2.63788183280656
1.55485257495123
-1.9119182585646
-0.735018140010038
-0.41881478023819
-1.07212249020049
0.427704335775174
0.112481026315085
0.722923753692846
1.27004620149121
-0.523467066266827
1.76498830913878
0.485072691990976
0.876938837477356
-0.513955552554842
-0.807765285366304
-0.44350112665516
0.330061166911423
-0.0471386839319179
-0.943858785213986
-0.246615431846912
0.0724483060290132
0.00364512524430945
-1.58067000587974
0.792901463917114
0.709391689730052
0.151699716691067
-1.37859433473284
1.1129138973022
0.147122215428209
-0.855366341994118
-0.169382190694314
0.173695743500233
0.733827942663511
2.66070749702472
-2.20026161581586
-0.396646972030692
-0.241722739768275
0.37999714623761
-0.190968635908983
-0.541379949178786
-0.428515278450319
0.1142912834363
-0.468082867896802
-1.96078015390156
1.18473310233867
0.381310827409175
1.74115228258695
-1.29960566463991
-0.887457252009621
-1.35257591035543
0.589555320954151
-0.480806160365422
-0.0130347510554229
-0.700579058735323
-0.310722308527516
1.73816682563605
-1.12528296104557
-0.263012118133258
0.618053547020525
-1.09657477264636
0.619127813823833
-0.0618924690454235
-0.701537685947539
-0.00636074950182793
0.619049661374721
1.0154888837734
-0.524684376028788
-1.32053100267747
1.23797795711827
0.687719237991595
-0.405266325870941
-0.0933338130787458
0.823729122850407
-0.454424582551866
1.10714415701509
-0.135540900916074
-0.523185261778513
-1.17461257034262
-1.09755062451037
-0.666727518949531
0.100923013616756
-1.47133218247529
0.508549990510828
-1.32425642224604
-0.00730042929315306
1.24912038726475
1.7246979544711
-0.69703760490423
2.11586950559502
0.389335850161713
-1.43919806188909
