-1.61949044098106
1.0954414729283
-1.53782818767407
-0.258843823661432
0.28647822213886
0.851315894587676
0.807271812722863
0.0528460557779825
1.97710869510257
-0.430941250293788
1.06890630740179
-0.701721121123542
-0.630347516667141
-0.923135357339041
-0.441881655886111
0.166655697803782
0.649157178882123
-0.235041517995644
-0.359807352636623
0.549227331771765
0.932068412736059
0.361240850717237
-0.667205503255484
0.689318631754237
-0.785483174506067
2.01986587189845
-0.633577815460594
1.06864515053865
1.92804008542226
0.0151074486239982
-0.887009137810405
-1.94990023196722
0.868079636786526
-0.937152732485318
-0.828272655635847
0.741586965742652
1.49084933329906
2.2516318635068
-0.0871659536925151
0.357261089132768
0.214601617414513
-0.441232685029041
-1.96624816253789
-0.441822449120773
-0.522954144423264
-0.680175638022273
-2.37279373276246
-0.222073840804004
0.114193055697357
-0.115944614321809
0.0805134976676336
-0.0511198554461297
0.981674260627576
4.15336054212671
-0.940277320232587
0.0119451754162449
-1.27230986830902
0.72471368011026
-0.0194789097767461
-0.47072262032284
0.741505319121644
0.171232017894034
0.910041966421102
0.535284078996411
0.374092458287042
-0.706097881320659
-0.160003329605967
-0.259915559565715
-1.75867786806861
-0.7120668535073
-1.70735051391114
-0.910791227070833
-1.03030693728019
-1.77105908017964
-1.1538145012418
0.0451786762635325
-0.18585404354843
-1.07171669317231
0.0915822108366695
0.377705539733331
-0.48083251123345
-0.84635707873526
0.835236597730361
1.17570851209643
0.809181292500265
-0.179765137386494
-2.10035755881034
-0.0720306167829711
-1.58034360004732
-0.541524153621148
-0.39350413498782
0.114184148483041
-1.06740874235771
0.513123861552499
-0.808071976379441
1.44442112059863
-0.0667733533292276
1.69982133447502
-0.186137610597223
0.615566705392329
1.65442312567489
2.13835396874825
3.28759438716019
0.971410669839247
2.03439859462594
3.20841539405581
1.15891557707079
1.18912831072401
0.925371888789163
2.51746574273472
1.35172313145391
1.84782929147247
3.0189289344018
3.54160630173936
0.934879992940053
1.33032719298242
2.35899636332032
1.39218062243306
3.76522300533005
3.26301403433276
1.52300162704499
2.82271899257896
0.389641958646398
1.94455333053401
0.715187338529359
2.86697559197139
0.752203708259876
1.37900902126251
1.34120208174861
2.73595584942519
0.734261819283159
2.73110162217629
0.958009624338783
2.72078366518017
3.37374577553519
3.10172892964716
2.85845698919296
2.31139509898593
1.67355625226404
1.45441008893892
3.11103472951268
1.46271175372528
2.01581270665472
0.305846780484101
2.51513510293945
1.32691783924083
2.54674468177073
2.33056755319222
1.8483592787521
2.23309293609481
2.09148307776593
2.08402922912759
1.07968071655804
3.02972236531823
3.86777694305201
-0.018871166073795
2.66188008631315
1.44109767960081
1.43270666001856
1.87694085307254
1.57732242324254
0.836797900477567
2.0366137153966
3.68970201939275
0.648517201124862
1.85605646094046
2.5813849061869
2.40208999544848
0.857752921892207
1.94743692457962
2.77570816844095
0.0276253660242449
3.296355449738
2.32372784291086
3.61632871929359
0.487941718722268
2.88877952657811
1.93211039045242
2.97382013822308
2.92304906530206
1.61421992433735
1.11751351281679
1.4932764081629
2.19673380599109
3.42530230785765
2.90688488377462
0.156275235078924
2.16589702659806
3.04904099373579
1.05506426487173
3.24603825478751
1.95899797206043
2.11036305591493
1.33683413994896
1.68527899440306
2.9596373311418
1.07294180407783
2.34805107927879
1.97033976701278
1.83018050566841
