0.086622115079196
1.98764188592998
-1.02377091239485
0.00326929200929454
-0.933567720291098
0.215565646259932
-0.475169644622058
-0.324971041251208
-0.649059872336688
-0.631511825199296
-1.12650687665461
-0.210240713815233
-0.787636813483611
0.641273106375729
-0.668349425178061
0.0541368199829473
-0.680773504768414
-1.19554524407235
-0.730093259691305
-1.57875942130204
0.311535300160239
-0.420055870192082
0.0143671389754
-1.35596998536977
-0.500991872811471
-2.64466517842591
-0.538104445999179
0.264711646956898
-0.42693339841435
-1.15546974358959
1.52087975459146
-2.62390381934558
-1.65401559819245
-0.49847483912692
1.33962404361308
0.425836295352662
0.991082029250608
0.327374765906034
0.480791009419697
-2.05959534828591
-0.15247619509066
-1.32300566517513
1.3172229851362
-1.20984191291633
-0.321260300357928
1.34239149898743
1.58155409244197
1.56082164063763
-0.753848625180993
-0.278748465949084
-0.303274036474062
0.261046800468961
-0.314878774827149
-1.51785952076238
-0.0196693377643149
1.43084481153761
1.78949985370939
1.94869983551253
-0.548023218528674
0.523299789490658
0.0903919465984927
0.568654829907656
-1.44483894218396
1.75035840843936
0.52370914563801
1.43936098053839
0.487210942836273
-2.54809897068554
-1.21522853847158
1.63541366161937
-0.842798019759723
0.955028467256106
-0.715996769173525
-0.666790370308605
0.449533038002845
1.33763707232706
0.398133071879145
-0.702231004688249
1.02139210257902
0.106652155165233
1.22801223841038
0.543883136040272
1.06776735105922
-0.279368859291571
-1.16358324315184
1.63330869966361
-0.356848899655507
-0.871670533742199
-0.07393614471755
-0.729137844343161
0.656501580402415
-1.01272387843511
0.453128019794245
0.385954971904092
0.618637853544633
-0.978866216881104
0.631678843584058
1.92879805158094
0.779383005989008
1.55860596161555
2.1345971007628
2.41945026939944
1.6404532130012
2.48477452349359
0.70482018379535
1.54479592919119
2.42961842478167
3.55434418850681
1.46602772089943
2.56126696802162
2.15837156389972
0.220713763974012
1.96542607658102
0.857341234676122
1.68453408884529
2.44308895577141
1.98474321168249
4.10973748606598
4.17424319770373
2.94091244321371
2.12613535716938
2.29492610441169
1.99734632420534
2.35832644389549
2.39615315540312
2.52416784865158
3.48229894792964
1.77397463260439
1.17668317953995
0.453700194338106
2.57845282594945
3.49258696813421
2.03306866438204
2.42600828415743
2.44840282212796
3.03882022462288
1.85895728393789
2.04649694398679
-1.05434422261946
-0.193746405224302
3.25107244315765
2.7366808732962
2.71154430568263
2.61856426031996
1.79346846308794
2.44675803906683
0.916995459909555
2.32241487217497
1.89022757319404
2.92080629549262
1.49728210680356
3.18425256256019
0.740272183388997
0.79102799930075
1.57144682430969
3.70622310276223
1.73490819120131
4.00727538000008
3.15874815697356
3.16757881705817
1.98466861178929
2.57686752450696
1.5703612568416
2.56813663236065
2.39094156388657
2.59534812271625
1.05155271737169
2.51795091164878
1.11130854234274
1.89429195196706
2.03179284964509
1.99342474314627
3.27949713087452
1.03773377744113
0.465217723096276
3.40045542898398
0.584618613473575
3.20493839626937
2.86561875761958
4.76046270782652
2.56885166090495
0.533122223900461
0.461182016038425
2.40294493308181
2.36832815664086
1.13408039940702
0.505236435948896
2.68052031135367
2.40866409461058
2.79032420446761
2.84758403156681
1.91477259159556
0.854882576053919
1.90740051088705
0.357284050493704
2.93193981980648
1.90329578549535
1.37580529066161
2.08965551856307
1.50910395316335
