0.19451158413085
1.42000790524091
-0.612504039157511
-1.17597139582951
0.186873638179468
-1.40249287758847
0.798862870279585
-0.869163359664381
-0.245993666355709
-0.392426935720475
0.063421145880602
1.14765678982842
0.374269822596162
-0.686520124873327
-0.467459092513427
1.40129539171295
-0.991801004940474
0.927535338369118
-0.788953604679599
-0.971054558161525
-1.00906871842489
0.24321934137474
0.00307029344591726
-0.226848960848342
-0.556029213992178
-0.555698610743669
0.567289471561509
-0.87488340601441
0.820325713005903
-0.42328636930667
-0.734734312415135
0.415451082330897
0.485654730465748
-1.50601372523351
-0.0781896689483103
-0.678755489453927
0.743033551097538
0.0634971682151859
0.296594390450848
1.21880840757234
-2.04329481157252
0.516410583260271
0.323150055216179
0.329364715141562
-0.635123037864312
-1.25586210414135
0.91546877989519
2.43055129508297
-1.3909225265676
-0.947121925006378
0.170079949569812
-0.758449455358207
1.3668357108776
0.916305413390293
-0.610333740523816
1.81551079792749
-0.603086094916676
-1.28696978994761
-0.445392162651207
-0.499293260127064
1.20351521746818
-1.83754234927283
1.5116021441231
-0.82756785244068
0.875908228712295
1.62346885990108
-0.704611122725577
-1.93612328867422
1.78116405980855
0.845150872267943
-1.31382405552996
0.673455960824968
0.849424498859001
-0.160546571614016
-2.20495545819753
-1.65598182233393
1.49119808377184
-0.0703394200049345
0.0763706506006267
-1.02340880660115
0.442782298833053
1.47987732774692
0.606416324374403
-1.50037949393698
-0.207580395391372
-0.421064391833541
2.25992918807457
1.45882098063935
0.265077157154202
-0.444869615823454
-0.668160617852731
0.173140697849555
-1.46314152637571
1.56359121997842
0.597631771874941
-1.34029034329869
-0.658933691792869
2.80924175552548
1.62403330862941
0.126137324486399
-0.724317006049305
-2.01419717577699
2.33300915865937
-2.44618921457271
0.36464883404972
0.5579257182994
0.0109440845396329
1.27983410620156
-1.50112055447703
-0.286749943391885
-1.34177591886267
0.426074058191795
1.26806178890913
-1.46014846711517
-0.10295702974596
0.88677383739631
-1.7241315609801
-0.342131623960941
-1.52579730169377
1.08088135682417
-1.2516215680362
1.68957280866182
-1.03450722451565
0.659983524395526
0.772074818536681
-0.943497141630722
2.16395326582979
-1.00337027083097
1.38676397821065
1.1139316099825
0.460170795467449
-0.509995528689685
-1.73738390544972
0.404813053076578
-2.13875741158139
-2.04957892402283
-0.165769042441104
1.70253103189635
1.20169323586561
1.25976618870702
-0.359661468037313
-0.843280159543192
-1.98769333520979
0.0736458553801517
-0.214181790593787
-1.90973835884785
-1.26408134291094
0.0826535362176795
0.0937386346061196
-1.67719239240233
0.803544626400401
-1.26927721716035
-0.152064154428543
-1.20248246506389
-0.122286148930042
1.30887890745227
0.0433176944751954
0.968558103565913
2.40081974070253
-0.986624932423418
0.6911522199771
-1.5300552824434
0.154724366347928
-0.212104356640434
0.728652017687862
0.100279608407958
-1.01586880832513
0.0949921002243774
-0.48368901694982
-1.61210147712595
0.62142406926977
-0.207897446412101
0.468938866174724
-0.332688983453983
-0.598642228110152
1.28026662356485
-0.654668893194465
-0.278205544466492
0.53686198690019
-0.422219535219595
-0.251044853686375
1.06918318516704
0.968514202705978
-1.01266401450338
-0.737131452752456
1.16746111061861
-0.390802622452301
0.0964709755919592
-0.357679066602976
0.928417674855059
0.419337357520714
0.422038983785071
-2.24577832060688
1.34534339855792
-0.159835891396667
-0.451351270732154
-0.238532911670789
-1.010408608729
-0.0600752962153458
0.727082673139479
