-0.725390139524322
0.89205304341894
0.0902894373437353
0.014971602923222
0.709278366622653
-1.29126156094058
0.221827933088504
1.83233729358264
0.198519856450231
0.298881649449357
0.0518054977941269
-1.84046056412717
-0.54823918128604
0.967899379337071
-0.192693730038835
-0.589525231729939
0.55585928457906
0.160285916166636
-0.505360908205336
0.0140963578619812
-0.0579927449223936
0.228463351841496
-0.338929386741806
0.576366171156924
0.295080517434837
0.403662227161742
0.969736396738657
-0.128434100588509
-0.588634999845266
1.28379227449116
-1.05629111241158
0.715901924396198
-0.230419903317972
-0.197540638247276
-1.51654453601212
0.466721611730358
0.903742902092861
-0.314638554837152
-0.986662094778293
-1.14471639087223
-2.16678145120834
1.56604505940306
-0.94256253211388
0.650794810325202
0.362163312774576
0.123101770947803
-1.80168471255702
0.613735543330143
-1.31308541902112
-0.128567498566284
1.58845951590483
0.305659439591763
-0.785223013824354
2.26442823025353
-0.625429023521829
-0.496025294385343
0.252199703702321
1.21221222898194
0.582390323264768
0.225097240923208
2.25374747217917
-0.613223002693365
1.38431909278875
0.944756871558428
-0.908988995905145
0.260779993797485
0.883059786102596
1.87914953310256
-0.0680434150816327
0.77660174468227
0.271269071344427
-0.388236085860436
1.65446191796148
0.844481554833197
0.0562237633730084
1.56311042661675
0.380102141651437
2.73230822563369
0.756621707878588
0.459081799904465
0.0935382360873602
0.57341116128834
1.31102379249884
0.0238720892906509
1.99777796254256
-0.173672495305038
-1.57285480265747
1.13454278945249
-0.590518094685762
-0.224882725572614
-0.543404468104084
2.47453968998905
1.69527637077589
0.390786705754602
0.901053791315812
2.27783677065032
-0.708677898413235
2.28791324769803
-0.311616307468132
-0.695910931998894
