0.164160271876341
2.11944365528993
1.00536880696379
-0.170931257085469
0.664124638919098
0.587654465666818
0.819462114918489
0.405912059915915
-0.84113968905954
0.611000470873075
-0.397477764816382
2.27486940717582
1.5222714746867
1.27317961725381
1.0475509044052
0.537331616322798
0.868086412894821
0.466469594239137
0.655347543439215
1.22758541635462
1.32239762699967
0.371623781507384
1.03850408659105
-0.353236278194089
0.0497170167594378
0.753233763481255
0.109076600450727
0.259016720212631
0.794374644945502
0.241050818482103
0.745634214125541
0.755638071333688
0.232251724192863
1.29056041200876
2.02300174246605
1.06015349888172
0.697655174705994
0.353723431881436
0.302945010534179
0.780553506606587
0.439410143261877
1.67779117289964
0.585009327286879
1.01336231595904
0.968062141595872
1.48445865363801
0.431791519805555
1.43719425237471
1.91856851051908
0.266249803067222
0.201918728275689
2.78018940615782
0.409836828534252
1.19358962647192
1.37729325524832
0.208301768149756
0.737331352785397
0.242781441076213
1.2529041374393
1.14933938067225
0.396661714508539
0.556365967599389
1.37278215734688
1.87014819162218
0.863244924555839
1.1398037236471
0.897947365137413
1.65366261416559
0.416759636228946
1.09644484627051
0.0379183522538191
1.07982120666713
0.119462899927367
0.342409907391624
0.0521129288343213
0.980796795351205
1.8813975855716
0.792137895363508
-0.884666107166107
-0.0061786986780491
-0.146513478997076
0.176902579774508
0.649739013214452
2.05900713992248
0.505217819299603
0.928518947118357
1.02294229967049
1.34055804267452
-0.0285507481663485
1.47511914388034
0.993071613812773
-0.0356057300537287
0.955577231338093
1.74242198040971
-0.072415605474825
-0.157363655685273
1.56360464112413
0.143984897236349
1.39197367578907
0.751643835691408
2.84624845790543
2.88884389090713
2.35068558421234
2.56990914781409
2.95769806655413
2.86048779281726
3.11080826081767
2.38296374891242
3.28646308678852
2.71099496659515
3.64880111298546
2.7108667440129
3.10443000255192
1.40141379819333
3.62172975841679
3.55057569123792
1.21431838115233
4.0104645731667
2.00445342737819
2.83330004506209
2.43306461345139
2.76881850123754
2.14607104520644
2.54995175338415
3.50267065350624
1.80573715298788
1.74887755232983
2.13721215093916
2.49412548719957
3.30608569175047
2.51112364139149
2.87178839076246
3.85720215413511
2.4580652852498
2.46556888606938
2.99617343662464
2.21188599418037
2.59122413364013
2.3395788084794
2.44699694558792
2.24505965421081
2.2815668624026
2.79027753309664
1.66767489232839
3.13958731136638
2.62977286363883
2.628854833243
2.87791058164443
3.91859706053954
1.36149558637013
2.50256317907264
2.3422370201372
2.71578747433948
2.09747030373106
2.9508166799733
3.0696432583827
1.74018981996704
1.29708715705553
2.75910437681401
3.95515349988695
2.11123084732867
2.37514259057193
2.35170534252315
2.37537641094836
2.46462766406798
3.05773663479966
2.13131850981877
2.91321644971765
1.85407975355608
1.81127898092435
2.68295741083425
2.22828644148091
3.01315315432305
2.04342283296562
3.30513883972754
3.38154506530474
2.19850939348638
4.2271723129982
2.38771102212626
4.25371492254974
1.96728709697282
2.51794221692021
3.17503063025025
1.60911495337822
2.9793718053296
2.66121080094294
2.59427144194536
2.8985245230357
2.08415707341458
2.1249630704563
2.02328989720084
2.29971625467461
0.994073972389677
2.63978017676348
2.3582762421603
3.74382756645614
1.74165723355083
2.39386629243762
3.00624267974513
2.43820217894236
