0.348990326858103
0.540298223823235
1.47088396686733
-0.439255679024836
0.672480333699467
0.905680074444772
0.495421529437705
-0.495863661366425
0.370992044241948
1.55526567317118
1.86784929237898
0.536666275328946
1.4148312624531
-0.319871854305153
0.859181232328307
0.501274540734662
-0.346935191282229
1.38484659369637
0.175695150560308
1.10741865136235
1.43791610191244
1.32529024748303
-0.321913088407483
0.805831950687101
0.0157502300274788
0.385524648858966
-0.161265126917401
0.239240626429667
1.69936956654032
0.264722576662561
0.538993444641966
1.35706052037258
-0.100228478888226
0.774091404749345
0.322463312368919
1.13242852176788
0.925354087784163
-0.204713991084847
-0.48284023387556
2.39559382325273
0.465551913558986
0.681896029735716
-0.359198462374148
1.04747606414413
1.04981035503354
0.461681055889288
1.88615717247739
0.295002503803045
0.114978388513083
0.344809369109831
3.13290570913544
0.852900046307092
1.27499839643977
0.805508265729922
-0.503570435718661
-0.00417444528976357
0.446087524213
0.403877518103978
0.328900165443227
1.11639355611317
0.651131660810119
1.0482959415834
0.506880648172494
0.624308740472186
0.140914203510011
-0.111922474915002
0.343411136120996
-0.833412810862392
0.00979468733574268
0.554101947559468
1.64480985483678
0.870475005762432
-0.670441714925321
1.69759351460119
-0.105159800148678
0.0432530608304339
0.523684496794953
1.20608871054871
0.0363537882240455
0.411812216470517
0.434547718648003
0.050193247836806
0.197290934829711
1.85308458375691
-0.314438947706034
2.18747665397796
0.268979199159192
0.354151951307902
-0.190441422309328
0.448118141817508
-0.0445645532466389
0.449958300230329
-0.433813159633699
0.910088637106487
-0.221258032178744
0.495832392552433
-0.0164682097370864
1.19255969077135
0.966209124971902
-0.257146323654749
0.962393827414452
0.198644274888449
0.345602212822849
0.512833473678561
2.08161377364854
1.05851904873094
0.662800845237441
0.758145098411008
0.971490358128583
2.09612699685014
1.01591623886484
0.634578814562043
0.360495319472591
0.479098209527508
0.234169099699616
-0.383578991956691
0.280445367763185
1.61446428390823
-0.0841481756225609
0.183949994802529
0.0715441104451194
0.783342705313553
0.738327452914568
0.0985698382557943
0.391009060103785
0.572570066930112
0.647955474678476
0.048938904341125
0.176169545146457
-0.0515196304840526
0.607197981732321
1.85456654943829
-0.453711810630956
1.15738504443277
1.21282014015925
0.852030751897376
1.39314028396227
1.42784191920077
1.00046827096008
1.08147138733526
0.526605857103497
-0.425941314842247
0.931547211565028
1.26487883524276
0.869058657421826
0.70402367647445
0.75788735304197
2.21054631120448
0.926217539103301
0.291845328006723
0.530779578614285
0.495959084437887
1.04272378758207
0.555541628943762
0.89269559601912
0.807975278806106
-0.459187753793175
0.472352484759633
1.4017907376909
-0.279907943668092
0.594831609231279
-0.0447427527361365
0.456020702918932
0.440833064715271
1.27923666002615
1.93128088873129
0.295968075985896
-0.779440524089912
0.266113800263233
1.04167010152471
-0.0662271744046506
1.50391146069016
1.26458422695183
0.193773679696155
0.98477998084404
0.94572454847016
0.705639612745589
1.0850220613641
1.02458998017238
1.01868279239303
1.45712616234292
0.392669094959393
1.28664173307371
1.79927486523504
1.09108545344643
0.787913299483735
-0.211654318462062
-0.0170319281027499
1.78700766233046
0.666455028175305
0.565337894850212
0.635594150960058
0.0987354363262424
1.09236474483793
1.57416751873197
1.24159471364856
0.442072385641707
1.23836254521879
0.259258066303533
0.250749774044298
