0.0609551340640003
-1.27808685400353
1.34768712900807
-0.00902145458248927
0.651686023719716
2.1697904527897
-0.74921363199908
-0.644140676932136
-0.639175430114796
0.492441057120775
-0.440671456343485
-1.57918855147712
0.326925551563193
-0.662675951363981
-1.91636206567964
-0.83385251710868
1.40846385515016
1.84161537758661
-0.501356442580763
0.647115807463145
-1.17818883086583
-1.76578670463936
-0.420573110486557
0.309909485627529
0.0301101320766435
-3.15166991338481
-0.517451665638898
0.633894542565236
-1.07782935722311
-0.522065652549221
1.19658601922445
-2.440629396298
1.00993493774054
-1.06710262713846
0.717734882982922
0.139831958021912
0.357326150712475
1.52310279914745
-0.163687681620275
1.95978131052041
-0.984491258704866
-0.282187905302474
-0.53191911227384
-0.0436545168541529
0.183668206515436
1.34706747923502
2.0631720298098
-1.050573595154
-0.725711639214002
-0.228985946591197
-0.581236195769126
0.646184904123885
-2.05380309522067
0.181445258226023
0.700039835685851
-2.20082545077312
-0.844966929227064
0.943729899794851
0.797401385744467
1.96883037119924
-1.24100004207617
-0.421867390812758
-0.879036375442127
-0.153093423372322
-0.215820550015624
0.0772472463276286
0.358042254813318
1.24282153154762
0.683096356139308
0.42323600761571
-0.117909524581514
0.770308890449612
1.68369090333715
1.35489928135391
0.590043193616716
-1.77584497418266
0.716891153849006
-0.317472826685046
-1.32003048624828
2.08050562437102
-0.966951526512872
0.248615321091602
0.0481860779997734
-0.363704251854883
1.07669965720135
0.0469777667055043
-0.568607243666699
0.728196499391069
-1.27851612748043
-0.596286470487825
-1.7103598712551
1.27735597862054
2.47657278054674
0.571845223936494
3.49704087077623
-1.48504935541064
-0.348035159983114
-0.891633857422033
1.06504265190897
-1.60055956793582
2.68445779523423
1.28830029123722
1.69679564923461
0.979252497342859
3.52874932406536
2.8969142319805
1.01637381773135
3.3865994412002
2.62621472537263
3.43740379763143
2.99218709385548
0.91064580966757
0.719759533689581
0.947406266655919
2.5138648354894
1.93627995533125
2.27914222613704
1.3029470893481
2.32873962511555
2.86657676824386
1.3948768047098
-0.0832213060185731
0.716782536859834
2.07714810670351
2.23629462944207
0.666126250015222
2.53655906730682
1.87526977713737
3.13883596732133
2.33427669780376
2.42500749779001
1.93373236000335
0.245567750986893
0.163854933719932
2.38991766622798
2.93758182727226
2.3157582391353
0.388481683267346
1.09260209956952
1.81733442552249
3.59901457197019
0.0872672505884373
3.49848044044067
2.90123739380498
1.15173561551123
-0.105704706320542
3.19970699707218
2.56200294699111
2.38721096636651
1.14494309720459
-0.043449329271283
3.12050898883014
2.28423160448732
2.86388099752304
2.94038389076959
3.34363357017617
2.50026828054351
2.93754305016327
2.01671473386892
2.22805218595906
2.82252678985741
2.28589913958178
-0.272701843598034
1.99037326347106
3.99382254761356
2.3589579815377
2.53756288409324
1.77195757181735
2.62773368777422
1.30399759535682
0.404601159340554
2.83075022516323
2.87876270087178
3.95649494332804
1.68601896607903
2.14466590146954
2.72926313132594
1.25708233590399
0.736004753690441
1.58612503281644
2.63438765028322
1.89923300090297
0.821845019005183
1.06691215912954
1.55960526942416
1.40615682207834
3.89138380140703
1.68566014438497
0.374831272807023
2.34423991258793
1.68933244263275
1.88999345572231
1.41930470393366
0.871511529163309
2.58605735860353
3.62289086522454
2.35051350976662
2.07501196945532
3.21948726763255
2.86146486104391
