0.0543443949661932
0.104593542032956
0.474515074726829
0.0145952215928117
0.14375646707251
0.669383025370051
0.404752338713478
0.728156276632564
1.55203371733417
1.26598961390353
1.12995964057956
0.183333495510293
0.990816964369523
0.92753253301875
2.16670268101534
0.727439995135238
0.0691669779821286
0.444474788774519
1.23812979088322
0.849684152378671
1.6600519803435
0.111195606580287
0.796205732498469
0.487465312557279
1.40350895407682
-0.629997266609883
1.45034657812112
1.08260631847411
0.196355561972631
0.962060439900339
0.886371379204268
-0.399044022644517
1.50748681443742
0.594749075793679
0.23873810621534
0.781641503037642
0.0208506219444789
0.825040736544395
0.655040793659865
1.73885167166581
-0.174458300893292
1.47687115406749
0.361286968144818
1.33963105751671
-0.00618285474092314
0.262662686796388
1.43201612470608
0.665902452114104
0.44259752673179
0.819426328888718
0.176272855416862
0.433841048601484
0.35644053006886
0.928611515669317
-0.0176693520995277
0.105829591747742
-0.264961763327013
0.103308124970122
0.241456235620145
0.589706428545959
1.23797930770568
1.09118588809964
0.848001242400362
3.24645678672482
0.470538514674206
1.08072973107077
0.999623059398128
1.78945823785921
0.510532541265028
1.16234519855256
2.35133415002946
1.03591462072495
-0.172553555883023
0.354730225021153
0.124098571587132
0.653268808614692
1.02880272375821
-0.531834756121531
1.02247409701496
1.47947324668812
2.17779796090172
1.177192734387
-0.409106709700006
0.788616138612616
0.0580366601227568
0.505646370191727
0.956293276202469
0.328837490336364
1.82606223817624
0.375077524926616
1.10319660053932
0.264556324757461
1.87430366280646
1.19442705012943
1.98164353196258
1.95878641805034
0.189775425444382
0.78652790626122
1.39371931016072
0.501387652744126
2.16653524777843
2.01058965583244
2.76174998395678
1.93502359701991
2.88774585980921
3.051520414949
2.50071001493458
2.76084774071864
3.37949582778717
2.44008688115304
3.88084474347049
2.79565266835786
1.99936695566126
2.61968997014798
2.37492455353204
3.75874786389557
2.88691356792997
2.14560307155938
3.01756220579487
2.17086325564874
3.85135829807158
1.90212019461662
2.40523697315184
3.3785166007577
3.14020976764868
3.09103768910744
3.34795415657335
2.05960362952824
2.75929155456058
2.31879749802969
2.02285309303588
2.37956065429044
2.80538614935241
2.82401281283036
3.3150289166192
2.79257858902525
1.52371213883741
2.12789927772887
3.84289765655676
2.26252362887498
2.06212366395366
3.15618632645116
2.38249581805238
2.75437816111034
1.80605584694046
2.94664944085331
1.83732001177671
2.51808267354961
1.99457547513145
2.73548421257619
2.27439436749833
3.84762801754614
2.74187600927731
2.55456456872886
2.61936753088449
2.36279763397067
3.35657573499756
3.10139398896941
3.52330551145646
1.59832736868085
2.17237457219831
2.59872041950672
2.33957913842624
2.97491739416775
1.47489680053424
2.08735266759308
2.03041611438218
2.28772654356767
2.41743948454155
3.20540905571922
2.46093057903234
2.12857521890524
2.87302707783509
3.14671666569619
2.40529603822681
3.0182140153634
2.10403174620737
3.20895658654431
2.70248674355018
3.90206760808137
3.32672232883892
3.16726747522255
3.95284254310534
1.41477000112599
2.60303126115962
2.69296114250818
1.70740674099676
2.43826536529964
2.7254597435424
4.82906980853912
3.19823396267435
3.61320497353
2.01089189446559
2.31090602377472
3.57566126884629
2.26044341869814
2.60254625472198
3.6567615432328
2.85147617748639
2.80227640977567
