1.47342201685709
-1.24650825763139
2.65616247745518
1.23376898007145
2.22318782520878
0.779185412784112
-0.287173268925641
-1.20881343716934
-1.03504061546362
-0.0390915814961781
0.422738279134874
2.11648508925805
-0.225770166028315
0.456603710206357
-1.53029254246918
1.58449459291222
0.332196101847755
-0.102013472592283
0.122308441519274
0.501651641572354
0.298437846651955
-0.411681801960271
-0.745823657424263
-0.899000362013945
0.0991057154557347
0.142656241643477
-0.782867446563102
-0.755680540787563
1.8199410317966
0.609780533547716
1.22909135122842
2.48218990668015
0.489203457879032
-2.03041674718381
0.100701527722303
1.58308769302006
-0.945314868851488
-2.9115087194111
-0.648285054061662
0.397653727366639
-2.75376198470444
0.167454419583392
1.40385257627328
-1.79667735693153
-1.15134402656313
-0.211211369274835
1.3960103275737
0.25227677405953
-0.545020268401743
-0.717783075604666
0.704351034242792
1.27990712008992
0.232096609277107
-1.70966407868793
-0.319433370447848
-0.45596784864419
-1.33758934756366
-1.81326439041753
1.53388464060516
-0.140864867822432
-0.52390993449418
-1.22993885558968
0.29194423072628
1.5342400718725
0.664428698950327
0.940124697880957
0.924184678846496
-1.12925757324654
-0.68547907388139
0.375740110776145
-0.739535059714314
-1.20753914375682
-0.0089145921843248
0.789994304525162
0.345164323505718
-0.455714926754783
-0.314457699347124
0.285669185433003
0.181533624795305
-0.791544937611435
-0.205540205883213
0.248785610022282
0.909690448449166
0.544498384323014
0.906671865055919
0.159763133042712
0.354652811042541
0.399780642557847
-0.00042007049081515
-2.65796837570533
-0.829804477474526
-0.701421113929372
0.229956204122731
2.09601225252364
1.29051725166062
0.052126573883951
-0.649739788003495
-0.759154983343593
0.359815918845601
1.51623359158449
2.55387527108245
3.35657088026439
2.93325910763581
3.11774560260315
2.11455890008515
1.20122893086491
2.6507889204763
1.25276364352262
2.57990362839261
0.976395502068512
3.0067677521493
0.0670027020443642
3.56875472375884
2.88059773588313
2.10391608456461
1.85016550746888
1.38082517621297
1.82286177300539
2.06679288073212
1.41482292106437
0.349149033476362
0.609569924168024
1.62633101117344
2.17386337161769
1.84915382793906
2.11891196120703
1.20365880923348
-0.0247151685227029
0.205997651373296
3.70340751933
1.66877913860414
2.57021463677497
0.979787942457346
4.08173205615797
2.97800920021173
1.20521912346616
0.730290045500456
3.44359001478597
1.5200497539318
2.17012646430246
2.46960375964459
1.21585657553175
2.8307035747175
3.19539223689045
3.03401983101336
1.41067167565175
1.95292139402292
2.36143097808721
0.0987419693872691
1.98317366283799
0.732994170278879
1.8679741476594
1.89912292790692
0.82916749648694
1.15257673918583
1.81086528562535
1.09150228731671
-0.0386493314199097
1.44886432880848
1.08907784596635
1.27006967596167
0.528561241047301
1.13787462597947
0.720628863045338
2.35009656698357
2.37901189634968
2.76362172464756
3.09448641783615
1.23478129020157
0.99900193498363
3.79279907445278
0.466071516695268
1.01872593094367
2.48741409256026
1.38273663753877
1.03629289899126
1.56137943649969
1.88633352936792
1.855085630299
2.79130121292646
1.53677135965549
2.83844953748454
1.73312168669172
3.84753651933913
1.51635131652895
2.77365337900603
1.06977790261145
1.16391142030818
2.88661350272427
2.58341770099791
1.16786849114369
0.157966309799922
3.1729620584666
2.55811531060182
0.393871948198468
0.9323794755421
3.47073689147243
2.6169191487245
2.85164084481748
2.25734507270536
