0.643877742254481
1.85627399627822
-1.75845802336684
1.32799613182364
1.99205783145642
0.00975041141573189
1.22050035721657
-0.0251597569942334
-0.592472896523926
-0.721175912272105
0.381356787607629
1.18430962525883
0.667331851465342
-0.664270553574016
0.643343079845002
0.426932168843039
0.77533804273503
0.896193679256674
-0.333897391408391
0.882157296418755
1.45330797692445
-0.585773106867936
0.214736969255366
-1.81638827327983
0.642837898614652
0.549408561325005
-0.763484764377629
1.4573229832739
-1.30088305453606
-0.307001270950664
-0.21603199439431
0.751484805126359
-1.3182952491738
-1.17156127828943
0.343861980845955
0.605204963570857
-0.262575032218558
-0.397752479642615
-1.20957007456667
-1.12498897643416
0.503100164402101
-0.62132219671843
-1.75391191921287
0.38183728008778
-0.051755355916313
-0.607416666372552
-0.806890811574409
-0.344371885584617
-0.777984000392051
0.286652315722344
2.02513263179436
0.832984225873401
-1.81267668635815
-0.863156365867987
1.30398247093806
2.0336923860641
-1.02157011890997
1.25496354312282
0.517327347392278
-0.0677831821489302
-0.37180736929436
0.324649904270151
-1.85607045454814
0.142906050012384
-1.7590010436225
-1.69377712260119
-1.16619797111291
-0.555955169086018
1.57913391766217
1.46553693766991
-0.736290359122138
-1.62252934377398
-1.81521976044773
0.153973988565886
-0.161226181938543
-0.182329794671545
-0.644599109626372
0.989704980078554
-1.94191547474769
-0.469209348309126
0.0671147906889867
-0.291065721243995
0.0534840981989705
0.387296884187585
-0.662023944242583
0.208522061360629
0.58860450639662
0.387985912590564
1.09304789011731
0.274103704942606
-0.461495225270599
1.1663938621698
-0.433841424140126
-1.55648115640276
0.223014806884055
-0.675486900268368
1.62092269660198
-0.213589592655771
-0.155487323708449
0.908330222508757
0.312075944482365
0.0495731760792481
-1.67966033547401
1.06081276992704
1.39349481288969
-0.339755189657442
-0.801052482634764
2.26094279218451
-0.168898173638725
-1.10999490810017
-0.485215855614824
0.000682010557080419
1.02968730520859
0.772555425372637
-1.08435497413176
1.11458494454126
-0.515739913791535
-1.47588138684165
-0.320476722844209
1.88269065732611
0.159842472811109
-0.713590686215614
1.51772079229012
1.03139183028206
-0.505135101030555
-1.02512380633543
-0.475641208992741
1.18846255719864
-0.352229802963386
-1.05162290164461
0.18145232943996
0.176682324344432
1.23646740164612
-0.34756778538108
0.135738915196325
0.977940246149121
-1.88473422989773
-0.474342551884213
2.43213974725263
-0.65323342584905
0.802744759030108
0.399485469266352
-0.947140338958925
1.05073131418002
-0.202959766627283
-0.310991464633246
-0.146934853179273
-0.205143658173766
-0.079295005185697
1.59023044040704
-1.7511888930645
-0.0607361790869879
-0.146858389224125
-1.16216883772962
0.0467312061243896
2.01337271663225
-0.863278280033247
-0.62331025841388
-2.03267963227132
1.05732905929797
0.0473372041833593
0.293153537208331
0.657649829226867
-1.07995862615596
-0.793852285871874
0.0901619032194862
-0.309615274779692
-1.79431727019835
-0.934558429386273
-1.39027994605914
0.300766169781933
-0.419354707700317
0.666607423988089
-0.599553275468889
-0.277083743448643
-0.143802716420244
0.112070816804755
0.362833740469217
0.448349097717792
-0.000493160759811027
-0.684428252963043
0.32143051468785
0.0101055208196006
-2.57151620464011
0.70021853251616
1.53831309486069
-2.46282519296676
0.867846061896619
1.85440079820537
0.227093049555464
-0.725559478181929
0.484958817440967
0.452994564290337
-0.153956726946122
-1.53230675324776
0.155798541348435
0.815428617353041
0.30693189034038
0.126231854634512
-0.103078661816447
