0.996833892898127
1.47317476089198
0.510350340136895
-0.904703973157771
-0.902016555822187
0.477043938233703
1.47382421502734
0.706845864267559
-0.663590224939414
0.468724662458322
0.0455359274814411
0.924647723241728
0.432250471500726
0.217828647498899
0.236129638443783
1.71886647911085
0.902363724942221
-0.0172286774475009
0.102752466417632
0.0287079333453557
0.584774624217778
1.45326425546444
0.949083858050131
-0.794598608424854
0.0125038360905608
0.95313472568994
1.23341597475215
0.933494615330823
0.655421506663279
1.09167940440536
0.66534062893758
1.09307559485222
0.61625024671306
0.199903519577793
1.30529380254952
1.45500999538988
0.5969281213819
0.0455499506405891
0.972828430055931
-0.0874134170799214
-0.295793531631839
1.1290914480051
0.895672394634409
1.46762060780314
0.660729780588524
0.72358092924008
1.74260153909109
1.552847412898
0.93549950397323
1.35242371950536
0.95430471088082
1.62358814376134
-0.159065888547757
0.786627961079565
0.239656000622012
0.807836007241029
0.094698306245374
0.423455280052013
-0.0108872775464268
1.19246734776025
0.519446133689402
0.227527181069933
1.82686921848642
0.899543462048215
0.229280150776946
0.146130572026887
0.38963584139916
0.897661917758445
-0.523128025343795
-0.607097752321774
0.764515896063732
-0.126668618775107
0.774762253229276
-0.148121682134294
2.76496294924016
1.02305948486866
1.38744786080686
0.18247234531528
-0.265522214239396
0.871291608814235
-0.128492341019469
0.860963528621893
1.38176148688691
0.596799239636686
-0.0516017206006327
0.686314931139705
0.4257890125524
0.604510772542782
0.0940770824835842
0.317810931630256
0.355674944523531
0.229467239136258
2.06996603863295
-0.0615637931418788
0.498522340592449
0.557761839425408
2.11843931759552
1.43157247282323
0.389679597070177
1.2500810060469
4.11543956722865
3.28894977064881
3.52092045823156
2.66483724795021
3.14194649218257
1.5404678695507
2.0554171746508
2.24113577027317
2.25258975031287
2.02174280445578
2.93329318464989
3.37874865238092
2.64604898188308
2.06708265932253
1.89045589002508
2.07192838833477
3.84203837469378
3.35716252668168
2.63974858121232
2.50846618982861
3.09590593884516
2.27400847916731
2.21680700407587
3.51203879123631
4.27380586068354
1.66012276541986
1.9452683947535
2.64948263973934
3.66590649606319
4.96144794686208
2.50842455385225
2.42961424665102
2.21222377576845
1.6304879906463
2.64218050977104
2.81117475300861
2.95398705903117
3.1830118379245
3.20229376998925
2.92613148503571
1.93575615545136
1.55259233232686
2.54755653851435
1.60871027522018
2.25695879135788
2.59357754669207
2.94525357816246
3.4464686740685
2.68265541742234
1.62346591418678
3.70744252068939
1.69354404353389
1.60964336750087
3.65187866861104
3.85300930610303
3.4992527291479
1.68275332836315
3.47065692640926
3.21338831278498
1.878300196541
3.06077344658483
2.32774837573527
2.07392227281369
3.39201204914667
1.96866090520255
3.64888035912645
2.09801116372844
2.47607591055395
3.39306768806681
2.21155316816556
2.34832487514306
2.16612492012241
3.47539655629909
5.20966054133681
2.55634655359445
1.93073885083763
2.64704549688546
2.72155458541446
2.18528322732541
2.67147526512722
1.67677543903638
3.17868366760996
2.53969619406902
3.32701770258021
4.43928562216865
2.85974471261984
2.42047753005045
2.63145103998646
4.79205759972898
1.89297653787278
1.65640845788253
3.21271916344714
2.41077088671151
3.10882557116812
2.27206918868508
2.41219309995311
2.00186279259031
2.30632615052519
2.34857163863544
3.20007152767783
