-1.39615491721898
0.628997293598218
-0.870124251775002
-0.663997934358599
0.872641654636203
1.29257272650297
0.00555923904738914
1.121478849051
0.280848531155579
1.01380521228635
2.26296875500675
-0.0422283671888021
-0.597668272573408
-0.501552911490515
1.29145403516744
0.169806634802126
-2.35514619346628
1.20159230487597
1.12418643807099
-0.643064581862643
-1.99139482511213
1.15484647618839
0.771314318043377
0.034707530267583
0.115446948415996
-0.462142972037822
-0.751593215198587
1.08871194516762
0.263296032790244
1.12910043770274
-0.944954637985153
0.661121971357146
-0.606105751628105
1.937752716048
0.123260992409294
0.300773504097642
-0.647126442499739
-2.05826093450237
-0.77134783254891
0.281633749650561
-0.206485241756006
-2.05083092768823
-0.610625604475222
-0.124531029879453
-0.203430268006421
0.368322014846491
0.577908478249957
-0.937685803076857
0.698778621503546
-1.69161024510868
-1.44417322897159
0.970287608680206
-1.31488142383704
0.501889299354364
-0.00174179731129181
0.38344251605226
-0.62641886224099
-0.557616797565381
-1.76021216133447
0.41199435984211
-0.551998186371346
-0.449134028355205
0.359043881140948
2.8752735948607
1.04557777909539
-2.07272585591942
-1.65139811015062
0.503358878019862
1.70087225230369
-0.52827036498953
-0.185082598008755
-1.23562440670827
0.927179738390703
-1.61236269777897
1.10674266943774
-0.900640638676513
-0.719945447111716
-1.57784832774702
0.388529177668717
-0.995191224135562
1.06104305443367
-0.960862110375523
0.143479218350329
-1.74583749771229
-0.741936252632285
-0.246348739107759
0.962667240174492
0.662930761361633
-0.484270799847494
-0.0929254697014155
-1.11858386778977
-0.926737403965905
1.10725236831217
-0.422977126185904
-0.414308753341779
-0.368742740457894
-1.55327884888639
-0.851420965460737
1.66339465665309
-0.797921929298742
3.75685597050444
1.23870743143917
2.34194046119032
2.55817417240621
2.16051050085302
2.65431075476821
2.65661077169367
2.31985825082614
2.16746097482902
1.77116975476098
3.5950376862929
1.39649174423224
0.719846792758813
0.755735193026161
2.60035919816211
1.70980941755799
1.85356977249819
3.99427905391433
2.28746896892238
3.99062691038972
1.52415226283149
1.65779674791438
2.13675260858169
0.926123850820081
1.79467000222059
-0.238899480586499
3.48359648460473
1.7435620669487
2.10391529531514
4.46875754642892
2.22950261046747
2.12078963043214
2.1769670385025
3.12950456437984
1.05112339688371
0.69789186256632
3.4752675163217
2.48693250895705
1.09469675544892
1.14381802805779
1.51426196466456
1.33093759186876
2.62901276572542
2.07284004495895
3.36387810236298
-0.261350830928185
2.12481133584448
2.98779546154784
1.95370863966407
2.91741187091219
2.11659978053592
2.50199809535731
2.60623769464746
1.36214534768416
3.58213719907711
1.03799447321143
0.733779337645034
1.50624751880784
2.0306736522229
0.600571232639883
2.21999424176451
2.52086359055305
1.47833302205862
2.29459916390009
1.92429272510566
1.75105200695583
1.6624201868721
4.01142924526164
1.6541305052015
0.594265437029844
1.87290800382526
2.21919430884403
2.26507957100218
2.06310093789516
2.68844676118761
1.39962021409479
0.953812532570165
2.45483135568612
2.90490059752877
1.75894540356663
3.5304203392487
2.6222670897516
1.97376506698923
2.42785561939437
1.33381860790282
1.91179448903416
1.25372566885184
1.34417335754693
1.42068837431691
2.77303479374361
2.18881222763437
3.08303929571452
3.95617063721497
0.32159065165388
0.133664744912271
2.775977551604
0.770648046321769
1.7272809658883
1.76188148307364
-0.418776452350573
