-0.551179909042137
-0.169840809151791
0.0609738435211248
-0.172131146527975
1.02674840158792
1.16939585176409
0.0499712375034826
1.30478084359033
0.2961246297174
0.976363008757972
1.6269652144031
0.223890260848994
0.915659641742389
0.170923008226006
0.0169402689093199
0.747995766864308
0.839079037068239
1.21046086662062
0.847762257067744
0.484991303846101
1.16350750561476
0.0360247807520036
0.302032583877022
-0.160326053533015
1.06104115378058
1.97217982201964
0.05541768365033
0.382410537767266
1.19479217930111
1.58726183625479
0.979206125488355
0.626340615552789
0.323903449007747
1.57025340034413
-0.387006133648635
2.0907212737429
-0.164123572029579
0.374737528693916
0.840550738618405
2.42886915351039
1.4655481003683
0.431619378142776
0.989441008485067
0.615070615264081
2.11594718463457
1.19914106302138
0.449361124794753
0.322059219437293
1.84765117242395
1.5899181979024
1.34119542571192
0.197713952720414
2.48001677698793
0.427419059892451
0.746527789872971
0.525084100240765
0.844896989354097
0.944711494099683
0.36214980717335
1.04581940002309
0.60943293086546
-0.301934991062199
0.0256098463194239
0.0351359559579629
0.712081378475025
1.48229374886774
-0.25683531339725
0.427943061449375
-0.438700771150783
0.597701153518204
1.94007936126558
1.5277259550095
0.900485641949371
1.19903511753497
1.87289779122067
0.852157997550906
0.818087774065415
0.809785832212692
-0.569055670078023
0.653244427267534
0.633986926396612
0.372871343784964
0.60026321843826
1.76214968360025
0.172296199011118
0.0743532926232869
0.374740126761268
1.7391987788816
0.564141058535457
0.076003652875124
1.93857133222301
0.605182326915396
0.757190727025961
0.185992968650473
0.118195000666207
-0.243188038767536
0.0214258890899147
-0.383547940533859
1.73081488358069
1.42165917752701
0.321247105504205
0.296758982747093
0.223319352963767
0.531165390923074
0.386550898384978
1.93493976404157
0.884556828608655
0.798552507429529
0.267867436303338
0.914574181900224
-0.47552292078297
0.504127180656711
-0.590038721328663
0.0464997656330175
1.85546130181209
0.134364767325492
0.0988251944106
0.327441942416303
0.508689773034668
1.07334717714617
1.78744277759142
1.31525081897632
1.77463326120232
0.835638768451185
0.0653426541431193
1.30986046785012
1.11850658010595
1.91529035404666
1.88024423727583
1.66076805491771
1.46926231137173
-0.200404684463512
-0.765986363954337
0.1875844606983
0.70885889553174
1.974528713969
0.413133911176208
0.897568007742023
0.83151364160464
0.330729782053301
0.170951350944972
0.718330334196369
-0.522213453319116
0.601125646734115
-0.837879307496546
0.116912665741307
-0.696749473454526
1.33371186203695
0.282648794854427
0.401854340671192
2.10930455761983
0.953749958650857
0.440848917121093
0.631781566583431
-0.290847799410814
-0.209232664034553
0.365534692849851
-0.246228596898478
1.1137095029943
0.335669940250166
0.704427478720814
0.652425903970347
0.111702987231367
0.360791171775758
-0.054648889175382
1.26869182668989
0.357453297264919
0.220447441576362
0.408627502652784
0.212661748209429
0.363355205823957
0.906387213367302
0.717471787879966
0.519510082251014
1.62673873055785
1.9128373996212
0.098003652188959
0.437685785564408
-0.409686187552861
0.83361060326354
0.447517220758482
0.179826101295146
0.691835338849571
0.576386382104548
0.668249073920125
0.647510403035687
0.383206841990976
1.53188245109601
1.91117866017325
1.7599017263336
1.25261978743426
1.09135813625309
1.2648274906933
1.01876142227373
0.264960674585394
0.198780112777433
0.21487156329476
-0.942205664421099
1.54230689201504
3.08409794722803
