1.81381588998258
2.10870396491318
-0.431708539282466
0.777029347195578
-0.24076230351236
0.786278714026448
0.215897598089188
2.15508971739442
-0.408809687273823
-0.0348042484903009
1.22270300519514
-0.448490159262966
0.31142895790107
2.30774591184222
0.644001295837438
0.298247751912914
-0.564172733649956
1.44238826614815
-0.101483941291196
1.06916558333213
0.677390614433386
1.68373294245936
0.75217257684645
0.567283675169006
0.831150617717339
1.26020097571522
0.7978093872764
0.308202311916561
1.95940832935564
0.38443755147705
1.04466355122937
0.412045692321026
2.70866879364552
0.344276255196402
0.219201778033154
0.295267922000445
0.563131390797775
-0.407415573768993
0.732790731874876
0.956019590928597
1.8935280756886
0.0841526656051462
-0.154102745557835
2.0049207828117
0.695765298586444
-0.912340188433918
1.33160149726377
1.62222581808569
0.707250520800328
0.752638627407191
0.724902559472802
0.179227644053275
1.68253254408392
0.550456349286162
0.441027405651009
1.42009063273097
0.568667387582027
0.296310346375212
0.567424256843851
0.318954168496085
-0.0819551714380099
3.5679122623088
-0.550676981764178
0.422917489744787
1.20497568371553
0.429871627496814
0.444859200188867
0.407398169968984
0.407547236847971
0.649994524216967
0.2287561008419
0.514429306334307
-0.43758803442677
1.07355038312153
0.932244263867405
0.579616796544874
1.02156723038709
2.43420669329559
0.48356324109319
0.174082901097984
0.253076842166688
-0.0689297207144478
0.224318932835728
0.636302884956486
-0.0741279140898805
1.05869983574741
0.81481148594917
0.633647991050528
0.0943826444258113
1.37994497313191
1.42264475372653
-0.670314489855627
0.847659124268635
1.0208383664586
0.154804881310273
0.537478772626154
0.187838420431641
-0.668713772843267
0.619607623955032
1.7406881987244
1.50938459372529
1.04999643040459
-0.257640218554098
0.378692509632086
0.569204927864078
-0.424614253351695
1.27060620682718
-0.110981942465653
0.306309338186136
1.10221952880961
-0.664546952662121
1.06127179617822
0.841949664872967
0.894050477684368
0.66473638344499
0.272669281336369
0.0756138032931807
2.21023494381718
0.235823017412248
0.97501049430722
0.758729560475343
-0.315330200040278
0.364906738536166
0.576973085548789
0.619996422499972
1.35456740420356
1.54468360730224
0.726973319980506
1.02919556714444
1.00232152483913
0.851226620621696
0.151829419940277
2.04399462738245
0.825178775403059
-0.0963069326558671
1.29682992167845
1.28561141485296
-0.323315358332493
-0.197410565889704
0.921648905912071
-0.0528955440228505
0.26154464249661
1.1655395941556
0.482536973453287
0.896076737972655
2.45204874348368
0.421566051995953
1.9332584369565
-0.132542398238373
0.416880313192529
0.212938061750924
0.375944283949993
0.540634134485266
0.186130877699199
0.848398552074728
1.0268982673895
0.143642434816709
1.93572512755437
1.65926431925678
1.6435056179143
-0.710094603596395
2.3319102435728
1.08817192224903
0.817540316791844
1.79577291316729
0.84219367496498
0.576838684098183
2.21284712969055
0.210254220054433
0.175807645060337
0.994488425704299
0.964469949853114
-0.25923900984441
0.228578423466529
0.874248874725661
1.5129695019288
-0.0527287177051664
-0.163456942271365
0.294583547191122
1.35582611270795
1.22976397715762
0.458344398480232
0.843985050310019
0.122797145981086
-0.186045409633683
0.933152349046632
1.08755650078188
-0.477800909273811
0.793052100288267
0.166840390715102
0.196496042958228
0.831908585078996
1.02482175887668
1.23198874232373
-0.226886423886736
0.0952579565048084
0.344111169545938
0.778451344600305
1.1206637123632
1.51869463851202
