1.51178393571895
1.35143088187303
1.35471051854865
0.215016188523609
2.22364185547452
1.05846271723708
0.341125046317562
0.150943536298814
-0.379312874381886
2.33631507374409
1.64328377944387
0.280428396648317
0.865970317940899
0.73694235853791
1.48750500234653
1.13681368463363
0.0679138008369045
0.510152732393269
1.48122378603366
1.12568115577468
1.77393862664509
-0.289734133763702
-0.905297582811554
0.0418279602051881
0.0935424504640043
0.73426685721625
2.69070717982723
-0.288390423817442
0.909361910169594
1.67266578256632
0.747804774959552
0.339919196871092
0.0289657147915238
0.79181189570942
0.901646631873775
0.238811502431969
0.209632991281291
0.810643432490665
1.58302641380407
1.01616345588825
0.136646779571786
-0.267362034201383
0.981777588203269
0.114846105595838
1.48190020783475
2.30323956535151
0.7396355074436
0.390990077192599
-0.00567998735768854
0.274360730537434
0.145718434452489
0.902701586761271
1.44804797087419
1.48029203412172
2.37839000658353
0.545840517174976
1.17474956922718
0.270316045594976
1.9458395331208
-0.679468995318181
0.10872830055421
0.367306934128153
0.290623002095074
-0.463989385085195
0.52647219303207
0.491627338455287
1.17921092097881
1.68238419592335
0.600081838506267
0.719203038362478
0.597857578779385
0.762690030044846
-0.638385631271751
0.473039593456072
1.38336979745339
-0.140906784080839
0.780306325409127
1.0380459683375
-0.0251823002295319
0.427593325546171
-0.901264426957149
0.568841560365773
0.443484463948185
-0.0642607551094064
-0.0135520248441811
1.49039580467353
0.39109855874245
0.57154936725788
0.22714084285931
1.3356812724491
1.74510854570553
1.79711529179948
0.0386782255873933
-0.438849354568377
0.202948765540068
-0.219747886237427
0.839585841435892
0.870779515365609
0.760117687049606
1.49444335343323
2.71275576973372
2.7364307772897
2.13617203460969
3.07034661500201
1.98365994130617
2.71896522981926
1.9032574448486
2.10724127379919
2.15653816853148
2.09044811685842
2.65495587298834
1.79218582626469
3.51965163561955
2.35924464936665
2.22900484984491
2.17951916474169
3.23048876520764
3.61915804456179
3.27716952382075
2.79334599668278
2.38516808788487
1.96731588018209
2.69904112149804
2.46233580404064
2.45660408056804
3.97610981419573
1.58449709049042
2.30745971294488
2.42878623719511
2.7979757501518
2.68622810723561
2.43885153947995
1.44497570578681
1.70456798794752
3.77856270088855
2.21075225856612
3.83590455999997
3.25460748987171
1.88752330778258
3.52695453983419
2.40770458795123
3.34091596243804
2.42034290918839
3.33417800794793
3.86163880664503
3.30366119913388
2.33448678269242
2.92618447607972
1.77232458785592
1.77133585276122
1.68772474602356
2.10463530669137
5.4647284512611
3.2173134035698
2.86994934790856
1.49309357054379
1.94769349937355
2.48378276918371
3.54533341821358
2.31514721421746
2.9853417387152
2.10824315781509
3.04417965538623
3.86397497741973
3.64482085388694
2.30162460041157
1.22134879730834
3.26319867612307
2.69935180615334
2.22373813997465
1.94763493512742
2.22607367182943
1.69028362999459
1.89992398253541
2.49924041608846
2.52465745954017
2.71464388463724
2.52469931205738
2.50035384429388
1.68070455813112
1.80788297575884
1.82542939134509
2.32742017205692
2.17021191927623
2.15302629890503
2.89648584794763
3.07650426463767
3.44689397109643
2.47870307647143
2.60860052088985
1.64220543158027
2.51062350516267
3.30691602811574
3.10082653023084
2.89050808175989
2.97524589250569
3.2550120828925
2.47030913127793
2.69155938336573
2.06170592672285
