-1.10531077790131
-0.132558147337205
-0.353635277805107
0.266811484855098
-0.622705594717171
-0.521792201981353
-1.59214868137635
0.540524582007184
0.808525216917624
-0.0500900397606973
1.25863932238987
1.57759930978566
-0.17335862973724
1.40579621928074
-0.771291517171012
-0.41358145784263
-0.510807893295582
-0.0829233907707303
1.2412732935021
0.592695589759307
-0.407887846172267
1.96545624468518
-0.709327426427959
0.199614102217992
0.646559352142076
1.15891949708121
1.55554073970629
-0.827025972679924
-0.457465256355391
0.746243461298096
1.47478429831004
-0.74897628520789
-0.336552930739606
-0.559819165444303
-0.398954695812582
0.225797197846376
-0.218907000888519
1.19495694733766
1.3684600702695
-1.16498589181514
-0.625194016575278
1.63112397948391
1.87967159484902
1.37394452776315
0.350057609165211
1.09344896519298
-0.0802188404300885
0.216183901471737
1.90480049491249
-1.77325914139275
0.178474950854831
1.22156456246135
-0.787628057940998
1.07442748032165
-1.06757734987947
-0.887759427074847
0.0279435391915375
-0.71718662006529
-0.0549811547769567
0.487948034359491
1.90784116248891
0.321170048397754
-0.650312259528062
0.200070438498294
0.486707653778912
-1.40907322829855
0.0941127688955822
-2.80620615474906
-0.442186585902286
-0.499491735600029
-0.700919123772426
-1.78695575122789
-0.670712235886807
1.80076698211596
0.317162905041421
-0.127378161520047
-1.24808101273579
0.785145788425629
-2.51538125582282
-1.11950127652893
0.346658542889892
-0.988156288667873
-0.0021576153265394
-0.940011236728126
0.141570379592822
0.696806553216554
0.46543291123384
-0.806830519739741
0.602639974575848
-1.23252254967484
-0.472004294852207
0.36268840559961
0.299152265607628
-0.316523036698924
0.626197230732501
-0.0162265156438504
0.289762902663763
-0.388214932270633
-1.69673652641584
-0.668391241782045
1.24949550805452
1.97753755834284
2.36085061342416
1.78966445038579
1.04204623920038
1.46204764387478
1.39749544807858
1.65237531558145
0.389093877700262
3.03517347492913
0.335088769475538
1.57244998729015
4.11153369067395
3.40140732963228
1.05572465017363
1.46446017405327
0.929750178684035
0.338620583133168
2.57851056278448
2.45605569400212
4.05623430106895
1.85673352906494
2.95382950738647
1.3242639740221
2.84443647446863
1.47852264297781
-0.0598706546995111
1.74235103823293
0.459735429999406
0.540748694804534
2.01110666462602
1.90324952667897
2.49579438739333
2.83399393099349
0.190613207842851
2.46250606116083
1.81567308842196
2.56205744760455
0.337307673383435
4.03101315332391
1.72735858107603
2.14451933029332
2.30074463074005
1.81527372119
3.30840431658764
1.43761963358727
1.80442547661579
1.1956301402991
1.93752229543201
2.93835250091954
2.28140424431007
1.44866870669436
2.31403352759585
3.0402755318184
1.65834402198829
1.3784740528791
2.08866366360955
2.89501227229885
1.55788283638486
2.53453468335519
1.52155466364654
2.34874735806477
1.3372864659098
2.77279854183577
0.99118997604107
3.10045199260106
1.65320371535277
1.65217513021411
-0.679332213014127
2.39095831477187
1.0544844286616
2.31995587441165
1.30968589467242
2.99795379030148
2.24515355068912
1.37764019793928
2.75435592461279
1.65057741359454
1.01971439702429
1.55216040819256
1.99295130467674
2.35104384028746
3.65957990501667
1.26959155688768
1.8568967356415
2.29250032724112
1.16329253374941
2.60268247647568
0.879637452587312
-1.13243230009983
2.98116268951637
0.302779630471442
3.23237643137896
0.546086584220256
1.38384178282403
1.50392596299919
1.45762373040512
3.55447711489647
0.468853991648158
3.85787594100646
