-0.0603889147018549
1.0685694608401
2.05746946676611
0.0759533675980064
1.54245825468328
-0.19994710970417
-0.210559431771994
-0.305319930065659
3.0886088788762
0.362477195140533
2.49327077712288
0.335046893278143
0.307233509596278
0.626748604023874
-0.33199221951768
0.92737785890505
0.272846307962457
1.39854219047832
1.31527014717589
2.64602343020322
0.698037126278141
0.247066242691132
1.08113151662595
0.785588415644529
0.713350071875489
-0.57397439379989
-0.271734913306951
0.949488445923963
0.116188445341786
0.476434201889507
2.19038722728544
0.826692865622915
1.00970825861268
0.33134040414119
0.560157171918944
1.35091957001833
0.869941189391414
1.46445092611868
0.454048493509352
0.177504634387955
0.793594558120575
2.3732304925312
-0.280958991477036
-0.250462006972716
0.190668872031745
0.378076029850312
-0.232443201566476
-0.38977499443867
-0.359601736681887
1.43282556868286
0.050658966075654
2.53988450019627
0.0488204444443049
1.35140831262955
1.00218534396655
0.61888642528017
1.66974853487224
0.639545520643635
0.673958883680624
0.189853066042255
1.38062762354874
0.866775329401352
0.114880644792925
1.02722711834005
-0.0639647099496805
0.908552217422671
0.967681803403489
1.88701767516996
0.123171685293959
1.01866986975477
0.406141466509363
-0.339720293059339
0.248549024146841
0.955069712870597
0.370089704934406
1.46169426544197
0.839984495563499
1.82409280341143
0.0998985033376222
1.96723624674284
1.20254986973446
0.284321422160668
1.01632445374429
0.503300283604379
1.53667886212525
-0.632123255892506
1.17103822286257
1.30735633419512
1.49693334772646
0.637578597598738
0.237499441175967
0.518944030093095
1.00990482644232
0.756024317844716
0.0906163542633411
-0.70850570857328
0.209186233721095
-0.152905143513911
-0.171350712414677
0.195886553136568
0.788090269916373
0.828753762676033
-0.36072313749565
0.797464964255139
1.03193692997626
1.4411545934216
0.059097668807462
1.53699320452115
-0.152442642612633
1.55023582962285
1.89543168723651
0.66479206698495
-0.347440682945995
0.894279086168158
1.26699545655767
0.217359108905778
0.414036011320266
0.180225830854362
1.36350344771545
0.0815385966700566
-0.0187092490743891
1.35877339865455
1.16359983882612
-1.10006821562913
0.24717768521729
1.19506608584169
-0.191599785579395
0.354064869066282
0.552960337705025
1.42510942606732
0.975760440642514
0.191443210443301
1.09693827119313
-1.00491066759738
0.128380265129049
1.39453624238783
1.50313780393824
0.392082908347893
0.375146674373506
0.395647440779691
1.80786301373542
-0.329476823769239
-0.201988802438236
2.63383993331968
1.30186417466915
0.104615760722448
-0.737851769744285
1.06599113884389
0.719131638985907
0.971312759947758
0.488209358165754
-0.266109400159643
-0.212867391400807
-0.176428455842927
0.60960930934898
0.854462758019727
0.60841461847365
0.0166042250639669
1.03381514050328
0.124275438816364
0.538520403316448
0.226739447410101
2.32485242367653
0.851915317063369
-0.805540957817393
0.768744766596367
1.1127919787586
1.18765299099254
1.80253647996598
0.894738019124093
-0.989143666446985
0.42278212204261
0.239962615098642
0.6511450126953
0.411174902233958
2.60936179323296
1.60629988384325
-0.588800183079738
1.61433520689405
1.04124903167581
0.994967205642272
1.46735251294919
1.65921967856572
0.376079899272822
0.989414316618788
1.70016811832721
0.477862744122125
1.49050158145268
0.530094650697755
0.355190985214195
1.4216058118574
0.921898584253696
-0.840412740077478
0.771888734185033
-0.353822462060718
0.86547970322487
2.09606193695238
0.740277261799473
1.0272269758053
0.108657654861408
