-0.172516414547495
-2.10727009327413
-0.430793914883853
-0.370435985487822
-1.57050646871868
-1.02610809243777
0.808710727803668
-0.843391380518988
-1.62397056497316
0.533358018391368
-0.460600007327003
-0.384894624642689
-0.450006918213521
0.900022046511022
0.226539481283543
-3.22363718039223
1.69571116589977
-1.13528811500945
0.706903711609282
1.76521674289787
-3.4786469778413
-2.28359161215
-0.416889329956403
-0.195930503779207
-0.240210381361191
-0.574798825409627
-0.275637308749425
0.457200705352828
-1.03292416598243
-0.916214400916358
-0.598135723448162
0.415257529478066
0.916741334366425
-0.352252714063735
-1.20444602579947
-0.647466322464147
-0.0423428242378593
1.42060844829041
-0.6393979707063
-2.06015685448994
0.598068749320626
1.55751454494495
0.692231630986261
0.282250728942219
0.206146487694317
-0.975379216713049
-0.868093596033034
-1.31233473115845
-0.23426299613264
0.314369063272907
0.587863043390563
0.721793399042106
-1.31881861908286
0.00291893179415003
-0.604076382928638
-0.374305577265904
0.142668866547497
-0.938794336115963
-0.374151746914158
0.544797248230449
-0.0415101628258204
-0.369246585044417
-0.57661308921301
0.0396676884627323
-0.965576693926154
-0.280456554110552
-0.367693349396699
0.490554353999719
1.70665146526791
-0.0165106905473178
1.37044982329374
-0.486857717273824
-0.42269979322673
-0.29343818351594
-0.684960403136785
0.296244255958239
-0.726302277540521
-0.137805859785889
-0.108455224910961
-1.5682207885688
0.930181909295025
-2.15023560639432
-0.168405597188736
0.0551293066796484
-1.57074513949823
-1.63128739381055
0.978706700738844
-1.65402372539524
-0.584655846259559
-0.190110558051839
0.551007682432607
0.366253654048934
-1.46837267352482
-0.89385390765059
-2.01418088189636
-0.510673449253141
0.490971385677891
-0.924774859996625
-0.0964856193285752
0.0628097115873259
-0.185164694850048
0.979483279320964
-1.24107677422696
-0.240083026768655
0.356958078647206
0.445933545538393
-0.556252210766946
0.683820320673499
-0.727033551868836
0.0223372290398941
-0.659896451431959
-0.577190477640268
0.430846770294914
1.02020214461937
0.765845330766583
-0.38987149717232
0.263644787431334
1.072721262819
1.47161545672781
-1.78899339954983
-1.19470808230647
1.4325091225031
-0.209559884401298
0.54113195486849
0.200164821667335
0.581067806825049
-0.516589987028446
-2.10427751555618
-0.440623288290444
-1.21000031655251
0.417034836858567
-0.00629586742440426
-1.79943345570873
-0.226840250816084
-1.75394113978495
0.324944862049068
-0.482410343137968
0.987161870094434
-0.229167972290256
-1.73130236830549
-0.479262640654751
0.380597534437919
2.00475174889489
0.219528354867853
0.32425046494877
-0.473182701596269
-0.765880393971693
-1.00693875740816
-1.4063609235379
1.08012174838062
0.709240737575151
-0.80402881982926
1.19958753163774
1.69112922646803
0.355015872112651
-1.63496847741058
-0.37610696229988
-0.202939301998079
-0.107554302089227
-0.315434029898349
-1.54251546536696
-0.654121471140542
0.521226995695719
0.678840782734577
-0.469895273031239
2.67716364417893
-0.0375463720319335
-0.806769159481702
-1.36008597025957
0.443925428582964
0.295038232297831
1.30459828998161
-0.0691463885120762
-0.240815357420105
-0.277810582209516
-0.00833100084439019
2.04598182717195
-0.932357227891284
0.556313162957106
0.596608396674245
-0.635408163644544
0.0490156033949259
0.452771537154104
1.45406690361838
-1.68196692955753
0.688839220000132
-0.604934324515309
1.75152688923271
0.38671213440502
-1.43801283349135
-0.589625447784542
0.332844495887803
0.291510691269431
-0.361801228814637
0.0509454302171847
0.997971867713241
0.0955309201577992
0.191517157064545
0.267461770236711
0.287417141007785
