0.731057732484734
1.62451479850706
2.22872541703168
0.477691712171203
-0.182307844826484
0.81628015463202
1.68376976363089
-0.0965851862526352
-0.0831440018587969
1.48589206543248
1.49754915595913
-0.2051744985429
0.0596772350353871
0.327866033901536
0.778777200917303
-0.204855931542605
0.672139355829344
1.53817318795433
0.327760594986566
0.555463612371099
0.480267366115423
-0.312683548317502
0.483125944642431
2.22191937685995
-0.0566014791243885
-0.00489592317342291
0.610088740040906
1.88760376719617
2.12111187799662
1.84742786208364
2.09726651438334
-0.86264695826052
0.239696115269653
0.248454065807605
0.352916723220234
0.427286557074322
0.94408983505045
0.974175323241612
0.296092815064267
0.310905177607981
0.333173971334986
-0.407209030780202
0.738161512451689
-0.644223109446618
-0.157128071079584
1.26788956734271
1.41602833169772
0.629150503988122
0.270945660194338
0.476844386210981
0.276460713229954
0.180135382979183
0.712996436498797
2.3297614990577
0.686717608079009
1.33945709589354
1.31244899054073
1.13100928242726
0.210281354920705
2.37415453166202
2.21839454747034
0.733996152594176
1.41825939468652
1.3660965995498
1.26352022451227
1.13421841932298
0.584869268163307
1.54192534136556
2.24451386492143
2.90904781809699
-0.265952917547769
1.33306842352901
3.95993915446084
1.01414310234772
1.30295608543731
0.442554491440227
0.0955018834091974
1.87859182238018
0.342516581527093
2.05016765692294
2.11919371466586
0.425797282166116
0.163187652717233
1.67187376557891
0.930251806913657
1.52059156928299
1.2565797438865
2.49853906093825
1.26148077877941
1.0762907839648
1.87125471050368
0.515293043114654
1.05085836522568
1.14760235158755
1.28342962167206
1.33462668739492
2.98581986676288
0.194853841566645
0.68681795534848
1.5601633995007
0.407092343256064
1.57209776696978
0.892566651522234
1.15230933755487
1.1005245960595
1.29603826231926
0.962308348513405
3.17984358659821
0.587471294912022
0.494694301692768
1.33019237826201
2.21070485457751
0.736799716116181
1.87124594383598
-0.0141983494474708
0.409433170984499
0.157384379325068
0.651216557952778
0.936187855374771
1.06909419424925
1.44287206953888
0.945161778391917
1.23695789320743
0.408791030341246
1.51327864933829
0.907757174389047
0.766087311934254
1.35476395226532
1.12117411722064
1.48805026235905
1.61579854219197
1.51102273829058
0.943362277998744
-0.120830323822069
1.6495754748576
0.289558859232281
0.13232988277258
1.71347947226093
0.754104656286817
1.38234279902946
1.56609780444725
3.54721531411364
2.15641996223567
0.835553744485697
1.82089211028744
1.48056162109787
1.93258629866664
0.77567026249657
0.914760810816244
1.51162189013289
