0.77560780925831
0.340165895447685
1.97861274926215
1.92428211088195
0.138071938202534
-0.104785747396334
0.463778545610427
-0.600028456036363
-0.0785862649250969
0.476491578542174
0.3861467123385
1.32019031203735
0.914123059999709
0.109695666250287
0.627769555662892
0.73738725651137
0.606706875462344
1.73751251663065
0.9524438064968
-0.254280811635256
0.444495476196153
0.0816126024975054
0.200612532846666
1.09078234039474
0.719331126797333
1.05074216412125
1.1125082529316
-0.0566938363353372
0.528145323392436
0.263005166104589
1.0469612892878
0.997831642690887
0.431544396570712
0.857255909267406
1.23724760931766
0.174917210098609
1.06486605431184
0.228602630657846
0.73665153648651
0.701421948093908
0.0466938661718425
0.697176424402577
0.772324848478321
1.57893062402393
0.771965583402426
0.562858229480163
0.694279928085977
1.50317090945219
1.17485744876547
0.872382309581981
0.353243661783967
2.02601898482574
1.08130362508808
2.42116406250058
1.32263831143526
1.52114651950603
0.102687945383772
1.26009193805969
0.896358560271371
1.28763793902422
1.05219662347746
0.165491143370468
0.880370487162272
1.13674538828268
1.67995902400352
1.44923749467287
-0.0717907758874016
0.610682245215578
0.217706070926032
0.317279070991534
0.71064593055736
-0.108348192266612
0.724659952756836
1.04712708903105
-0.193863220726026
0.788822921874071
1.21793035545904
0.327542797788683
-0.0819150358133208
-0.238161731337529
-0.0543097090976998
0.817043821636033
0.285539837393779
0.8294550661075
0.972508969033933
-0.633843017534496
0.331877659633337
0.0623726141687349
0.399612805447366
0.0883700956109909
0.622990743477019
0.158217714487843
0.550364846776957
1.07126416746813
1.39073785929822
0.506119347594095
0.246484530207489
0.328641210296085
-0.0515427892167469
1.2508188103148
2.06852832486721
0.268312952032086
1.28637323706012
0.794510321896261
1.34375430747777
0.22069537317352
1.96701569145208
2.04307999996956
0.311305927394188
0.928239491716481
0.22360806008993
0.775391940652538
0.516451329765063
1.34287038626219
1.55861085446466
-0.00468162958721605
2.14028201400739
1.0553673678165
-0.296341279007004
-0.453757012334473
0.952075565209821
1.29973511477507
2.20181067973476
0.366201126084511
0.942577437512431
1.04768023330458
-0.253730041446144
0.474145457018666
1.03424231098506
0.658726054829206
0.81436779080217
1.24671711039409
1.04024446861758
1.53759623059741
2.10837887617068
0.329525246813363
1.02239701613833
1.01033470479389
-0.0566250969219996
0.65883549228993
0.724722373586987
-0.285358963653858
1.6611294661304
0.260700863151744
1.2061624785955
1.09968745827527
0.721814737607792
0.516642834570413
1.41045023789154
0.718929658866507
1.14917570454513
-0.367210460766448
1.03956517418508
-0.107295038479433
1.23709160389469
-0.00213501974754926
1.72032423450934
0.133140608733996
0.578501932146477
0.819968514954517
0.475946519315643
1.98087896376798
-0.388695701488513
0.90964355196245
0.605077423128326
1.15016958705657
1.50905729766889
0.638499086377132
1.0624841348408
1.94043475965387
2.12913754631552
0.884771757051956
1.40587401119325
0.61026357301036
0.836017651002461
1.9434263351334
0.172272252988505
0.350185145840533
2.1846569644648
0.557620528297467
0.459960750648336
0.830331370213965
0.311490865980187
1.15647687059373
0.930479370738231
0.966724675894133
1.08870399589344
2.85167300325057
1.12628551791048
0.909300921425247
1.3358433714384
0.890127898050493
0.467126056182029
1.04120604149156
0.193053254309718
1.14828573512077
0.819899700852822
0.795740017385245
1.23225580237652
0.65258581807919
