0.172356961494537
-1.22802664900333
-1.24755911260419
-0.28706265448135
-0.248481610072441
0.164877785366089
0.0146097259180915
0.171349387285718
-0.362534202869137
0.354044911587874
-0.694776644210698
0.279570950947659
0.389686458645141
-0.26556982714815
-0.866225867734732
-0.59019855705372
-0.367034373620443
-1.0626208487361
-0.612357001358718
-0.764497541709202
-0.601969587377949
0.689142287509957
-1.17025154376435
1.14338423445178
-1.09539813038939
-0.451125788103491
-0.0362224098254506
-1.14690555621335
1.36705814517785
0.381078829280513
1.64887688048171
0.923683891927767
0.643180404362112
-0.85814167392948
1.04258195623784
0.275645715808351
1.42373084738712
1.59326132616436
-0.0536434171213595
0.556403974993378
1.10440115360675
0.72693131383461
0.921133292645624
-0.325645192439376
0.0124818726288277
1.15208501065955
0.510649001703522
0.883567435230076
0.0459711155519748
1.03282209768648
2.0280075078707
0.0747124972266099
1.08652242426934
-2.37946091123609
-0.425557271240136
0.494928856779306
1.75207208756495
1.43119610284158
0.147469046234263
1.65510952621232
0.41238133947484
-1.14580729982677
-0.448442554024475
0.440988154444256
0.319410484504576
-1.52956044877747
-0.649957296954016
0.30896540783417
0.298986747032993
1.44243280578064
-0.275521308622409
0.0708203379788358
-1.70819150844679
-0.875591914539649
-1.46301633899083
-0.389919598239651
1.92671368643884
-2.81435374167223
0.646847759545327
0.610540827819638
-0.20034905039192
-2.6812368352873
0.393430133337602
1.12711860061742
-1.0334568674236
-0.918229336136521
-2.05430823377368
-2.28990751921819
-0.12159098007141
0.393996273230834
0.208138540677986
0.221728863734081
-1.06268111858474
0.780901232560536
-1.57819479133495
-0.146974196015512
0.34052590890854
0.538906477103478
-0.105427228838148
-0.332569229072207
0.470926186641612
-1.19434844396388
0.495104609253165
0.604828784716886
-0.726295079925245
0.420771597090925
2.71585160036739
1.75933489624454
-2.05377404892083
0.911680995909667
1.71080146758612
-0.748271032939558
-0.624864824221648
1.87483002850371
0.714008687823153
0.0139120664027828
1.4055952497115
1.78692404388535
-1.44191282617766
1.37446328640788
-0.794250889270974
0.903710295796087
-1.19734912910415
2.11151771090496
0.514622792648849
-0.961886214791638
-1.0853125525449
0.978655437644796
0.447260565148158
0.437535328128377
1.38019716992028
-1.83632359143189
-0.480362044490359
2.68536143932698
0.216065531681072
0.247780626061846
-1.47352075082887
-1.09646924133178
-0.575762003334892
-0.0697418422287935
1.8544461777973
0.185848559779672
-1.01430849621701
0.349226149558985
-1.41535355695952
-0.246407238481406
-1.45027577323897
1.38490103666903
1.1731841572172
-0.0468440181895202
1.24553927220725
-0.858568170876246
0.724634284410484
0.646832133178161
-0.0783181815275997
0.698852253408702
-0.0541933712828984
-1.48750107864574
1.97421102865668
1.03177438359528
1.31869432325051
1.03925480981627
-0.126519022283678
-0.23520567267549
-1.9081190844419
0.91805269606391
-1.20325192688411
2.06324720464589
0.58424553555999
0.664054101347692
1.01482518042995
0.832487035853924
-0.123746859616947
0.197702002939891
1.14805659830025
0.387315350908424
1.08591717851281
-1.97653444336189
0.991696627720335
-1.08135160373293
-2.28452793026607
0.271016112051257
-0.408403961270091
-1.93582558969594
0.190870674878851
0.271746980474004
0.102455603051446
0.212442633320317
-0.523144124825693
0.362683813369583
0.218195283469915
0.298349941492262
2.48873187724396
-0.850636741645355
-0.65404263612283
-0.428679335038456
-0.992901035777541
-1.15393942007064
1.79903621758683
-0.125221940060898
