0.614333500844176
0.765470489935115
0.850897456761415
0.236104700892509
0.504740523375036
0.311321289612257
0.934282707411402
1.40975975513643
0.67242634129196
2.30431390542651
0.247978452549779
0.255060901422528
0.833237172481528
-0.0226375863026835
1.24180343199326
1.01613555459465
0.0190492566763067
1.40989752290705
0.0572951671429797
0.746991629579718
0.568944636736063
0.433231721638991
-0.375648475882315
-0.461868584326354
0.292260088142611
1.694185982708
0.953896808004415
0.215760162475027
1.01602698722575
1.80977063442175
0.710978750716685
0.202018515726801
-0.103662540925208
0.522564050848249
1.21211974384227
1.01443930941678
0.632133572011914
-0.281533568800804
1.49693358527898
1.62383115278047
1.09390231699156
0.662349263409948
0.582580779117397
-0.0535432679945011
0.603564412807385
0.417238021111084
-0.538505864153619
0.617658664410121
1.03886666680038
0.154928625194877
-0.199500171086606
1.3630563265936
0.00903646371578912
0.0315135288465457
0.87907268761829
0.589390886403112
0.558317835119229
0.253640595357971
0.841022515964253
0.699808229392221
0.576134565444683
1.07548400604915
-0.129193152490176
-0.00395643520425926
0.670161616320786
0.616079283032337
0.164558751798381
1.10338903529929
0.728357853431498
-0.0404080301862415
0.527176461529353
-0.72564519659567
-0.140976082830729
-0.294470637147794
0.075164942270658
0.287593438587053
2.10852466529319
0.374819854146727
1.31261051552512
0.554396002387385
0.664272560138514
0.547618448678344
1.25559736161745
-0.176331898298911
0.892296365789166
0.537765828963256
0.371616128435747
0.833958391060691
0.158076496700557
0.843963987479612
0.729535883965187
1.07866679508573
1.53791402949022
0.306851541951683
0.255298662298895
-0.331652877836816
0.289841027203663
-0.175469007620591
0.85983159380495
0.930438646553622
2.85721433598894
2.16535790711033
2.00173887021532
3.10644601023248
2.92771055305266
3.71150473588928
2.65154755855097
2.41621337335274
3.9014025023825
3.31461478978642
2.00385978840521
3.08800707862279
2.39437395818117
3.81096185519134
2.34573671167719
1.92847180918559
2.08324906260187
3.47908258685136
3.47462195160957
2.89758005772979
1.49992308954501
2.09790277005613
2.69733261766301
2.48501273232562
2.93515090885894
3.91715855304825
2.63513255273446
2.67515528083008
2.19738790251715
2.96843458246785
2.28912382434313
2.75675183356299
3.80492817988128
2.70626150797047
2.26151727042871
2.28935331668595
4.31130984150842
2.14049724564711
4.64252329253294
3.44284146753593
3.56669490497025
3.02635997903287
2.57147281700162
2.36025734170884
2.46686043860177
3.19324776854891
2.277069374086
2.75342151305562
2.66929104821751
2.98291355144447
2.80731689366623
2.14510538944154
3.27827425118946
3.29764062130166
2.37541579026846
3.25201334347677
2.66780234684374
4.01298845627499
1.39224615882194
2.89614306959756
2.60165145469893
2.64669136765318
2.15122383956174
2.25193288758534
2.84082960522884
2.7966198095533
1.70646167975372
2.70004405902614
2.51421080997276
2.69305100084877
2.68586391227518
1.91538306337784
2.11868161684596
2.88335623744702
3.90179795017243
1.88131676733998
1.24807584945239
2.29714547774265
1.98880184518754
3.12200511464786
2.64525724460915
1.73093679361776
2.54343658493696
2.44512173788484
2.10319862353627
2.07617980197189
0.99734996451316
1.6789778697743
3.82491161564615
2.79542353500168
3.67003376932462
2.94986162071208
1.95459273854751
2.82328105276962
1.93805253171799
3.79459008889731
1.51066900118818
3.19012681750031
2.60345208075387
2.5785316158692
