0.990025299561259
0.208337981820085
1.10346803478226
0.798655835677478
2.00721166643064
0.922982997338849
1.49601385860413
0.327175209657154
1.09922180028862
-0.345579985234739
1.77113416148856
1.12377284937829
-0.0998989671806703
1.12557809822696
2.18119843326548
0.0359256987741582
-0.466983072051415
1.20952968213964
1.4575709209419
0.413556182924922
0.405737366951708
1.10599881513458
1.02709638882674
0.391991323136155
0.736276465813077
0.641260748234382
-0.00922868502895302
-0.289615045220378
1.7208162179042
0.327605342050726
1.59373498769114
1.06182837935724
1.7606524793649
0.188932450965967
0.378125514002089
1.64719119729166
0.741498464682863
0.0602880080450699
1.51818732019693
0.366593296566339
0.463826496504999
0.562580125166873
2.59628984138294
-0.125879566391255
0.50276338714155
0.820567163731713
0.877828528679348
0.188899385186241
0.286925481132524
1.04826229982055
1.26317750741597
0.335398484642987
1.00535643754188
0.645866129741091
0.506100454866715
0.017374830707988
1.61481681009337
-0.522281996388616
1.56401355478261
0.566148779539024
2.02768683187113
0.86558165425583
1.57908148388885
1.06065258727704
0.98857878263302
0.685232557175484
-0.0940201232835629
0.502717273180831
1.37236788203524
2.2704935158182
0.363947937348345
0.433071977376595
2.3765076414632
1.14253402324651
-0.268576453631501
0.876999479010072
0.610504315322943
0.932257528151834
0.639608292358489
0.491469522806285
0.930536317534384
1.39370280034387
0.0516126046658709
0.270785410244991
0.836885128726004
-0.27644791603802
0.627768120823177
0.286483981787917
1.0820040149444
0.773646727298678
0.368633710369654
1.11381872315346
0.169374943396012
1.96353142160586
-0.0930163103701885
1.35664260789739
0.512786028218886
1.19922046283248
0.820843926511453
1.40531025206551
3.68470987746983
2.75551661900912
2.19194626528475
2.47156005214064
2.81959540019717
3.2783482715225
2.85152589009375
2.20392848043939
2.62210353724735
1.94133359646752
3.14857347789475
3.61328219930368
3.27215138724094
2.44530053895434
2.39855373095485
2.22846771443068
2.29707430356089
2.98134408806266
2.80934261163282
2.28994799810807
2.75366139833134
3.16145997747453
2.80900152111285
3.30809416540407
2.09635140146657
4.02122318238225
1.39256731722047
3.49763987188467
2.84202514765691
2.86031923917823
2.49434728176005
2.49663980466688
3.05383242814542
1.84205963135411
3.93550064115441
2.53324531869545
2.55967639738328
1.70587186774605
1.85385674575596
2.33504278764489
4.04326800579336
1.90107171753443
3.48458312404854
1.1999974293466
2.70187253395417
2.9670149342462
3.11668664054594
3.54216533837289
4.63510357965873
4.10092158085901
2.43932962853092
2.48933490337847
2.897489019874
3.54956062423165
3.10952005859352
1.6331786734296
2.62855699927972
1.99375718830362
2.829659432949
1.52712185862606
2.52721138523877
3.29915372443621
3.61581530245017
3.31568458319422
3.97871256143768
3.19929171110328
2.8088617236819
2.57679748361058
1.7372018888742
3.07825975208271
1.97872016914398
2.87138597241245
2.61386027057716
2.35114559107961
3.09544908409587
3.14607711565462
2.53116465888938
2.44910667775631
2.38582804948342
1.92873791438715
2.1048621070143
3.95984098414692
2.90100402411874
2.79695813071837
4.063846791173
2.28388395243262
1.68335574788613
1.79462420493712
1.50907798930098
2.77231826287918
2.3433332073849
3.11211418693965
3.12395391665298
2.28155803006004
3.21102833679933
3.34319649452645
2.77462354038237
3.17849775569521
2.08684414559141
2.90826627249272
