0.0141077802663708
0.0367679800281045
0.902808814788639
1.82262833597172
0.079675622862703
-1.03240763176824
0.489325845652906
0.722626122541962
3.16878708395956
-1.26388351985743
-0.387157253222779
0.451339230739679
1.40455114955488
-0.0747499918477515
0.127366259561177
-0.215564280405966
0.754720536896243
0.0677997256177061
0.0156667005923437
-0.51886896233574
-0.0835266513595532
-1.06223961950149
1.61256401277257
-0.242394689876508
1.30064941118636
-0.229622778115479
-1.58094444229812
0.161259132232112
0.0177670314841009
-0.0587584541575496
-2.47701644686679
-0.139221941095275
1.38343550450168
-0.963449705800188
-0.297814330735073
-2.00328953070274
0.212638619799762
0.730854056110524
-0.82272019464642
-0.679054661993638
-0.146604131676638
0.256538252714965
-0.559091435179469
-0.751676495938457
0.777686979522723
0.390884469821684
0.407902753716369
0.215439219635234
0.193730849130061
1.16840601236905
0.40972313995314
-2.35418354201523
0.0650283376677375
0.572215442470381
0.105709022629788
-0.361156746294796
1.27783054980052
0.615681177225414
-1.4023758130951
0.527014087014897
-0.454696316743267
-0.759918133170264
1.11310716409077
-0.475974572664819
-0.363422334922955
-0.148628068384902
0.199941976475572
0.260666945143589
-0.80823554298536
0.190042155177472
-0.984164145846666
-0.395784029348629
0.463817014319321
-0.488349269743565
0.606419777485923
-0.526294330188598
-0.196227324506774
-0.117887753120448
1.58015512046281
0.996190671182754
0.12200901411548
-1.46886809627478
0.882358565724914
1.05206930652476
0.295085256374394
-0.200838619537069
1.25988959206939
-0.0655209059894175
-1.15386763284351
-0.695823520745569
-0.17358858015855
-2.13317160234863
0.629306413641814
-0.90137702068643
-0.491785799585474
-0.0356030312446707
-0.645696425767257
1.55325819298628
0.430517688115083
-0.525358934021621
0.705802453993128
1.46933305468885
-0.443725595218656
-0.733985080630233
1.16280761801278
0.298651842021424
-0.892089846682668
0.178522390195089
-0.122947682008376
0.320413206218449
-0.371500752842672
-0.689598645764945
-1.03287557507823
-0.424370764570976
-0.881050416460568
-0.154762618879025
1.59627549441673
-0.91341412083517
-0.944547356436892
0.460454744324543
-0.688253614411545
-0.714204490950705
-1.53974733890321
-0.385017638654398
1.29275189744044
1.2527194450487
1.21016629834606
0.385205094808121
-1.9762477769018
0.311617812741542
0.754561888331447
0.745429706553226
0.107009977161615
-0.353197677067325
-0.305388599718634
-0.261224929840071
-0.644713714496867
-0.776561454779356
0.410300686047361
0.00106379440420549
1.52890320135564
-0.0117130612868353
0.613796011253645
-0.794609105080145
-1.29270879589903
1.07198458582864
0.129398847654951
-0.562226206600588
-0.789756031092089
0.740992413862545
1.35966073318633
0.542257633403202
1.86319657937658
0.744132531750747
0.0301979740809535
-1.55051271119402
-0.73650985207603
0.100894859416899
1.63292377872944
-0.227058559345144
0.66525309206346
0.610515539029055
0.0850487702523364
0.367174347128472
0.610859505945574
0.573059184634393
0.170303252317611
0.040118843605994
-1.21863642097904
1.21633010091166
0.730205011676617
1.04184753200708
0.350630091620664
-0.521793674035561
0.23191245611286
-0.651484355525431
0.95199603211636
-1.59057832725409
-0.406916618438544
-0.623695019359397
-0.186052521133828
0.411572782529054
-0.461171277596293
0.596365014073111
-0.746938036340115
-0.241975408353512
1.20758065965697
0.460535519770519
-1.65776549485841
-0.306927782203215
0.679479880432454
0.483648932351374
1.61650347660814
0.743457206525174
0.0518823451834474
1.46001064081451
-0.0172221713671647
1.41057817861595
-0.61677079283873
0.339373248613661
