-0.796806765005338
-2.93345829819789
-0.0804402508523375
-0.369509187458367
0.28768395892754
-1.77882617801791
0.105520199160878
-2.78483648534936
0.559752885743403
0.0670116112622272
-1.09591758012151
0.140040074723266
0.701123038049828
1.36417445058898
0.83730356472984
-0.500128777956134
0.07255184968165
-1.08223190074794
0.963613476143888
-1.28197430379884
0.573508818060013
0.692803825102807
0.309337869520808
0.10344778016417
0.911903037137083
-1.17138552741002
-0.885093851711209
0.176258981873389
0.269086498739964
0.0820133747499947
-0.148185559223088
0.221149495819392
0.428245225408934
1.04262090930983
0.934210758383809
-0.583341914347986
0.0558674120059716
0.862600363696661
-0.924249308308061
-1.0465867787491
0.514269037141228
-0.388026171498643
0.0565807473286327
-1.09275457680786
0.968646268073251
-1.05242140593069
-0.469741164623494
0.246525222654328
0.364482922257045
1.12148541556893
-0.971489740838618
1.42670459055801
-0.0789489534030842
-0.279213727146602
-0.247515537010191
-0.99342337482271
-0.813435549126793
1.21437213272011
-0.161198364412584
-0.713413681634409
-0.47790436138317
-0.261497506729875
-0.1477740589175
0.734208650255532
-1.27350998584837
0.423181108258694
-0.570850529599811
-0.742761175404792
-0.0226450313733927
-1.66194846115737
-0.65964546221263
0.222617103245573
-1.07847342799355
-0.52582513924375
-1.28152118852154
0.306905042250291
0.576446588202064
-0.0654740999196571
1.16505531873349
-1.20445524409319
-1.48780024085902
-0.610656195338791
-2.79435829225084
0.466153302348669
-1.13308756050499
0.560354796109448
-0.432467330498515
-0.271944552946018
2.3411486426018
0.515193477988077
-0.0190850505957674
-0.326490216383326
2.63583832833828
0.802104192894211
-1.05365599625912
0.654782512958786
0.0610626469766547
-0.245230214743908
1.58811655231936
0.47747473788259
0.112673050169297
-0.110595562911375
-0.955130278151155
-0.173079498711262
0.559624417966281
-0.370193534838977
0.659931942110063
2.3184619349229
0.962746201048384
0.346683426667614
1.62553641413323
1.69126458691136
-2.43080605565713
1.79584782025542
-1.13902733097139
0.121673556965333
1.25347175721558
-0.436632472250639
1.55130646038429
1.05404432780697
0.945612935289495
-1.57981229661813
-1.37372466496057
1.30100130408441
1.86126057678759
0.0682913352863934
-0.987350275351452
-0.518695267987864
-0.364290883418344
-2.53051966752216
1.69342116347273
2.51314439763687
1.61647877411848
-0.119451420294762
1.0609855421226
0.154444750068683
0.835034696728402
1.17649082041172
0.509908037938202
0.727865782446092
0.87619613411825
-0.684295246564216
-1.14219517276189
-0.0370417989274457
0.665016835448522
0.330951225771691
1.00974732733
-2.03791443011921
2.03857926726516
-0.340195448413641
-0.363062817369015
-0.193553954147444
0.0467451809408031
0.228167201267248
0.336592120472581
1.16408465138926
1.77874027257768
2.44630289070132
0.810195891500564
1.44283182061501
1.14681545506695
-2.01059049709816
0.839946048496697
1.6987297322236
0.00340029164042655
-0.413013229913515
0.316634942136419
0.557760535630059
0.0350924668966731
-1.05995342191374
0.0339863413901005
0.268053054592119
-0.850975088349649
-1.24770855007264
0.706030715509616
-1.28733440542811
0.328787324664128
1.718685861675
-0.970453602571134
-0.626058845787507
0.814044537891519
-0.297149788507915
0.862346086333191
-0.132668053560874
-0.120019682695887
1.85808491677199
-0.415202436075162
1.05844886539545
1.99104325902295
-1.84073728705284
-1.05797773358393
-0.0538889567825909
0.884471821077938
-0.747890863959235
0.272549690664106
-0.029991366096973
2.18463021521111
-0.649438054029196
-0.137330651952754
0.335554894743167
