0.890701772141047
-0.495713762093543
-0.10871915105899
0.250676162972645
0.439396072010417
0.350970294485671
-0.205702280673949
1.32500824809517
0.761005508391455
0.542427178637195
-0.57517575756743
0.676601040877733
1.2135164647231
2.17849923011621
0.165454173026932
0.91881252074987
0.179266425589248
0.259087530668603
0.325420687103304
0.181380894229064
0.253352761452063
0.25998063238624
0.572633990472321
0.408302828207637
0.717319634000625
2.556611219006
0.782358102231604
1.31038551566528
0.379139863955074
-0.110002139762409
1.03244866701564
0.548339826495668
0.0273943391756752
1.14922263184466
1.24103058721442
1.23344815527648
1.84446284659494
1.72057196961901
-0.132121979543593
-0.0118744149062406
-0.587231701113273
1.94253943263689
0.303957243297975
1.13774553190952
0.621931755752002
0.71243004245834
0.447455809147786
0.741836436375308
0.775207588443271
0.979016085359785
-0.192299298622903
0.0313222638112076
0.32417617570496
1.68220604801207
0.563091132255796
1.04640987728142
1.83364395137107
0.342554705055458
-0.00510243099241847
0.803829463985528
1.3483985444184
0.302114853755069
0.159945572767274
1.42388998340508
-0.456062352414961
0.243608275276813
1.83894836840924
1.35987631881452
1.59476763658875
1.22417241867549
0.530594927958554
0.230232541846414
0.256509144536912
0.394306833979184
0.710685236462576
0.900273032348749
1.15765617013615
0.666413336047421
0.223169955347382
1.16695487639399
1.5979681680888
0.522156245421418
0.538179562734061
0.11075382731124
-0.239531065031794
1.54392454357809
0.51859634615516
1.4071560446571
0.055895640495548
0.504466327367709
0.196891272505287
1.66697847781005
0.294158335993928
2.42827691605228
-0.0534572366894723
0.246528642534412
-0.195958482948972
0.735130916754167
0.812175846177365
1.23440084232294
0.576635605304479
1.51003038918663
1.45719094652458
-0.174225938474298
0.229249850587232
0.425049283896546
0.678423596128541
0.107095705207837
0.987398699437037
0.247585363777034
1.25057160599963
1.21109722688155
1.26085078526175
0.150255408335583
0.255862746081065
1.2432801224855
0.116120850380504
0.0371311642567123
1.28299033731207
-0.202299421336174
-0.305070464173503
1.10196347299522
0.069985332821318
1.26782732285426
1.23924407791108
1.15629732289813
1.069997150692
-0.138458871170573
0.565127989147562
0.0557156022835513
0.528017388443825
1.12865745067456
0.532953581217016
2.03664481314705
0.350472302398961
0.416481292607032
-0.119803605946634
1.90121746425363
0.768066040387615
-0.0577065563924061
0.127901542072745
0.617070520601935
-0.0973103931919264
1.53833707218562
0.789686581107889
-0.4662470262016
-0.105359634504533
0.600578194205534
1.32042061186126
-0.311537280670386
-0.334299158941792
0.429756318508258
0.0532428984361303
0.731427875534056
0.206725578640303
1.10650543239361
0.762199018466263
0.504635951571252
-0.784013278484828
0.331469051972984
1.22874237188794
0.161673475802076
-0.129326069884197
1.09997259261151
0.0385976254513419
0.398185349224052
0.0579681061803923
1.20767412690944
0.382344490101857
0.335586249959513
0.544414540184821
1.22376734787075
0.502568488007779
0.700476733624566
-0.32858674448529
-0.19230126526447
1.477777935519
1.38361919749823
1.30769203950621
0.590515431884887
0.71493045207368
0.955830560322078
1.75513692039336
0.608638513364445
0.230505009013239
0.0346464451450606
1.02327661863352
-0.157649877203537
1.64867838485856
0.314482883597356
-0.214848339826726
0.822519094024164
1.27916136076579
0.143617259939704
0.896550160265763
0.177383873081694
0.575937982624713
0.243760599093963
-0.133297497376827
1.16932061316064
