0.605259175758953
2.00455823521034
0.236745414646482
1.28924077479346
-0.457278380670282
0.539611899241461
2.90275436456061
0.427505862241646
0.68802822811151
0.481760807817137
0.201880122206671
0.8818831943877
1.96241167117862
2.66072628563337
0.922090504672301
0.861425157504588
0.288396303402808
0.104120617187306
0.943718389740241
0.639970904624517
0.591976990391235
1.19972793753017
1.14662357736773
0.93990060169175
2.48841206586077
-0.917350640365119
-0.0961390926027563
0.0677858829929445
0.60855347750208
0.906764688271534
0.464270548964842
2.08180278271395
0.263512597202055
0.68395849294537
0.90185153451194
-0.614751752928811
1.36248414266495
0.146630496386898
-0.0804911955484583
0.105101818864676
1.54375944422566
0.259112163136836
-0.284830108204635
0.313351166545225
-0.656160151324277
0.791006535779315
0.451499673222464
0.211043754347341
0.663489349809386
0.587262041234761
0.308344108259036
2.27995495620298
2.8855553384489
0.622749648174661
0.374595327686119
0.921702812365896
-0.0571442482494222
0.525296480890508
-0.833575725472376
-0.341715016869618
1.53264143959776
1.38485737034139
-0.335374533137577
1.35929408353692
1.7460339036314
0.160147854832571
0.486115964023574
0.59231659060076
1.64139316775706
1.18162184471123
0.293204857707328
-0.461265183049811
1.08138819393376
-0.0495855503245432
0.770383436866185
0.54620502502481
1.78914049545272
0.6897900002365
1.35462436394751
1.37735710790983
1.31710584970864
1.03607895068109
1.35029199757146
0.471387609808789
0.839596799265692
1.26731911998445
0.255482404487255
0.460535716447532
1.15631252643821
0.830456514004677
-0.142425225848865
1.37788346533389
1.31204250145186
0.263495447713452
1.008734564744
0.874991808269907
0.700568328431155
2.91149964381161
1.30057979442861
0.755197687478723
2.95910886837268
2.46626343984991
1.49549346635465
3.67795667188695
4.67464802667759
2.10135983022097
3.05681692585242
2.76641245943587
2.10843609592652
2.38031870058409
3.23805614490365
3.46809053802787
2.44932729322923
2.40215861916208
2.39946837786686
2.55967872623961
2.29025274746857
2.95777589125424
4.78606548938423
3.27807474328688
2.1498286870583
3.03970827337232
3.23121832334704
2.68125688499724
2.58041364110434
2.47715337961366
2.28038355196024
2.39834351338694
2.5595591222964
2.0954424021025
2.37580113725427
2.42192560405666
2.11157605698283
2.29521519374419
2.47593325127456
2.75078227647926
2.40089094770744
2.80291101688249
2.67375772113075
2.32664958025115
2.72241722535081
2.04990613843227
2.7417270079449
2.24647579037392
3.05839918935629
3.90679946435515
1.97817816493583
3.03993279171021
2.49000677193837
2.39215502561652
2.8499060202072
2.96752987073042
3.11815457377303
2.9490790663366
4.1231111740697
3.13225607586295
2.65826834356423
2.09022348986843
3.00358945261184
2.92747028994217
3.13722489942447
2.45859220771473
2.1940051253215
2.91368306396621
3.800568083567
2.34105102477034
3.15363316364853
4.12446156890483
2.3199350559202
3.47076993839686
2.74249405641451
4.18977820396116
2.27775762464206
3.30943639934009
1.86100659985496
2.90415594101731
3.08125254781426
3.09986105785039
2.53006520927696
3.54717350778373
2.59050972363627
2.86969245641834
2.47539184793298
2.75603897035691
3.60688537756982
2.1829235636385
1.57173649514016
2.5016104757002
1.70164503088935
3.02624426999717
2.51951929364116
3.82787114696298
2.810344375702
3.7792346049614
1.90727691941249
2.16204930698511
3.07085976672201
2.83145646440911
1.9333838716344
2.43394933796263
