2.02034501523338
0.863741157912862
0.946340638029345
0.239985666112863
-0.0881897164650518
0.947782979812418
0.0549904445715235
1.56803055571946
0.137595641982241
1.17920147208843
0.440767359714492
-0.0357428840710113
-0.31087419546657
0.583978674578252
0.245893999032922
1.25539575646962
1.60860793612117
2.27851306256527
1.65048610185194
0.186701957504255
1.08439282988438
0.930121617819126
0.113968059440847
-0.547094337403124
1.33375325190137
3.22909703383863
0.387192913576752
0.405379725007168
0.17214704191409
-0.0258794659686013
0.200326866220166
0.140887801331935
1.0021300479008
0.393206939934598
0.312553627156035
0.0969691460862729
0.860242269060239
0.618151874412753
0.367347173016927
0.466307483214814
0.708965210703148
0.540039184376647
0.42935689395386
0.609050645397244
0.822477399640733
1.23086750974686
1.5462768271921
-0.654976592341096
-0.561087097334969
0.183481921502339
-0.388235512839302
0.716809512702695
0.305366612380647
1.01247117630456
0.76290580068011
1.26042864197949
0.261064261602299
-0.142325549649212
1.9955262540404
1.09576113186389
-0.516572347004249
1.29392948270625
0.113193504808917
1.10490695822899
1.06648918917566
0.104639401991368
0.574965116079185
0.636771317599034
0.0686959300655849
0.314921072452117
-0.0125851219893395
0.415255837856071
1.29629134413882
0.438700541535991
0.727438433990563
0.644041586763024
1.16307731062606
0.551813734308063
1.46128306054176
0.504772183252885
0.342549985609279
0.575699476915538
0.52320105911753
1.72726803137865
1.43858706881273
0.739422570074655
0.212372447931577
-0.0603015267809152
0.913861027061827
0.922276537360492
2.21681424979374
0.908322202065676
1.14365863201212
0.064868487759656
0.525621012202221
1.50631032887732
0.234244029475608
1.51218146154583
-0.183317354674867
0.110414471260694
0.238789131724999
1.15123429040588
1.6911021524063
-0.147688378884509
0.423503912491459
1.02358500734571
-0.0976138344127464
1.82955928062201
0.372781133177284
0.645899669538781
1.46080458894112
0.119661853375976
0.758730046802895
0.356120732479324
-0.0777304855916757
-0.18922028351671
1.64049914279031
1.28197330348336
1.30557628519457
-0.381615768981889
0.100616892632625
-0.225649011588403
1.40564970738195
-0.277937660474371
2.99471968028062
1.25000202958429
0.570960098719129
0.473916971064289
0.413000735108141
0.234857479436477
0.20355572702014
2.10511485496069
0.688495881487255
1.20950411879683
0.535918325041218
0.791593954535954
0.897546120284126
2.24485984046189
1.48814877043459
-0.0115267155172477
1.55335513381692
0.814206959709475
1.24424527429825
-0.436516948109547
1.52691598129089
0.84944051606614
0.748870811957755
1.50210540425474
1.25683716839322
0.963541708487605
-0.539422604524819
1.06486574766456
0.383891313179542
0.750711248638027
1.62758019612953
0.0468621927209488
0.29188188053715
0.575765775565222
1.10185727423209
1.03938009668048
-0.228270642882148
0.584313774450146
0.333004647072178
1.00478656152968
0.748117156449644
0.64059576509423
0.67531229631617
1.30454434434604
-0.0357202607782823
1.57681268269166
0.86790118458465
0.97024577297681
-0.469177237142846
1.31036931097129
0.924212735034834
1.49533232862561
0.203394884508514
-0.189924193190139
0.2219698911379
1.05154921339048
-0.573139425971407
0.265656870084768
0.238396502726317
0.600272057143196
0.772832670914428
0.361795798433056
0.667263145694601
1.30977035514047
0.920752001834954
-0.0404993061253778
0.476340416945498
0.340744369345235
-0.0380410043760998
0.0554645527695876
0.959700757321356
0.469165241744029
0.198307931653098
0.0692361579053671
0.952804208619351
1.568191189284
