-0.689178560945504
0.520909503764624
-1.27188119357773
-0.450673950886063
-0.0867776555883237
0.271304762089236
0.972615868879704
-0.0140996874720944
-0.287618450138918
-0.343568877718578
-2.58979368398245
-0.981456181228083
1.17486946854747
0.0928530292894009
0.490382580244211
-0.0827442553606464
0.513565469999288
1.32103153763555
0.296830419354841
0.481228630154504
-0.162798531719383
-1.73622725589164
-0.566766012677853
0.636705339520872
-1.04590757049291
-0.0973920778316069
0.252529935339321
0.163744233193162
-0.123853117313705
1.88266927205203
-0.602695838531725
0.144124739579545
0.0936548246767271
-0.271242655951009
-0.0255817459776982
0.97466680001467
0.711577018299011
1.44872058219335
0.268204312746767
-1.01447023567056
1.65372126341742
0.660063230693381
0.406659686075498
-0.894465584505033
-0.085633618447357
0.24052478554358
1.96691255690851
1.51434644855522
1.24922957516641
0.371405617127882
0.0400702042383915
0.322418716073086
0.916602125842857
0.0483896204862325
0.00352874343460425
0.538350436547466
0.310489483318725
-1.20488138101506
0.476832559884365
-1.36953841265408
0.27387831611725
-0.0561798120581722
-0.589239405561333
-0.842628344149232
0.211654479735726
-0.233298064819371
-0.441864098382332
-0.450220389302037
-0.0538153108288262
0.323657082635752
-0.241932583777992
-0.436495717518479
1.717563672053
-1.39535928409286
1.34843981316046
0.0757202320337836
-0.794557001428681
0.899393084028883
-0.321882559829232
-0.0364556062078024
1.98928888802144
-1.17832277381358
-0.312687409889498
-1.06952892578116
0.665037211778923
-0.321369888702143
-0.190278413087812
-0.13139151656389
1.76536606103897
-0.493399275195052
0.479029870017054
-0.666926817359897
0.446229768816468
-1.59443115503083
-0.190193971072092
0.44547128180562
2.43488842739006
0.19346658540501
0.209332139099701
0.641094877849577
1.46252996442513
1.73342100944407
3.42338599165775
1.48007800258946
0.687421089894559
2.46046728016622
1.06739882886938
2.82869255237213
1.46502292829572
2.37366047708746
2.0652542937416
2.1185371457081
1.91994289503239
2.15571955055163
2.18512947371171
2.91029439351604
1.88969401492276
1.77045359113954
1.08098758397036
1.53592772219342
1.89569750707222
0.632830110733004
1.56999277613092
0.920560715874098
2.88315589236231
1.78905584635552
2.28277139961087
2.99844561888539
1.88145948860522
0.91751476382706
1.4061643655715
2.46141649730115
3.39308882040381
2.51439543957726
1.63626193721371
-0.0686709429757819
0.824576176345614
2.439560506951
2.10418684156079
0.93077705867618
1.57419714910739
2.05151559718113
3.86502383861063
1.56002182269791
2.27965327600146
1.26975962567828
3.06385731368111
1.81332387586779
0.835937757114488
2.03095477821162
2.61719826520798
3.75437924255757
3.28540553275952
1.69209465357922
0.367595615418386
1.60368220219188
1.36921778233049
2.09655356070073
4.56584387791754
3.18614290531061
3.26538485021326
1.63894882495733
3.17253661898782
1.91650423882986
2.03935872389986
2.38159890855825
1.22302451332002
2.55762156868975
2.74555320251734
2.19782957267561
2.39230628605849
3.7559923605648
2.24998424915082
1.42673004605684
2.52103642141223
3.13913842287719
0.491408925323353
2.09229940985408
2.05110190419066
1.97135167823423
1.55815952522152
3.20437351083638
2.9757230794784
2.57277581803097
1.88619542527603
3.09275294409484
0.578672071322502
0.876261793651484
2.4050434101777
2.32722724041333
2.58944353104549
2.36079553032889
0.988190181676928
1.472978521942
0.550070741192224
1.93512001959667
1.71345632124339
3.84720626377624
2.36579793602751
1.47019133578947
