0.926490766716416
0.0694420433573255
-0.163339660447955
1.51937331844613
0.453727138545866
1.36231904590062
1.56349124917653
1.90666110032553
0.229183449129223
0.294167658406949
1.44555202172469
0.537207882396946
0.591852049842861
0.771171468195155
1.10417492688885
0.0459010157915556
-0.0232744672308665
0.142842162545546
0.114509600459021
1.62793094899412
0.808335910217061
1.84710612779457
1.44822190190184
0.208819388783732
1.73633586259612
-0.707904710302878
-0.128467069327561
-0.155584072846994
0.711612637207622
1.52144611117122
1.50468236704187
-0.0175786138563929
0.554453333755258
0.474687947830024
-0.704569541668547
0.764962610887309
0.738974334989226
0.901639584604758
0.750153234387223
0.18022672435012
1.65663298012804
0.329959404369976
0.430874292842283
-0.118937849634047
0.432514643764107
0.198489997727751
1.4385765966666
0.493888347070647
-0.326153820758944
-0.219885999076259
1.87595755816239
-0.0760998063028447
1.79022964506168
1.15150367526634
1.65478742271087
0.30855171850989
1.34213027011415
1.60313289049383
0.565228381322942
0.35821896341836
0.903524264106901
0.376045678139175
1.6062275348017
-0.00997057831154982
0.911478512713684
0.45472836380853
-0.187000844952572
-0.139429644264346
1.38276925104958
1.2410506488362
0.0147121104607869
0.26905471640413
1.86879932665241
2.13349913534978
0.106988708222238
2.07744938151833
0.803849724018048
0.420884046033238
0.298011079893821
0.560353001169992
1.31337331744356
1.48521762512219
1.66007236209648
0.744769070784546
-0.233164398524995
-0.0421627609307471
0.201410556309529
1.23502788799705
0.195169787585206
0.350507868639763
1.13403672634795
-0.277931803085073
0.746343851515894
0.34674533354018
0.362068612424992
0.743443857737679
1.78050654340516
1.38808058734416
1.13939796460783
-0.324488884659381
2.44786645309125
2.0582290042484
4.319197006899
2.06444309441733
2.50533417178844
3.179151134821
2.87500043060942
1.13058771742524
3.83163761248333
2.84205857630156
2.6236611148942
1.48028589775641
2.1829272387455
2.2395180657045
2.64171720447044
2.56136243853475
1.99699089471616
1.56023891078456
2.77614299964137
2.36513596350652
1.78131884313343
2.38103570089498
2.74485820528144
1.25605347481278
2.753997248635
2.35175594584738
2.47897115382885
2.55941244994165
2.45251647301205
2.51797483639768
3.51813954319976
4.19362802070513
1.56803548452622
3.55009110077051
3.04486285784489
3.05790004951609
2.34649487885404
3.55928558088105
3.10883180978638
3.22958339811718
1.82436945693557
2.80979898367017
3.42909195310953
2.23112081608651
2.56421763127209
2.32648848407999
3.51524416579235
2.51665497752607
2.59983378748163
1.67329121371616
1.89786766682006
3.38443784134931
2.40077611446601
2.93190395282582
2.60044791315086
3.0026269860067
1.31358283233703
2.96349264008109
3.55011295114975
4.06728226341947
3.46711899222005
2.41868142675128
2.18941897027756
1.64355459219058
2.19776455631998
1.6980338681162
2.40942409149021
2.08474470648411
2.64600263648311
2.29048083427016
2.94777142649961
3.48725775782927
2.88833960364351
2.21529943722727
2.82801690254035
2.89098398665709
3.22593750262059
2.90092330767116
2.64518332975794
1.91748049738684
2.74349421409455
1.54551142332673
2.65884034851223
2.53216256786921
3.71009362970867
2.34618825963628
2.382806933594
3.43175230371683
3.16640270822388
3.39672601982406
3.88411171046532
2.15342787759755
2.54093798188802
2.90681019428586
2.23213146559179
2.47832836635797
3.84993861391693
3.43408925911008
2.37054699351318
3.66765420192641
