0.622585910140363
1.84700528474388
0.276223017678842
0.174352941413895
0.448169787459626
0.105383220962617
-0.000701066988478383
1.24509991033107
0.92599869788447
1.74551879994307
-0.607682408655908
0.932620960984006
1.50516092516103
-0.214064795794524
-0.269745968092756
-0.317329143426686
0.57813793562507
1.08515278680561
-0.34938155412317
0.195486162318495
1.23120923449409
0.910830644377016
1.29880702056807
0.523528520482638
0.799614408964047
0.64633983710345
0.74245390166978
1.44855534750768
-0.0345398193420226
0.346900519833926
1.100621377124
-0.104610420578123
0.529282021477346
0.66341290406927
0.51028347522806
1.58821788538052
0.246757309344629
1.36647456463171
-0.0921225840172454
0.78005156897818
0.264997132255741
0.791811161209825
0.845500795614472
2.36130094389032
1.99851060388116
0.516917766235082
0.111583375028706
0.529697116826261
1.16271179294637
2.20721180267481
0.340373593163209
-0.24400628776488
0.743145345433368
1.67079131042482
-0.453766180395959
-0.180249276395057
0.467086020225265
3.23699601307152
0.152930440603203
0.899100884284925
1.19055086545124
0.273828570773268
0.884128811855822
0.395713000438
-0.160042484570288
1.46157621189014
0.0412286802813913
0.692557323506613
0.38018921533238
1.38540953231542
0.642304958571841
0.323092416220201
2.12470762632689
1.13068214721156
-0.298625855658554
1.08721034698252
0.31882400501801
0.59324163289107
0.778628533438537
0.456480322313788
0.267944857200173
0.659324837168865
0.323431904782376
0.560678433796469
2.14241946755799
0.337706362663057
0.383849245440659
2.17185998769829
0.423157570100709
0.478654213035267
0.121319458416032
0.187704054426753
0.399827157415535
1.07799131075442
0.212305103519936
-0.130676586298953
0.867615314269332
0.24764762870215
0.816971529836659
0.807199515325923
0.97102503015344
0.96558099108514
1.33272471807872
0.258140335904661
0.360887237502906
-0.512338883008068
1.24847757672551
1.19792653553496
0.582002917571673
0.25617005105423
-0.324587497778249
0.792290739149733
0.60938154555431
0.856756508158474
0.958502433475614
0.964762798956219
1.69967068187671
-0.52650780742289
0.367952539817472
0.46151385644275
0.71412246240055
0.915555793331332
0.267955087743833
0.49927921811956
1.0473292823511
0.04764190445571
0.343725651552083
1.78758292953385
0.241462003608595
1.79983848426841
1.47260118379399
1.90350865901878
1.93318397367384
0.0349179383756463
0.585514220353184
1.07382534709667
-0.233575323250713
0.919753872573268
0.324902292177096
0.653094724117831
0.283749529092897
0.896195361435897
0.268093821696536
0.656099533132338
0.127032847550448
0.847134673338134
1.37637304379087
-0.47665218338333
0.0711188877456778
-0.0219179283156751
1.1925111621398
0.257688668147668
0.556877056260218
0.0488724471472847
1.1372772603603
0.669180875917405
1.40069734624495
0.0304493560615046
0.437172124055247
0.430071752170744
-0.164783012230251
0.400657624305589
0.12850299853572
0.467143978024551
1.52015649620053
-0.140408540420275
0.628159636858655
0.460173926263202
0.858115206014037
0.312930196793519
0.296082861224233
1.05306981294873
2.17445316763179
0.411630461878995
0.87631430045135
1.43384627958496
-0.553894214463249
0.168893640827441
2.60572818694816
0.549979085916215
0.486967006755413
-0.0593057153432219
1.74712361803427
-0.202140046811941
1.06189992498736
0.484740790548516
-0.280416639939037
0.930623384935598
1.12679791708532
-0.748655082939372
0.0775659388450951
2.14594038966709
0.0615912600316944
-0.455639742325285
0.34180069807889
-0.479192085667247
1.14818284411654
0.821306584277796
0.486334102780061
-0.476331304097968
