1.23014877225445
1.24617316976579
-1.79348693530372
1.4206105632014
-0.501236624010953
0.842769777611093
1.75754606852707
-0.676476968371943
-0.729384112697055
0.29922898800915
0.208980474854359
-0.724092053992122
0.127894283029274
0.263965918772028
-1.78654521050057
-0.454373043626455
0.832358687593137
-1.50720699744791
-0.995205087064659
0.0516999571009511
-0.280002846945226
-0.167145337439241
0.506846303232495
0.813626199962087
-0.551000286636177
-0.22246327660068
-0.413881957058194
-0.393715965502157
0.907889855538249
-0.721512515573953
0.920135068005908
1.55365148264322
0.559173689889322
-0.0909485726309901
-0.318383655637954
-1.20619500477349
-1.04038297448913
0.678588158345013
0.270969598581695
1.30306957156785
0.274672211759362
0.0557670135360608
-0.38577412347189
0.13300316314892
-0.729555415270865
-0.735531694242759
-1.05192308482687
-0.79516274612506
0.951924328306657
-0.847375615099126
0.457801614527869
0.108599230317318
-1.07521663623068
0.531757481821472
-0.596325052247936
-0.959664003345532
-0.374207324954686
-0.089097985633519
1.2245262522852
-0.19867343408083
0.603632811660062
-0.160426351523003
0.0534354685403181
0.952129466750256
-1.00169384202334
0.741679334111716
1.39325364145946
0.145486579060183
0.361218795161073
-0.456168751253125
-1.40166800350623
0.11964153829601
-0.0784056397970771
0.0989902821058507
0.174795827933605
-0.226761836314742
-1.16295488443554
-0.292147191309558
1.14252106342136
2.14059347223473
-0.602453259626267
-0.658328781157892
0.521275996076974
2.30522453088121
0.217981241821695
-1.25993285288225
0.762292314191181
0.0980508525354635
-1.51164377466383
1.09147310979064
0.25108764903393
-1.29757088826695
0.706887108097559
0.326669296427994
-1.75381855677806
1.70796950434876
0.922582097749181
1.24952170146614
0.546176130843382
-2.04403973846913
0.915470678592572
2.43170087930319
1.84576343145156
4.12420770218152
2.17596783669272
2.23606274546329
2.18599910658964
3.03741239644706
0.675388257134644
2.70612827064772
2.92029891913752
2.53970117440887
1.33745371922477
0.42137143206143
0.81698539082324
2.18468171085123
1.48408849576354
1.70445599622646
3.24860511691466
2.59491736103073
1.80053018853447
3.06175802545743
1.542601249962
2.90039295664995
2.32738922814211
1.53983133943507
2.29367020754257
1.51064001597707
3.62780541139266
1.87574952801349
1.55266002965109
0.724083275684532
2.14028945006821
2.5750609828878
1.88384192728969
1.80498146508218
3.40878761538099
0.77300645011488
1.19464645367958
1.64137830491863
2.72086730325872
2.12289573896124
1.79558453187324
0.965114427521992
2.10641272771027
3.37845379139165
2.16924847146203
4.00447004514488
2.46270812821316
3.74310575733383
1.82012122262448
2.46091661659693
1.94294928774819
2.66913561649311
4.50699285544475
0.57048782077619
1.96835017455869
3.07941416344912
1.13456698354082
1.30371666997075
3.63134192553227
0.707269699939959
2.78674742739405
0.879742554071525
2.53615043261733
3.85685070368711
3.64123144094395
1.51061741548707
2.53248994141384
2.67590273528318
2.48007154537533
2.16984289090742
1.00590648775798
1.67169027038152
0.601377848523943
2.2789937755522
2.13995099888433
1.84370674533401
1.03332875696007
2.86967486575146
1.35607732452943
3.12452270777427
1.94811109766044
0.866302557786005
2.69421958231446
2.18317696576764
2.26864798905641
1.54799852742686
1.64194771228384
2.31048257741922
5.05016712661964
2.78228924901827
2.91164093515307
1.16280929318093
2.8385668424848
3.25402852651985
1.79598224827317
2.46545444109759
2.07109567419935
1.39740432825083
