1.0519833220055
0.912137441969658
1.42517817225294
0.666792496268999
1.0077334477688
1.71442820913553
1.29692317294818
1.08716089331865
0.328525506396795
0.324790938512978
1.67590244357545
0.953180555618812
0.305292765371511
0.0495404913130752
0.181867815577583
0.391979743385392
0.282957819679469
1.95530040428317
1.01473248574557
0.41702182683023
1.81254820026437
0.412865459558673
0.795990045929564
-0.00731616582328459
0.911042451257766
1.52281294750074
0.483026239443901
0.336771338445532
1.91048259285095
0.431522719846429
0.791876754338758
0.834140199156109
0.359177013180934
0.450921910209281
1.84800600999287
1.54788423374363
-0.30822071659415
0.278389664445163
1.19730494072565
2.13605258098571
2.36263244778847
0.0485253573899045
-0.547384258922203
1.7983483173262
1.38176284827693
-0.489738353014535
0.792860025699409
0.402132941640773
1.32117027083096
0.448340602097121
1.40438538587838
0.554563535344017
1.48698655434883
1.64834642854906
0.967352557071993
0.13247926127259
0.547714919141668
0.430051838848583
0.329234104779282
0.584301624692048
1.08397897071358
1.38859555238839
1.7207277289248
0.816912191471905
0.388091934612967
1.64193907581928
0.892023960820314
2.3432843795922
1.06500661318895
0.699729165080133
0.11805194563944
-0.730330842137063
0.5015696352384
-0.0281661883621171
1.5914634194467
0.994555765101394
0.434208027186773
-0.298044406693907
0.790229127496313
0.959339748115372
-0.0112948407097146
0.75049391483105
0.142085202435125
0.968944453106198
0.926638457873462
-0.535592587543421
0.390478886952449
1.28044029042531
0.263420061726369
0.276385075889366
0.886211369424565
0.514381115555047
0.444771852812191
-0.0722405771502858
0.810671256236453
1.3064194884744
1.29461767385461
0.335046903655574
1.63393120133065
1.06768923641647
1.38010901970843
-0.276250504268074
2.42525513363665
-0.103990515959503
0.453778417457097
0.592736716960032
0.173279917416133
0.525603350929291
0.231421810666639
2.35235902732576
0.376443917024646
1.67643412369806
1.63822955035379
1.03481411208726
-0.208978280104169
0.29593475946062
0.707244231595259
2.85850188479463
0.396232609617086
0.617706780624342
0.207337438545473
0.0417035258985742
0.789204287692957
0.833155661188416
-0.483376871764799
0.607671246221214
0.715339047180942
1.52081521414091
0.0688892104588906
0.625964494324547
0.726028927637514
2.12432646451822
0.133359956195876
1.6936940224218
-1.134458229052
1.55805492754452
1.25562628353733
0.898633742230039
1.2282749538449
0.650141416140031
2.91686121196852
0.470064260143872
0.141436990990235
1.1309030319598
0.408778064512824
-0.501749524797985
0.547510003851445
0.321219114224371
1.3030673135698
-0.256215182726099
0.828378914093187
1.08409225451361
1.8384737109188
0.526046235657376
1.4931869163159
1.47120009664591
0.546282281511893
1.37714583763529
0.956247786019573
0.23450437435176
0.576337479818469
0.146403250192042
1.37475035043427
-0.445471494792335
0.320352432564869
0.620623246753697
0.952928083824868
0.902841723754822
1.68657043481486
-0.356196386417451
-0.113956215262482
1.07936466087111
-0.110498908552407
0.938176213623511
-0.500035876141586
1.03658307144012
-0.188917410792738
1.23166749605212
-0.388355409684388
1.05894768652926
0.205487892396036
0.435459682048755
0.967124356874025
0.610668457104288
0.597861311662994
0.0539582063188753
0.606610523858493
0.336471104149525
1.46780177062124
1.58631140152552
0.764875446636339
1.83783786344393
0.705950505828051
2.65542875001068
0.244126699858461
1.0092976665895
0.152240286743661
0.730902609233671
0.442089507501624
0.71425740999651
