2.57637760592012
0.723521750885607
1.37881835941701
1.46366580385892
-0.221367316168514
0.464462129387776
0.909597946810011
0.749782582757157
-0.227852832881616
0.0536944630942568
0.831374531824543
0.300719360028137
-0.339254828555402
1.31762680168056
-0.00475206383995307
-0.0439919055030514
0.436029800961565
1.39553413082786
-0.119559046584983
1.01502472648295
0.637957818351775
1.33020960934125
0.810794534651685
1.07471994826467
1.59935425766946
1.19684732856859
0.447920401139098
0.638692628564902
1.13308178285976
1.1045374116681
0.971783207082872
0.10221192466806
2.09571627063466
1.11262178604658
0.315037192351809
0.80516324853037
0.244730185011451
1.1851315534208
1.00521469560043
-0.376162555623387
0.189946133381147
0.075450718991811
-0.422007983425933
0.908385310084583
1.69440234797691
0.657021521162466
1.35705095907493
-0.433582793702402
1.42350260853013
1.918868270224
0.58420718996812
-1.06080151528622
0.76021610253064
0.485264691942653
0.478186173306471
0.350150986280675
1.21255563098027
0.272270459536578
1.63614465242899
2.79208982115069
-0.257000119538959
0.310467089814853
1.41590148650014
-0.0566133374598852
2.42034364538897
0.192043213079777
1.12932472575311
0.194507353580437
-0.0337545882494192
0.737871503745619
2.11816723044021
0.789511784036864
1.11699165326702
1.781796821096
0.428460219023346
0.342749587733466
-0.250216195884268
-0.414971866898236
0.523917486044999
0.792302014188858
-0.21841337665466
0.431932991973646
-0.212885883579443
1.28226926379673
0.395178772522449
1.08203925204689
0.125194523417646
0.633621110441096
0.870976511163884
0.622617773085623
0.186140305935945
-0.340648948153516
-0.4615669463603
-0.448514622205148
-0.152064269557168
0.513695382177481
1.04024178715991
0.580005145288565
3.23591190301904
-0.190751950489976
3.60391986173028
1.97789490437873
3.30568370624027
3.31208393912498
3.69343520535852
2.93616173036148
2.60691476214992
2.52955385818602
2.37439196360018
3.31279119763374
2.35663628203797
3.62605026046798
1.87642534285909
2.90650881489948
1.81438814462182
2.21387794385538
3.30625400644763
2.40055051600199
3.25643988640395
2.27007479753988
2.81065276850407
3.76838900457334
2.72000177307472
2.36365392023278
2.37696173212298
1.95796320780043
3.18879621687867
2.27817519847152
2.06565359722185
2.3698567063196
2.56140513233618
2.61262522807403
1.44277167957909
3.59528254361729
3.14948889432124
2.64274854125863
3.05977055945943
2.29655498879346
2.96700811887561
1.31485338955844
3.65643487195752
1.85435746141387
2.76534454976495
3.52693335216153
2.2266968992069
2.70871153953593
3.3100904373886
2.42372427931707
2.50434103064433
2.89724367686132
2.11115548776146
2.43835777901556
1.8269284780892
1.38542566584632
2.80708231066823
1.82199547892546
2.39139117699691
2.55706095211123
2.79362917186807
2.72364520731394
2.58538710109398
3.5622276155266
2.48662495850958
3.10681372688521
3.92639973656286
4.73346931593176
3.20253654314473
2.8160290113887
1.66162392124948
2.654796288026
2.00287518939005
2.90778527025718
2.67480998123572
2.12423065273564
2.27387960552318
2.23176728846553
2.23237033469831
1.79588299178879
2.33440116915421
2.68305523139423
1.38910109982197
2.78870053303559
2.89465404708659
2.39624357785474
2.92354938989992
3.12068899680141
1.39123639593218
2.38588643352505
3.25185811582887
2.30518576344687
2.04817354563455
2.74818426138825
3.08867422871634
3.00656519021905
2.74541493432263
2.88190895076292
2.62009332547891
3.20105621478157
3.01867581589506
3.07597374613549
