-0.289277250163708
-0.227144897743052
-0.840200939732415
-1.85676600208301
0.943605468768529
-1.473534314191
1.20473723723244
0.911671323957694
2.07594490125053
-0.778411893150237
0.863111486846035
-0.48024796695199
0.668033352815879
-1.41212646065535
1.19956902823568
1.66973447227031
-0.560507707471932
-0.981641626346027
-0.901066522377159
-1.40850332241328
-0.0548723641464823
-0.477882725722047
-0.116448464481524
1.7399092523975
-1.78441294716487
-1.47765058928201
2.06324610295682
0.0565561138217922
-0.419297105064391
-1.2542124958381
1.2970025042592
-2.08811959055632
0.991678411104837
0.0668638437465555
-0.697296367867745
0.667144262457851
-1.640159244433
-1.52788367686971
-0.491267681138906
0.360304184598305
1.3264537355871
0.794352201826716
-0.486361699434686
-2.43606107960137
-0.377289000359013
-0.00210563784891252
0.899967062373488
-0.326526730924905
1.68933116127452
-0.161343921908065
-0.415917643162448
0.815742134430161
0.590726743052891
-0.712018418386379
0.356656582745201
-0.428978478613455
0.00908597408368412
-0.135475761160694
0.616943591166752
1.02158346080465
-0.147513037766734
0.731984737472267
0.828293281115588
-2.19923760347551
1.30545222859303
-1.22330861275613
-0.689939236470323
-0.282996576134086
-1.24600854083094
1.07013083588415
0.0499623664373837
-0.771113655673103
-1.62608337366737
-0.135389737361268
1.01142527876924
-0.821068109006612
0.236731059970329
-0.570980092119751
1.11410142025437
0.43269711052825
-1.39812766323673
0.129670567563455
0.324140392227623
-0.352211532314345
1.51173821204153
-0.228534601458986
0.906206263339692
-1.95396561278534
0.913777957904343
-0.116016417850819
-1.63723403416592
0.877275944482081
-1.24211278250834
-0.353750545134656
0.423846948191847
-0.170982316030629
0.0795333883857919
-0.948826016032087
-0.2623432678841
-1.16235481243154
3.96957516608637
1.78191951052176
-0.573195319178064
2.23799818001941
2.76243964991103
2.48962005361614
2.11518116534651
0.909192593716103
1.7511372598932
1.69932486242041
3.79229783866349
3.03876615015703
1.86887006172384
1.49539195459029
3.29916837959753
2.53025167136998
3.08510088353723
2.36561406694412
1.99264690467585
2.40340153487414
2.16252567641037
2.19585019785528
2.60908178116526
2.84008251638652
0.00980276110035061
3.87939208026473
2.92737637739547
2.57378498553941
1.16661171718917
1.41218513055655
3.15997832681902
0.936515075062021
2.60545795332517
1.73422323096678
2.11837519770693
1.1181887376181
2.66105655172886
2.32255769234469
2.0962069683353
2.01716615180996
2.91424447490299
2.5571101713785
2.48857589411205
1.81920318341071
1.49864985172403
2.9489676612458
-0.591519966307917
1.92252053816311
2.67385394594235
3.69153359515862
1.31871722015897
1.14304335058862
1.49920082064185
1.25670349730096
3.73322591017825
1.60030122737947
3.80026048874293
1.34997474827804
-0.202213617054975
0.794918859970045
2.54316539907566
2.39906445490867
2.82137620492397
2.52572004769988
2.85933402020288
3.53913180537361
2.88300205721761
2.53970055281835
1.44480305091534
2.02473081933122
1.27395279127888
2.22937656840956
2.33926578323623
2.11900935238418
0.481949417080633
0.695875882889288
2.82752452052163
2.73241560808419
2.56774338864276
2.41431382104293
2.0753832800338
1.70505135322182
0.687574977983265
-0.123551520371211
0.735100380878446
1.95178991221867
2.90485722936985
2.26234857086039
3.41432882086328
2.38400873322911
4.9332127994321
4.03244846592709
1.40785562764874
3.257580201687
0.668718961334455
4.20630387392924
1.84198314926493
1.97310108536167
3.38599085853771
4.92989141148334
