2.29636290156668
1.16503102457495
0.371610040686105
0.0259533178571995
0.500206104095898
1.55052629805006
0.569621841101889
1.04839542781747
0.373261150021038
-0.479966579298468
0.7630745012386
-0.18169070895983
0.0991244923052565
0.587601269327095
0.417663757561698
0.169645611339389
0.179133902322731
0.0136944838038127
1.44675889643863
0.519539490590424
1.22895402183132
0.981914890147518
1.61348562936926
0.955473456926847
-0.0867209619782726
-0.0353982895462771
0.355900057125735
1.26037655705972
0.781494250596156
0.125978305385876
1.1981275068374
1.11420744894715
1.22109719592972
0.854318972561976
0.261021974131793
-0.0219979196512027
0.827237415996043
1.02171378817567
1.0935447763167
0.609235732489075
0.419676890874023
2.72278139006547
1.45283057562524
0.424586595101686
0.560512703486518
0.797300747411836
2.53943350502775
1.61258380147735
0.23549763293878
0.431181024718573
0.454079025743121
0.387803003327053
0.739418795427147
0.744026995605077
1.03546082412967
0.916334057765445
0.38523571585529
0.126148386882392
0.789486814392426
2.1741052262539
1.44004569415511
0.998088964496521
-0.147622522926918
0.0795778695302337
-0.190368354245835
0.217524046792837
1.48721456893168
0.165981640889698
0.819116960137476
1.04583300758368
2.07356591861106
2.04700587608329
1.58825742128048
-0.227896467103629
0.872288413580172
0.472378895284002
1.39637976135882
0.676818785770043
0.00721094471340011
0.331702681772904
-0.602511576032283
0.471875155298205
0.626956278584419
1.45858673610275
1.4224444550131
1.07646419724866
0.849971259611749
-0.290627369622762
0.76193221414476
0.273389249977407
0.430998993283376
0.0190272371945559
0.502238842897848
-0.139976463148671
1.09891335631953
0.254817535890924
0.976090441464671
0.638118075286398
1.32518189462366
1.32407963701903
-0.326684765901215
1.07770397649752
0.412345105841263
-0.270947232536493
-0.0207066318483977
0.0979457327943067
0.774031369657041
1.51862814140578
0.334295876752639
0.915175215448233
0.854043355949109
-1.0523103952563
1.64695873576318
-0.119714435115965
0.860238128510084
1.13476164364751
0.180097560030719
0.703147182197714
1.57148394331498
0.265059699691065
1.43475855334909
0.724728749193791
0.441381917276472
0.478130288193822
1.61191972552742
-0.274715035629055
0.550015732993752
1.68528253768417
-0.672257488481515
0.550936881074661
1.36858913352117
0.175766028754049
1.03283608651558
0.581977921684196
1.02558688373145
1.25731716022661
-0.00983483561670095
0.23085470050163
1.4113183794496
0.322101661549226
-0.377544920912661
0.310943256367358
0.578345804580031
2.01233245218132
-0.0289206095475318
1.24173930718743
0.252974416549484
0.913232832384375
1.35112091599942
0.615090426306687
-0.573870111531046
2.23255874581895
0.0179247278870273
0.514291387426697
1.1215289458196
0.640522625809631
0.32082403167372
1.09784131284249
0.670442282054826
0.0923965929160924
0.114997018210872
1.47205906027197
2.10360322155928
0.635821598980999
-0.237635441139236
0.925917843560502
0.186238504065846
1.23696371544745
1.14853668533985
0.0836032513148893
0.333379990417798
-0.254804756177971
1.96782644322801
1.05404164980137
0.539780285535024
1.42088570444246
0.388505100905562
0.751830158214712
0.898380611165366
1.3941962802977
0.0704864502799805
0.869889171937407
0.386746385822728
0.314340375082143
0.384141865919084
1.0902684077188
0.0943397748141445
0.481864810002638
-0.37984737984826
0.937246038844759
0.407283404255916
1.42094514973559
1.55326100860156
0.00428695300596327
0.580645785647517
1.08952321337827
1.56919629483078
1.92596691174338
-0.136853477566371
1.07514298846886
