0.208472976152331
0.656497384169079
0.730413985714327
1.32565435269805
-0.220677864214013
0.939665179233939
-0.528066205155356
0.21199832126567
-0.933827864385751
0.16973520546758
1.45147150726331
1.39239774112755
0.858084203689198
0.398199179321905
0.654213988613646
0.317333608241149
0.117420900613277
2.09696769871714
1.21724788864042
1.54376573785906
-0.361541667433378
-0.147323986504648
1.03256995202505
1.34631366366805
1.17162889605829
0.834924768231383
0.397257832728081
0.998744941688273
0.963729606604136
1.14230714835005
0.638631318040004
0.163123505468675
-0.669460087743213
0.0221718825981647
3.35110193346067
1.96418670185347
1.32077368061799
0.00114178151885135
0.881332771147498
0.864504673136487
0.707409430729089
1.41641582660884
1.200876072564
-0.323957271151615
-0.50576276815865
0.500136203037494
-0.016050027836386
2.09167489556318
0.974755769337671
0.664421149329517
0.790174874551498
1.09673337051304
0.140498179555303
0.0293923104205222
0.816713619095569
0.59425467462318
0.435075222680002
0.890130908808789
0.102094417649526
0.36865340467401
0.757121705729933
1.94414270186302
1.66162773738987
0.657331319325038
1.81097659481634
0.535287143062979
0.177842391499702
0.943436422184783
0.404807966073048
0.636533211513499
0.281532809339291
1.24138476870375
1.11350508257123
0.343703180193339
1.42841913746763
0.570661397540328
-0.474207368997516
1.22462863796934
0.672579357358585
-0.291261041703425
-0.0202857142865974
-0.0998827178249942
-0.716539021725149
-0.00682318080658861
-0.373922668480761
1.15409875532564
1.71247500650877
1.28867440182227
0.543431376957973
1.01979934272775
-0.0634851533620295
-0.634200333519426
1.16924699231572
1.22175306122619
0.434324157225915
1.28399192709513
1.67667791496032
0.829380048933258
0.812221735710206
-0.185085132761999
0.334110718368581
0.284032848593358
-0.142644263398917
0.684465717803405
1.94951634182905
0.550615640113094
0.819143789060463
0.593071624312636
2.23671344281618
0.912582007422015
0.237889935718844
1.86716411587687
0.192286017884217
0.576299850788008
1.2821635247529
1.66913871426869
1.95657079071764
1.33134437762875
0.682846713814594
0.905433928102364
0.211389904825463
0.0721143439690658
1.41911210439663
0.828621492025641
-0.0141098602231552
0.734775808668873
0.410704478812399
0.409779312074901
1.13264705579323
0.271951309160869
1.66100869424767
0.848869578755639
0.655663492427179
1.75735561539282
0.648035940967215
-0.785939013175825
-0.136104667857406
-1.12060988102905
0.557021515030449
1.7300899458314
0.447784925037447
2.07959380745585
0.638864645576038
2.14195895207139
-0.280425281368414
2.58278317954381
2.33143374634026
1.28806487869154
0.421911278616334
0.509288992675976
0.355185087813871
0.57507812086345
0.890235657206559
0.120793521878322
1.32506325433779
-0.0921839671069309
0.301242618780856
0.537446862149559
0.606836405792163
0.997425668326172
0.886539077232736
0.611375997810427
-0.0560274812525911
0.328962310334663
0.518083267523659
0.721805226659011
-0.583277783211304
0.578915165066406
1.208214261994
-0.598652497902835
0.88450079995106
0.632601058156446
1.12535582045716
-0.0894050494734535
1.64540741077714
-0.0443753394956504
-0.161363227925127
1.06972388664453
0.609460689359247
0.256668579913715
0.590208110559499
1.53124590360871
0.630497870592332
0.337448477004448
0.00162584682509181
1.91387923184232
0.265445610028817
0.130939548133387
0.116370058883986
-0.372478016587228
0.993480010013673
0.985666111409449
-0.0117391900909589
1.25776474145079
0.637932066866572
-0.187689147440116
-0.440924994224422
1.5820585530513
0.614042858281016
-0.040532519865828
