-0.842406140060591
0.371097511392187
-0.00209661552063918
0.94019297995059
1.02607380893075
0.21700214631895
-0.677091936730015
0.764575005348543
1.73053253709499
0.811800045626818
0.387033971569908
1.22686812115295
-0.731443102152395
-1.14355220440549
-0.805068629425468
-1.98591877983039
-0.833829912093727
-0.815481112052657
-0.641103919090281
-0.794734346506412
-2.16212953522173
0.0875541518085515
1.8318583224926
1.3906923349442
-0.363038811499495
1.3552491807558
0.0153342459358075
-1.12767854124756
1.66129906218954
-0.808316079591368
-1.1103385325704
0.792181968645632
-1.07210822921092
-1.5348178048277
0.31352214762151
-0.906754248604733
0.120215754097262
0.632534490300205
-1.31533732624994
-1.02582349709043
-0.698875355114881
1.05560730735087
-0.708447943282722
-2.17045088402951
0.487195740667944
-0.0569276411170293
-0.565730782459871
0.473521368681545
-0.469705839140899
0.622062436886802
0.654790242951771
0.0461781197727928
0.0276753770215018
1.11007502991662
0.0908058474520201
0.119718831949141
1.13683469671015
-0.345221994175828
-0.118717382245635
0.904412415541808
1.32875758504835
0.167704525484098
-0.564790055810497
0.905603381203436
0.167431567237781
0.264137500185419
-0.188714647761488
0.202884024352078
0.401064786320751
1.72080394170046
-0.668213967264311
1.63201089745701
1.63293319722591
-0.988273530977895
1.92861105486341
-0.93915361302811
0.641625324973771
-0.826232350070397
1.28903961217554
0.579908511790484
-0.667614951995479
0.660552157957296
0.712057547516226
-1.22871850806411
-2.25498741166588
0.387124398965886
0.12242378544116
-0.74564944439612
-0.769446233111956
0.318037552922358
-1.22228564080142
-0.625792335657838
0.0268101033622857
0.183142983115372
-0.95975206439663
-0.134515491775468
1.80968411910241
-1.31404613308791
-0.338803997833428
-0.682054328656357
1.88293191861392
3.92260178290869
1.15698160694349
0.738761801922243
2.694744156254
2.84496935318076
0.976427161475071
3.11355168849681
0.918301135091785
1.56396883480813
3.0305456892561
1.57487769942127
2.71888956038424
1.54229670573407
2.34135209467685
2.60958629836048
1.72674633407103
2.76554962987537
3.61040585827626
3.36702319559346
2.10854117292179
3.15940046846294
2.15572900258874
1.57335342161492
3.08029057054528
1.99545851416619
3.08019270518273
1.09123339335018
2.97496915332162
0.947110257139806
2.93068354610431
2.5318605155656
0.738898457803759
2.55293593695816
0.845433043754174
1.5889695413812
2.17056814776668
0.718044964038657
2.66404112945805
3.36660294255741
1.51909268960184
0.975065176352686
0.687054413912643
1.27944987166707
2.93804756333881
1.58355432713091
2.13375405502268
1.74208524013669
4.58976505519678
3.04973266018218
0.374509903423238
1.78791781561601
2.05803312962006
2.63080030609029
2.45435762535935
1.50129195224052
1.83104920776711
2.1443862875508
2.1112714205148
2.22913985833248
3.98869137789788
0.419450800044123
1.13736100843465
2.10364370223006
3.13918629624208
1.28684615936994
1.11708037578172
3.68983591584144
0.0396334336773059
3.04873494420517
2.31659400576712
1.86165750325837
3.32040986760206
2.01787962775652
2.87298600886059
1.64949327148504
3.58758917856562
1.80645953566458
0.29729914083759
2.46031151158409
3.19197126380312
2.55589454955978
2.71960390817691
2.17178897520982
2.08485163245713
1.85847690893203
-0.522848254506569
2.36686307606293
1.55582691210473
3.11961047019607
2.5888132190171
1.60443717078681
3.05260247742994
2.54059226238734
3.7133133115754
2.82150137412199
0.764056139054348
0.604011330732931
-0.370996504898373
3.47088579836848
