-0.43620924520259
0.327322268998096
2.03433028705105
-0.211809846880143
0.195378311114774
-0.050235033883261
2.7958322289686
-0.231271609837119
0.246094592121925
-1.06658746454683
-1.22637558132124
-1.27429767095944
-0.743792929095732
0.865278867380544
-0.240236465008678
0.669638133941685
0.763878062357125
0.221099239626817
-0.219230428769852
0.026238525967142
-1.14553514845678
0.114577758620196
-1.66584357143764
0.0520355412758218
-0.02732543842931
-0.290777975855425
0.0840624478899396
-1.51857030093788
-0.652259915657266
-0.834504231387377
-0.55740207911827
0.424477763025564
-0.22866918125697
-0.981441375181771
0.0755622050832516
1.3232719718496
0.569392723614621
-1.07724122855
0.187790425972699
0.483889335232106
-0.782727363846259
-0.757862646812815
0.879197278480402
-0.470931849665748
0.202682194262475
-0.992028332028462
-2.45073317734732
1.21724759588095
0.476390412144748
-0.754128221027736
-1.06686679386733
0.735088754861248
-0.128948223261536
0.0378892443092318
0.384601191097926
-0.49699908711121
-1.73165808203498
0.140920345084112
-1.20521294257126
1.18584210714167
0.771412207457146
-0.943375042860959
1.18740836974077
0.332894671274288
0.89249016257659
-0.408345497650358
1.03940589240589
0.156534227334102
1.512590881102
1.69459714107755
-0.944054259158958
-0.901009161963938
0.397958747459796
-1.14400900762564
0.685889389079225
-0.217408550984461
1.37799647694534
0.150636696604859
0.272360069667013
-1.89114572184202
0.835728262490164
-1.89928365395915
1.16177581022934
-1.17952882895479
-0.398680401347512
1.37688622031507
-0.297705755075752
-0.141202768917018
0.533583915036134
1.45955714566768
0.888846637949735
1.05153851896554
-0.0384071898700839
-1.10446146223395
-0.587013083949331
-1.95750273160996
-1.29864186063948
1.09761153150471
0.646666777942666
0.264028104232602
0.940282471492225
2.8396990521124
1.5473608884605
1.30637605904591
1.86629698961578
0.287857544423552
2.31946128554004
0.776026063177842
2.68236317313433
2.23691460759754
2.37051183613438
1.80545020129721
0.176980923509471
0.0653170705336317
1.59450221389074
1.24577666156927
2.5598252337293
1.43122964125546
1.2057323327846
2.4228213201122
3.08192829790207
1.40386031055316
2.03967862022663
3.61272279854505
3.33995163288875
2.54053445914623
1.25201411277596
3.08834720688182
0.900677180184432
2.45054082636766
0.874035387562825
0.854142604999172
2.29653627098125
0.20164420576555
1.98314450073137
2.3314110839341
2.70703670698463
2.81482810012806
3.39645054474098
0.880925242660552
2.77655267819157
2.89799993896915
2.16895081033669
4.10850630331242
1.64196088794408
2.65015666041038
2.50043088701927
1.07816761030525
0.693659186228879
2.16051988324786
1.41969080301269
1.02304896287183
0.530683607844756
3.31356236337037
1.73028753992597
1.62436863842973
-0.12550613079473
0.482261836711377
1.62842603326362
2.40253693051809
0.654020452701028
1.74942613857219
0.0936942878337708
2.64144523325766
3.3911081266127
1.59944748549058
2.70636368850113
3.41020034083063
3.51014502898977
2.81499317131631
2.49163692422684
1.81735039041532
2.48228605754147
0.65452205028606
2.30520167845089
1.69862217769025
3.0765299453925
0.844513314765077
1.88417034309007
3.45554447265764
2.4054365077927
2.70276977720057
2.44325108052649
0.829834453540938
3.33595316385896
1.80726636475295
3.68187525683432
1.2028391511685
2.22865569864341
2.27499009559525
2.80829197241481
3.33006023627874
-0.185923316527345
0.756022920771327
1.86212853423125
2.49375929150215
2.22571884075208
1.90709951141566
1.96647208325677
0.586280568920759
