-2.03817127646513
1.29266483991056
-0.936382086420798
0.560438053929474
-0.261186581637339
-1.37748905278308
0.343432582831863
0.432599608456623
0.55789431522512
1.6524777265274
-0.700618045974659
-1.41952424621001
0.149065755326712
-0.520468135681248
-0.656829340738718
-0.998434613289079
0.990689848164171
0.561392939665388
-0.383742565219112
0.02190259052841
-0.352762841158397
-0.560815995218502
0.537895313475141
0.289585412132882
0.274792613887248
-0.936475100084735
2.04416241852291
-1.19159188554208
1.42168168910959
0.291707197874956
0.125977786860301
0.462439271590029
-0.0634496803452738
-0.870109454386868
-0.675012555124441
1.80564218110112
-0.874513221579804
0.717995474636124
-2.24665627570131
1.3320007451104
1.27561384990941
-0.417328205247988
-0.206081054268642
0.546699094826684
0.831613882971831
0.128269477487141
0.759081243199883
0.926468326710526
-1.9087375142741
0.0490155436352196
-1.56326137275954
1.12363827220082
-0.369492274208425
-0.290895278256422
0.544109628377222
-0.372870028317511
-1.22228273741034
1.91549453058224
-0.442530858509723
0.99793618432617
-2.07270648679374
0.718203551083763
-1.45846516954572
-0.21085076101502
1.26162369041413
-0.17152180040199
-0.988057178049916
0.843940333146758
0.709217783797502
-0.704093929141633
-1.16629065930323
-0.342489624535118
-0.586252987959547
-0.443372283726713
-0.867013620870288
-2.32341259762281
0.340043234601143
-1.5481931315521
-0.883325549611268
0.40853299018733
-0.151473923110721
-0.898184967129375
-0.504350872807674
1.12942886811088
0.774702614441231
1.14795272132634
-0.415135108904568
0.0816323044042573
-1.27415154109035
-1.12153488289405
0.538790554617501
-0.518271990368472
-1.23484484974798
-0.785974679360764
0.160858090744065
-0.649793490995357
-1.49303577497309
0.325012640027174
-2.33358707997885
0.245780549501204
4.14954860554776
3.12448183499698
1.87194666866556
2.31897534446329
2.77320009642029
3.82791217433353
2.56374325317749
2.1674383575565
1.54961207961578
1.4646146305036
1.51450647519694
1.65375394740802
1.57901617978798
2.75928612155485
1.41300306675606
2.66440159708192
2.54647892048774
2.24325652008772
-0.708935150126032
1.32169684064251
2.15680298567329
1.42646935787683
2.91765270793588
2.6486031175932
1.96075745176422
0.124924248328262
1.85157371682495
1.57273751410568
0.191131741712164
1.61070802631788
2.23741343946858
2.80970198756628
2.84462242713515
2.43691912729217
3.76437202985771
0.937586186078437
0.354709304105617
3.64666925072154
1.47956021720143
1.74525797453691
3.51540226142852
1.36758470253286
2.91317461600806
1.17843542035873
1.17368214716326
2.95386498223483
1.91924458375757
2.20866136399325
3.17696974172426
0.798830143349337
1.8438544527277
2.16960868334002
2.00289294244366
2.17219047727483
1.07073000263301
2.70983127060503
2.00893588151203
0.966996193039876
0.757029275498695
2.71908505424033
2.47522980943848
3.01534478504251
4.08331497849504
2.56327369308576
3.76716646422936
1.24561572760267
3.48793457101093
2.5207659808965
3.58641754784486
2.20506326698455
2.13208888408032
3.50415725462201
3.67372011719548
2.84672376882126
3.60572293737187
1.24568349703158
1.78988806788364
2.27965351196647
1.89390607653098
2.3129848577514
2.0031820521495
0.177282112930572
-0.007009278032855
1.7605037023229
1.49090897992443
0.59488466394029
2.24765793429368
1.85071887341205
2.19348038666794
-0.127695055830146
1.27302747076219
0.632403456611631
0.130199855367395
2.20236623859613
1.6095734954884
2.3261554976091
2.62522508684138
1.95766076097487
0.671707086132991
2.78834534033678
