0.524849512892327
0.17784787918645
0.522926817079921
0.968487662095509
1.06576854236599
0.30218890624181
0.383173036648801
-0.707452002788776
0.655189591163871
0.112686097702382
1.71370053130622
1.97950455986131
1.08220769806191
1.27256371824238
-0.412546909726713
0.232504296339066
1.02245156784998
1.84273759545908
1.42474708209924
1.28975625296721
0.812293097454633
0.493867896792096
2.19551554130816
0.385698114837955
0.669038389568761
0.215701547150284
0.164153264227471
0.434446595847464
1.29857609381629
0.0828918874028954
1.30128346616265
0.393003424001286
1.33183023030301
0.644329693153197
0.331132173357357
0.349566494663021
0.840592748081491
2.07855342237763
0.365051081248878
1.77000450712193
-0.99870676956695
1.03154793461669
0.591064321379346
0.847465705099034
1.02087677110648
0.645921389688581
-0.021240532078717
1.61414480791656
0.438721241357972
0.816295499618089
0.976781729694224
0.975285104020501
1.05969538157079
2.01579099257978
0.746076099591383
0.424183442706678
1.47104979914837
0.759407593841381
0.379759627794548
-0.0390383991650862
0.18155212203256
0.460792429931122
2.78036664360611
0.605006531238663
1.8838307390373
0.543867662555324
0.641927300784073
0.536301718339777
0.35981815139622
0.0446414842732607
0.842022481501081
0.600929641662885
1.93318625788353
0.195759707663348
-0.205218205721157
-0.832663496906382
0.224882839155532
0.261219073057723
2.36924214101758
1.06304403931592
-0.557606248561515
0.635830954229363
-0.048639005589476
-0.0348776794527493
1.28117771280299
0.240539890308856
0.662601665267807
0.649752602638574
-0.00433025794535524
-0.294576491897248
0.505326806538728
0.671554575720364
1.59169370179012
1.2346695901651
0.967671555674968
3.02492462851413
1.35903826925203
0.457351205428921
1.80633833714413
1.0724871843407
