0.697929381727412
0.182946835578076
2.26333128640423
0.712191543545914
0.35279456783713
-2.22682431001349
-0.368106595491302
-1.27187286380224
-0.511788093329717
-2.16857033679096
-0.497791747780776
0.820580669378236
0.330036618584529
-0.0920865496129012
0.668699846574604
0.355056828867902
1.61322841775629
0.319961715522172
-0.0150294174900858
-0.668379750212768
1.0267888363895
0.425443322453996
0.273735512377846
-0.0805941857914566
0.91736150772066
2.19666781183832
-0.335908412661231
-0.463330216156626
-0.0028405144930697
-0.253722964511954
1.20290144700976
0.194947042624727
0.0294052203836339
1.24668021855374
0.827693029121176
1.2972859787371
-0.317222340834628
-0.404237864726642
-0.741435810848766
1.29084562936647
-0.0940487447835462
-1.0368849059258
0.757837313485613
-1.8030775197988
-1.04434733752316
0.860339422167255
-0.269960990217932
-0.778209023039154
-1.55615032588734
1.39003542297897
-0.956573931811106
-0.0514418420634823
0.177540510465703
-0.666645338621438
-0.369100105937501
3.35100305044963
-1.70938364464446
-0.369705354345485
-1.10887627120264
0.162830597977711
-0.317285563614124
1.53125760578684
0.728700473009898
-0.210841825954256
1.11675001928724
-0.590302236994589
0.819239427255976
-1.737004502008
1.96281252471416
-0.294126752052176
-0.0439661855740702
0.984696631092851
-0.0471768284048748
-0.207175300479617
-0.862411375973424
1.77530468941078
0.149058665967854
-0.00535804010897413
-1.21478124278594
-0.159841621835976
-2.11887248379118
0.196818663299415
0.93990940036391
-1.08977517632559
-1.05431847979432
-0.813631229943444
0.96897310977584
-0.77409564580208
2.20402655474985
0.983816094320336
1.1005782131274
-0.00123615325653532
0.411036420416253
-0.0665989976728177
-1.41248668712548
-0.965074545890747
-0.95003554491993
-0.780587004106979
0.864780494974326
-0.981865208223801
0.749913778139407
2.10716387054082
1.71038496915958
0.785962526714875
2.87570241302769
2.96183376196516
2.85958907367323
4.19133631574319
2.74525577558828
1.59991338720776
1.37868023835557
1.73510575976068
-0.194025424576046
2.41650774972764
2.89437428564686
0.358919040766428
2.70838870378998
1.26881000065798
5.03421465557568
2.40871779952865
1.47311984123612
0.433303620102008
1.67597332663745
3.34717278645925
2.88654785109231
1.18261720871694
1.60717854639955
2.49305856940157
-0.238572240327817
2.92949156435083
1.36907727399368
0.731516025133206
1.16082156367057
3.27740168202153
3.54913844166875
1.58631314560587
2.8424250485579
1.52347962583922
2.86183984031705
2.65307776731484
3.70412097591565
2.54787286971497
0.986362448410433
2.77087408762967
1.21999545986618
3.1056730691264
2.55276446296962
1.93339859390432
2.4682330085205
2.91409539461114
2.57548349837582
2.22250808931906
1.00025890801052
1.64001495645914
2.80601880393443
0.658981709765929
1.4354921234915
2.56242613700778
1.55280571891797
3.34944855548267
2.04936919311763
1.21594867879676
2.48847041804549
2.25781691915439
1.87953038522495
3.19635652026167
3.21752320344488
0.53295922835122
1.9207572031297
1.9394336804005
2.69757009173039
1.4045213939153
1.43707788967132
1.78115734968099
2.06854357239845
2.1731651494494
1.72384707747575
0.299584383213221
3.47591969303082
3.10550805542116
2.67002216326148
2.62985721923513
1.75468382153473
1.22887811001121
0.896281578698001
2.87534884973471
3.92489650586155
2.85079532022163
2.2777354989385
3.34037033937595
1.27403165568256
2.63383005779555
1.98283613507095
2.52483736232123
2.5794904780429
0.434957120302342
1.43108107493599
3.58811034474127
2.78584275774028
0.785335264176833
