0.779345351108552
0.419584576362074
0.350641085315322
1.00736901354854
-0.0507948187998554
1.12017452950277
1.27581911277191
0.890520803373183
1.36148093372067
0.815218836636318
-0.0519036318200467
0.70408522240048
0.349229585813153
0.627290120838151
1.09290948423323
1.11126283592811
0.189034064500278
-0.0657256814816615
0.211457044721317
1.91234040331468
0.953340430627981
1.50923438277791
0.791128862837232
0.556374177858935
0.574458736426428
0.700676200561976
0.670850461115302
1.80684688246965
1.55922104702659
0.0272993131046117
-0.00443293534033629
0.188709737400708
0.126440074961345
0.823665838908083
0.672659969605382
1.11266271985717
1.87333236384754
-0.434350073548397
-0.696297028700257
-0.137230479491061
1.42223578471169
1.51704771811569
1.03636697626832
-0.131682104027619
1.27721754259286
1.45520679105149
0.501008494736148
0.225145322822148
0.486427295257169
-0.0623259753263407
0.912573903827084
0.641413596197705
0.947458356149256
0.731780611825644
0.0791910869832843
1.26104342519283
1.44577717625007
1.04502107034623
0.399603660727534
1.08105092938259
1.34366544011921
0.170380927362609
-0.347075929973607
1.46300509890359
3.08240750587048
1.40824858993064
0.692350639750355
0.0120372228623618
0.996162914153425
1.713725901855
2.10596213852
0.192230749066138
0.898358413780172
0.164218786474723
0.497694091807497
0.76744838227954
1.11793707380933
0.561980322739452
1.25844660661508
0.489959430175656
0.896688108142617
-0.379787665855118
0.354405648015425
1.66835009789762
1.34257638160725
0.534419319713605
1.86195773335729
0.176068935377627
0.0490846471160293
0.487214782752689
0.174742680312085
1.11427426745115
2.2313334307746
0.598342272224666
2.46020739274445
1.79319302741453
0.542867747140682
0.945875550293964
1.46974856389066
1.37589974969165
2.73354347546809
2.01084205100325
2.8970918580184
3.1025369309153
1.71500770832417
2.34398807500453
2.99821157393784
2.45051255517023
3.23659817017207
2.95414827214548
3.34988662218057
2.90930549368055
1.6360487927613
2.19318111794344
2.83556974924863
1.64094363615368
3.54105766445956
1.75030545157732
2.52708753276289
1.85676866870902
2.78838507865813
2.81068313737683
2.00157705732316
2.81753737074852
3.26941717449185
2.38237240357805
2.61743524360669
2.46549338366506
3.27070878931802
2.9870193670772
2.18861015845736
2.51211122451311
3.74280549204404
3.96879861765706
2.36004773264002
2.33695423264006
2.11961585541543
3.65253728625661
2.14756125365874
2.15436887828928
1.81320328717202
2.00011002793655
1.46730890068183
1.57442758970267
2.84914857612952
3.75466221957372
2.6191970954895
3.64591205855648
2.07729102437721
3.1088980985317
3.18505693875529
4.06614762969216
2.98154370309453
2.58891335272741
1.97715902674123
2.36233757782382
2.64085483646396
3.54991142605291
2.88732684808094
3.78810213897739
3.32770768169098
3.46309405948172
2.04841285944332
2.50923362828545
2.90063144232264
2.31299103496181
1.80384736140804
2.84086342583344
2.64782867445695
3.19039080463171
1.9419072897317
1.75725465524262
2.15361012096423
2.69641395880532
2.31076144205991
1.83371140625592
3.46556299667431
2.47478218234565
2.95873945782643
3.19620694130872
1.59221683257951
2.83036933624823
3.0298529249072
2.0125488931816
3.25307268257746
3.17757261870464
2.23707074660816
3.95969315814988
2.7076739038585
2.24056704683925
2.72179437238384
2.73087795392391
2.42720923301067
3.20939457618347
1.7625229790609
2.41954897997332
2.5849334288327
2.91145427639125
2.8151244702476
3.4294292748529
