0.332163994258571
3.53528022001893
-0.167171160868647
0.374149224937099
-1.70799184256408
0.346481242175204
-0.636322171204623
0.695458292949786
-0.258037379340508
0.309071349558194
1.53394415340235
-1.2671902189777
1.05091553014384
1.65152443178352
0.239235751644059
-0.561050912838358
0.98847569612281
-0.547451431630777
-1.81725782413462
-0.171662471311066
-2.21342156923686
-0.13355531981827
2.0973460461591
-0.146736972630883
1.5721277554784
0.27190004997189
0.49516439420774
-0.722950681762124
1.01967040653279
1.22540064838753
0.123733046585418
-0.211590581703842
1.25795501663079
0.0588307177094897
0.509381856843344
1.79821092592565
0.574004996399524
-0.420854459563356
1.48311039049371
-0.637950366382651
-0.781709818909215
1.27579427192798
0.50784612290847
0.746652091999872
-1.20853615597524
-0.310230946492413
0.0731457040580058
-0.0156567382856223
1.0335607283577
0.39341282215423
-0.785054421246372
-0.47815217504553
1.73456085118091
-1.93780795235777
-0.684332838935181
0.264897194810637
-0.357061529247817
0.36920185208332
-0.398824092700073
-1.57671171077744
-0.376783958860844
-1.29845213270894
-1.01541835103382
-0.207771467045107
0.0587955325905053
1.2467122052815
-1.4110528390869
-0.481444378634777
-0.880128423602201
1.20341378757493
-1.57070323509959
0.36984209662075
0.57257880514565
-1.00244449465179
0.0903247188157368
-0.549772227263539
-1.1821907635855
-0.907003844207632
0.999979665841151
0.434809297380946
-0.570305570288223
0.192583806960943
-1.43011869309325
-1.34972612261023
0.535362530239976
-0.91280507138886
0.871469719692279
-1.02950073670159
-0.642376358324218
0.408931656401952
1.13796256080892
-0.458887126346858
-2.0301045887508
0.213063088875427
0.298639731477242
0.579999291676314
0.932425558161586
-1.00026679269493
0.868257788335852
-0.248615450580132
0.284281402119591
1.03209586829371
1.26069029363204
0.372256296904912
0.222527244867548
-1.05780499600488
0.534862428397026
0.450923882953201
0.216434516121796
0.344553068268952
-1.3323191531711
-0.870132732390637
0.224077430481911
1.03287113805599
0.251030114304706
-0.744546248788028
-1.87923758254549
0.216898228648219
0.923079197784388
1.7918266855058
1.16833258751277
-0.883212203224454
-1.41474307871472
1.68488274097572
0.796862234583159
0.305314680759043
-0.251808819182408
-1.26508285123116
-0.331503417010375
1.40815572998068
0.199773915566457
-1.001513345643
0.52431234879957
0.777001539312627
-1.42969183551537
-0.113580815586989
2.61063637017073
-0.74973331238508
0.456129678816828
1.55372253185595
-1.19813039974164
0.495701369706722
-1.53285812686128
-1.26418032142792
1.16985550444798
-0.30350820061931
-0.589117905880746
0.194246799506243
-0.131553046329584
-1.0717662818251
-1.43711672361148
0.0750210395625009
1.05847785829049
1.84044121379623
-2.17281423645394
0.442631495900741
-0.230747751699632
1.07663735320444
0.7351045943886
1.46970127721463
0.0905090036246166
-0.182326996174134
-0.202676487012096
0.176457352662452
-0.0652264976601955
0.336346241900037
-1.20661987537083
0.891167156995405
1.48019484437667
-0.946888951981238
-1.17108225352022
1.09726548888327
-0.142495113071639
-0.149710012881638
-0.492366688704172
0.00272070977973559
-0.275010969306347
-0.851155064743522
-0.0504227176517722
-0.201099995976614
1.48297612285956
-0.623603950530077
1.09494264651388
-0.435599791718171
-0.295583599027313
-1.32393553190159
-2.0856117835597
-0.450102918962579
0.164148182331973
-0.44437334817027
0.703097142375068
0.41061297987319
-0.227219546881533
0.692378533052745
-0.773034391394901
0.19217938333772
-0.197872027619548
1.78142031205955
1.24337535539255
-0.446542453285793
