0.088263005255275
1.03535856635682
1.54083194778238
-0.0989380040786098
0.0111025868878709
-1.13697955764207
1.12364131787193
-0.469337596391177
0.0863171837044708
-0.726477058854442
-0.65426992024593
0.114097807191938
0.977221880073062
1.17165056363126
-0.944312541137521
0.272340887281682
-0.930569753575745
-0.49285049940332
-0.0474101697034129
1.10745072714958
0.245063633033317
-1.359197483031
-0.308161648372541
0.153697695585522
0.223821380599145
0.354531174992202
0.273088325180122
0.411991874569062
1.07148487228616
0.587072556945698
-1.79024635884158
2.03152305976473
-1.54857650638535
0.0825932572097798
0.220958681293476
1.65202805754373
-0.190614571613504
0.275423992991511
-1.53547401244759
-1.75193188851249
1.91604522064592
1.31157028253559
0.465142384468807
-1.29100815762943
-2.42053767998078
0.196780673381573
-0.549770785374796
-1.7994018813516
-0.552768291870905
0.61099535510154
1.47553507796188
-1.71684183262236
1.01346104453624
0.0874184754410988
0.297884904986957
-1.1406450558952
1.1171667923278
-0.186633819434261
-0.672226493464131
0.506277413133685
0.897506027439965
1.20787594074519
2.22017444732318
0.271056052418984
-0.796782640723217
1.02822992641123
-0.276350852602178
0.327126234667723
-0.644353275388319
-0.275709253020846
-1.16182774025576
0.00858664952581035
1.24796435902194
-1.11865272587466
-1.12844027698557
0.565588709538796
-0.0396668792736356
-1.89728552047557
0.552538491441894
0.86078345127721
0.00271657384036276
-0.717026584197157
-0.786062433168061
0.128856171085303
-1.34220188630211
0.689317100909302
0.52334502409712
-0.828170341983755
1.2638601813015
1.38092453486248
1.2575066905703
-1.48670059713654
-1.1856843411931
1.36776664703209
0.0458456993627477
-1.28400387196492
-0.342420646872613
0.592548267667486
-1.81405476030734
-1.38861062736501
0.890321102328455
-0.825816124584314
-0.164349541063262
-2.44319062458665
-1.85766732136588
0.297036128379943
-2.27869237972555
0.645305054960936
0.363707827343807
-0.839467178485158
0.331547916794816
0.425945607921725
-0.985260013111491
0.2592108266979
0.72405013369673
0.366372317639439
1.14966431131527
-0.817199030593013
-1.7024942700301
-0.190721528827552
0.0791801509819293
1.54394205950767
-0.421374814753757
-0.463082482659486
0.378985646920421
1.84390692330077
-1.71466069464574
-0.745942976133912
-0.10380330667451
0.325668796254361
-0.246816746348895
-0.741625008423599
1.14924693684114
-3.14804637703299
0.375022308999651
0.0898473701778742
-0.332967959789422
-0.644324516279236
-0.257562287939437
-1.42826966765154
-1.06085368023356
-1.389544279553
-1.478664509545
-0.195746207508773
-0.265091625672524
-0.283357174561405
-0.445212759764764
0.556154825168716
0.198319825034345
-0.626167095390572
0.159260937181552
-1.18595687453209
-0.0123229881242647
2.54659426591003
-0.191764073946732
-0.787936568017265
-1.29197623067906
0.159862171699253
-0.0465030391830863
-0.121954626583815
-0.138787718346567
-0.753433168719101
-0.00285845515808824
-0.380889080293109
-1.22212666217298
2.3023475419012
0.0207351908977767
1.12123590411936
-0.919534844470588
-0.762899170930696
0.653595920327258
0.676481208449879
0.745657017293556
-2.27771851562482
1.01712995034071
0.505468702885389
0.35316945165038
0.821099674149746
-0.452271390166417
-1.04156664076272
-0.289421543317381
1.17925624891847
-0.516725819934285
-0.157372174433272
-0.0891810501672187
0.795944089111206
0.118764258625651
-0.17849984913589
1.32106330438065
1.84115340723566
-0.671013602723047
-0.0619106875595038
0.768959774605454
0.278028954712235
-1.40032018076114
-0.654647506618781
0.411045834766836
0.845027937869059
-0.220260145553743
-3.18858986140199
