-0.102935555552431
-0.816199703496932
0.2970924905286
1.573976890899
1.49529806900683
-0.414590092469071
0.204490152723238
-0.341623018718065
-1.10734611434335
-0.353826868904806
0.287826283575027
0.289733665240098
0.508245647608171
-2.31170349209799
-1.61871211868779
-2.90850369645573
-1.17241959407189
-0.450738400472429
-0.0834330769852559
0.0641334935731603
1.54156255894175
-0.82613718917827
-2.2257673038297
-0.381062743232176
-2.58603439694005
-0.112289913440813
1.19021523227272
-3.29896229278894
-0.790841448458601
-0.216480748133446
0.508408258560753
0.108088854846359
-0.131236497599392
0.584369779283772
-1.57999407026545
-1.92790879366319
-0.103805733224674
0.351165441601759
0.662744840149666
-0.474130760655015
-1.88162913971661
0.656285981489874
-0.390416122892967
-1.95638799359278
-0.511647817739327
-1.75055868238153
-2.21126274452845
-0.457372361059326
-0.104446870493428
0.584460891043334
0.177843562171758
-0.654243873070147
-0.708388703435846
1.6661962527456
-0.235882374267925
0.548280615153013
0.607776744812077
-0.823818515838366
-0.302086507298093
0.364712550660448
-0.9758305026531
-1.39049905290667
-0.531300863062155
0.302366559494131
-0.857059531474401
0.926556454311413
1.56544742850458
1.31611874197688
-0.0131472630180917
-0.858396067399545
0.11166270051501
-0.344912305062816
-1.99291571740993
0.406455704849351
-0.329970409544657
-1.04449617979619
-1.34322902818591
1.29486521598547
0.624205562440615
-0.0293591298480916
0.57539093266886
-1.37245685802474
-1.44751079694817
-0.465806462154957
-0.74621688346889
0.0946551297760579
-1.68668223783739
0.744081295806563
1.12231559106808
-1.0477051543706
-0.463278838901747
-0.824891513777436
1.21697706773572
0.208029151400441
1.71912416962508
-0.907586978877497
1.348945133069
-1.19915294699756
-0.275885522933293
0.0549813960773391
0.907371499247732
0.169791504837917
0.640082710650184
1.01363019204121
0.0481570182683303
0.234003630137817
1.44924984569996
-0.384340893052136
0.0673649116680712
0.0162119375084355
-1.45332723237023
0.451117304139488
0.456146086343455
0.386320492312393
-0.283414014195211
-1.33923046532342
0.347446738585668
0.485334225646069
0.733089801276516
0.510761974001828
-0.168689136668884
0.832207606614619
1.55288585046573
0.233236829407214
-0.0578310938826044
-0.770841487824041
-1.06543106455508
-1.03015470046553
0.180569821598864
0.783259584559753
0.683048902740137
-1.53314046101383
-2.05458128729793
1.06822745303344
0.566306056937056
-0.738492281590407
1.54348755983152
0.684666747077027
1.71334682824638
-0.256653177096487
0.445063582768547
0.143726703731277
0.071323973221281
0.398345341438304
-1.85825039134798
-0.594653949337904
0.141168139239273
1.47114654991193
-0.8536894252384
-1.52374922856579
1.08663682105713
-0.304939677398517
-0.982879355994745
-0.223120739170885
1.42657445615079
-1.97664147543771
1.00551714722789
0.265674102587529
0.176367681668088
-0.569584096924249
0.222372441800361
0.925861215349031
-0.948454686407615
-0.21369322763735
-0.463000795317246
-0.375053916793318
0.0939962854909414
1.85609139387451
-0.0323689596341261
1.54216929078505
-2.50539241078552
1.07904587335411
-0.121383962291089
-0.143029533148338
-0.214203454627841
0.492028053569393
-0.946510445415431
1.209069787809
-0.379393873660147
0.400001575543568
-0.288965223643086
-0.756120320402378
0.672435586113857
0.967114018082778
-0.268124423764454
1.97466822605697
-0.808233161623898
0.633100604921582
0.891614990609334
-1.50668540058443
1.14374907704015
-0.358344698203825
-0.881144466035551
0.337441043752174
-0.581936799032244
-0.413861817141825
0.514836646045622
0.461717381520312
-0.276661719868482
0.248309571708931
