-0.429729997683834
0.486942699036771
1.49976807538685
0.320474316816713
0.752535879823867
1.8435794396741
0.879026595345198
0.465945544572623
0.148710852094071
0.133870894743279
0.819851461505975
-0.151898718717365
0.238495815638337
0.611919981233136
1.00588766176087
0.158744290738924
0.748988495634836
0.43707156103864
0.959860358212367
0.145731705106599
0.297776153511737
0.523329892125631
1.25699653209646
0.896696159684203
1.15668269686885
2.89678442898619
-0.131317651903966
0.609422294677569
1.00430867188757
0.716277016379904
0.205559044106545
1.68310240333253
1.31251080094583
0.577091332039576
2.38789145134012
1.7709088782124
1.52192304303657
0.694088296497595
0.406933249288606
0.0782021287701195
-0.33840526963016
1.27907158220041
0.663174411729086
1.00817275998187
1.09862861929669
-0.459365286983311
-0.255990994960048
-0.0760869042652621
0.669196547718876
0.816805158546626
-0.422079496362999
0.54767195494715
0.637501569970466
-0.28594706622193
0.274259141856067
0.117664222576221
0.667943660104166
1.80836346022209
0.163912057315132
1.49250228570184
0.830224034301382
1.30516334167018
1.94901679141701
2.14038115688116
0.93479631774454
0.859650955308103
1.42644693576659
1.74016931574516
0.701516608895865
0.313137158661907
0.382625060744653
0.418004671109456
-0.25973102670615
0.0598393927887405
0.526827139331911
1.27975179410997
2.60177116269749
1.0244901224528
1.16812418025298
0.0862395407301914
0.55575000078638
1.69243657480397
0.245806804970046
0.891089881582079
2.1711775054581
0.0784728577108429
1.06948484802678
1.06354698918566
0.65463111579943
1.08625605604873
0.570802025748405
1.4532542739895
0.22302476541353
0.152563956961393
0.889507896716842
0.730081128676741
0.284374193112544
0.679963936585981
0.899459247800957
1.1078645051246
0.701204175645385
1.23103140670099
0.985087902906384
1.151806402468
1.11312669496493
0.0493112690302863
1.21295128383771
0.268222228028423
0.168827047703491
-0.0173640425053088
1.93171792919236
1.28952667265677
0.56849257929887
0.507333441018493
0.205016928643759
0.550209954886486
1.81001456707259
1.55221299951528
-0.296883656337392
1.07890512122083
0.352904992156095
1.02665813332786
0.189433757019345
1.4159665714653
0.517232627088144
-0.525886998410075
1.78129207339665
0.709710268553734
1.32008764076568
0.275548287764899
2.08946535089514
1.31762337044055
-0.542850069944207
2.01590843282372
1.17966328754611
1.44048880824628
-0.184929262539187
1.4968340693864
0.188915803008722
0.163792416869745
-0.185964067047184
0.140635050890687
-0.806072570517481
0.107302000877775
1.26905645899015
1.12884307932584
-0.650762360243103
0.411012271833199
0.753030874387561
1.47225676344697
1.19686322488031
0.808262299026417
2.55853537513421
1.23810723780957
1.57828535646675
1.90662109266021
0.709129373868973
1.12405720400861
0.509787963612933
-0.267338800647446
1.24178810450294
0.962500703795237
-0.289816744238907
1.06875780798101
-0.721301739833205
0.463398781768185
1.61314601007875
1.03134213669658
0.558610506067103
0.0658376009247361
2.24703798032516
1.43031615074645
0.512135560697022
1.36587699682905
0.973457565448194
0.146167234814532
1.77384865690067
0.552854707327048
0.189434783877863
1.29837229144376
0.116912145444637
0.858469817632812
0.733152827426668
0.579191689126706
0.418109501450691
-0.125319712579883
0.629137818272187
1.48484576953486
0.554977607891705
0.289024968350524
1.15961364318537
0.62383338286698
1.48197109825883
0.536063942887742
0.573200245147193
1.16587246079173
-0.31191385423253
1.75548374222925
0.713354822968681
0.129115389937493
