-0.0726218068343453
-1.27187251856831
0.790938082166876
-0.417298654377159
1.16406594142334
-1.23200318205061
0.369263770994803
-0.0035491388975345
0.579615282289382
1.50759468206507
-1.90397799633204
0.0311997905666598
-0.759502656520759
-0.808488338018672
0.283017117904243
-0.218135523305937
0.169643782387715
1.08509957466076
-0.218071958763471
-0.262876735170498
-0.233482725823097
1.07579353841853
2.07498332353433
0.310269308334865
0.360288173105001
0.438304415968433
1.26348726533535
-0.113603791736631
-1.26666133858387
-0.3834705891809
-0.40686934088635
0.521871466289651
0.194513816193987
2.36379815968755
0.181608393695126
-0.132642083630836
2.32179804454194
1.10527720737871
-0.0147964988139528
-0.170526399812922
2.48686592176333
-0.448837938731612
-0.523898615327207
-0.682599810662997
0.73860382037795
0.578729236829267
-0.98233816091222
0.395678975053364
2.07795848173827
-0.050510441340106
1.67583275119987
1.62655282714738
0.0600196420606194
-0.0115014066976577
-0.604741102973613
0.304924862282652
0.937588027601723
0.174155483089894
-0.990050123593421
0.422622659775996
-1.18493208449116
0.553721847918649
-0.856914310112722
1.76139317345594
-1.82237541045162
-0.411164321443313
1.63583774277826
2.1151425054213
0.55883054831315
0.80493382397954
-0.404691121145406
-1.44551344717145
0.701670392965291
-0.04802228742322
-0.0454026638953675
0.173791584900486
0.0692008802078855
-1.32936449682322
0.973383355796481
0.460898183264652
-0.149682695520994
1.11437729312362
-0.285813800779307
0.113837685760099
0.113315141444043
1.77051569162756
-0.311714409293023
-1.18377457367128
0.801172550654812
0.878487503244138
0.801682032305791
-0.467142765247765
-0.758943483912676
0.234757560839548
-0.46269994647606
0.108875043982276
0.0145873559996009
-1.30379798127992
-0.842906230777667
-0.953155561539648
0.639820346189183
2.05405734152919
1.31794406186503
2.56460221485756
2.40667918886132
2.89135041803638
0.760897494488612
0.436030886350223
2.55297046007959
2.77278702273174
0.0504184358923221
1.91321548805346
2.66009358454999
1.5068038930978
1.11876455820182
0.100267267433876
3.1118131073156
1.55762537530008
1.70131468951397
1.77724894374551
0.816765270949697
3.01609158603328
2.27343665459007
3.34129530867379
2.4778386847614
0.783690541334784
2.22164283235084
2.28350145455827
2.22461459347591
1.36498244238715
1.8253860815439
2.5640646275667
1.9735186420211
2.75168493048707
2.60706123173476
3.74244194712682
2.48492101536694
2.98669016274881
0.893697811017545
2.51220920785497
1.77203737533625
0.952024033883183
2.2265097488128
1.74115520389489
2.71632428620755
3.08353595086347
3.00190791842958
2.68485990258939
0.844434739396848
2.75938342347636
1.20169877113251
0.71387341962549
2.50705885153084
2.80811266576248
2.50741256252148
2.0577725661107
0.753526880422283
1.36222920434786
3.14291697601457
2.06383545738284
0.915867801641131
2.4032298322961
0.965361082398403
2.6330354633226
2.47066558883426
2.15975334181764
2.56901568045097
1.43070370539309
2.68390368265627
0.931161772330937
1.97574662087153
3.58387158268084
3.51149106785758
2.87399409912272
1.29255927293394
1.65686939114671
2.9665729343469
1.48384147550071
2.07542793080585
3.47414922196117
2.05431578723418
2.18923057301671
3.31388786351461
1.01083880521736
2.30353954304685
2.50824549565132
0.503997030471259
2.30302861264466
1.81844359012968
2.365057000924
0.286908844685609
2.67389121235093
-0.0875331601845155
2.37223999362618
2.04762521208597
2.87595423446719
1.85194382320522
0.790625230609166
2.41467152431612
4.20168997558873
