1.33149008751433
-0.229972933907998
1.40806819970729
1.59418726329527
0.77704123034309
0.495785532793148
0.512335949615291
1.16455275443526
0.00475069660170402
0.849121099912788
1.8293051947285
-0.713553221713159
0.39610361627676
0.947801991519881
1.19061803474795
1.20891088389307
-0.129183558580499
2.07340820705047
0.541604369429752
0.330011343233208
0.410858481875218
0.85509070879934
0.0584570556137122
0.1121405056992
0.00594316430542444
0.862203549428767
-0.246904074760854
1.26597089962653
0.324752007135216
0.0894035452410282
-0.489766003462289
1.43781243052897
0.17694809081342
0.989696648336845
1.70917758800062
0.755897595247318
0.54227970752322
1.14964568663642
0.510253100919087
0.775943795475346
-0.450328430600887
0.583336610061758
1.19323356346407
-0.336816890157377
-0.0431137788427339
0.297168305130417
0.966944061642461
-0.117732292409146
1.26596240676483
0.266460750639914
0.105156534456079
0.827320970916653
0.53886287525251
1.29044555612964
0.54561099376865
1.07771122178727
1.24770643897928
0.547421369300601
0.464265456938658
1.88788351176645
1.18723872654369
1.11234065292164
0.434186999910915
0.7264429427593
0.106079851403786
1.98861411771339
1.07511072505609
1.69140011737902
0.502294678328125
1.08341617372934
0.789334383968764
0.588105078582175
1.57418434055591
-0.460498021604031
0.72917710172193
1.47733789539005
0.0275700611153741
1.87847171882091
0.514524679878806
1.49085065193016
2.04725640233446
0.308875481580071
0.400489510508091
1.12835711231692
1.60182623521952
0.245309405575166
1.18485479769862
0.86577893062557
1.27597087810041
0.755215867384522
0.111417930201906
1.77393909663829
1.30887645819749
0.815198948785954
0.896444939850697
0.846283319924348
1.14990253707444
0.719091951030747
0.361771210031022
0.222176767238118
0.496651471667078
0.469002247046274
1.77339903858015
1.52213250614355
0.688562808144723
-0.0968338305327575
1.20982158346448
3.07758882700651
0.00882423864617254
-0.384228862907588
0.559551255944886
0.627217220778514
2.12608789590795
0.61632278085261
-0.982181892404916
1.28875765871758
1.53019398403132
0.306638638806548
0.30899153213635
1.16266369163368
0.0688304622793252
0.163561826594492
0.199573347799373
0.278507292980948
1.71051928475275
0.470705469769262
1.17002286678024
0.0823175086136769
0.122701268069664
2.11175443939268
1.12036009738793
-0.177361578401327
0.238018514117447
0.534622236203644
0.883619214190712
1.60026040598152
0.367628310098469
0.514141914531661
1.04911455943907
0.0947462110310684
0.121616338278022
1.00726334884436
-0.206863474249282
0.680535978860802
0.305478173096032
0.350504751643573
0.317275899021085
0.954601433333889
0.710009096086091
0.555635219851593
1.39306399234138
1.03018936723873
1.30728544498185
1.14322876542605
1.71153700401453
1.26011511304728
0.667960669699168
0.690092424545682
0.370658709298865
0.641302545056564
2.12444961542835
0.134325817271262
0.560453540146217
0.252055135459874
-0.71968464878308
-0.536394362551918
0.603575017675105
0.991580761363196
0.150330896358946
1.95225207066933
0.0637726873283844
0.230676035446041
1.26933218250575
1.15991334780822
0.588904198108338
1.21038066775816
1.99872587791734
0.84263706439328
-0.143263314772424
0.954097405765073
1.13568394390084
-0.283050972687576
0.192016436782036
0.638204820785315
0.668091951548469
-0.245456855024108
0.356632298880082
1.26323895520107
1.11815008604515
0.578324645287339
1.49922935443916
0.251365367631474
-0.186875867044917
1.11136661132703
1.54401338520003
0.195628771746174
0.000791043026473814
1.84202324918592
1.36106298972743
0.994004677384496
