0.649979813375853
-0.516659524733548
0.849881562736842
0.978014476383566
1.95412838039013
0.511899331892788
1.02636360321968
0.483722875427583
1.50762428159543
0.0656213386828324
0.638983245528783
1.24969344118073
1.70197749496088
0.527051093776881
0.732538404925942
-0.0372130350587084
0.743250674628608
1.55964675270962
-0.0456545617552522
0.303267382276762
-0.211503706421514
0.906120984271475
1.68861234643872
2.46358907275218
0.0379677000747318
2.41850558767933
1.11720609098792
0.129050824601037
0.886526585396563
1.2394268771976
0.152378444257426
1.36820094084578
-0.193356464636344
0.359806283489971
0.65434440468902
0.335338075852636
-0.0150508044017743
1.52752537298591
1.26130218114115
1.99526343971801
-0.582118452362624
0.717720019134102
0.358338303049552
-0.164357138310372
-0.625162149278832
0.719843835055782
-0.244040418702615
0.0570156403995287
-0.623074335188047
1.01657877942411
-0.331913211589545
-0.117183000984423
1.00258079355486
0.268536816353488
0.30532918613034
0.951704075944767
1.62942327117584
1.17934614791731
1.08252335849028
1.33296324343438
0.261985856121523
0.605318208276022
0.0964092733734218
0.726614245947595
1.11788180042361
0.987130312886719
-0.0822222410615854
2.11042281736988
-0.028125289137926
-0.643464167514892
1.69295068842685
1.24280842823557
-0.234178957382687
0.449172267279508
0.793794983685355
0.570243899455374
0.489390090440271
0.079064369607817
0.475705770970583
0.372069918325382
0.297056206360128
1.00657331846624
1.30884709320805
0.274803501210589
0.656264525351905
1.01063463308862
0.459469548118056
2.14119739718467
0.345073137727803
0.381631346813056
0.0691994392935878
0.1230398840472
0.875025108214185
1.16953076952045
-0.118936978398982
0.222142324643887
0.633063389295989
2.6118873114219
-0.0563528540859888
-0.0382658254999027
0.0220579379357096
0.561609500151437
0.191482500047677
2.47570584791949
-0.0528354242230782
1.63467895990457
0.962888887752801
0.587375592020739
0.150997157100316
0.401187995352229
0.922322967274355
0.851781473762561
0.199671469065303
0.39409228247804
0.389912698205989
0.697068492602469
0.519741731013991
0.319490947534952
0.300152734717219
-0.252588915579817
1.95762154013081
0.0480331486888305
0.564442712155267
0.344284078308274
1.00556727902782
0.0147357150685753
1.30943248228454
0.780680610202441
0.105691727681215
-0.120411783948312
1.73326079007973
0.152204707737764
-0.737659480045374
0.646479427024844
2.64455353895778
1.00370862771775
0.160814043591584
0.640333436025723
0.765045243979425
0.575970695399657
1.22195421870699
0.523978949528848
0.672776693128952
1.64037174051403
0.114137298299361
1.15307745003636
0.292974806258612
0.115011229645044
1.10717506599031
0.840800670281994
0.875510336920968
0.572628199815148
-0.122603491694399
0.800848322512335
0.0450891413351706
0.679715028282398
0.320798447707493
1.45967965787345
1.83309114545514
0.546383044262604
0.0886815215552737
0.546420082455028
0.954929664748654
-0.139453229636781
-0.295717932866442
0.583485184746511
-0.0511350079386494
1.034091767225
0.327432947698295
-0.40615998435683
-0.130036480856786
1.47026344379988
0.0310181096328632
0.652940589536182
0.363314035607612
-0.0211422527788993
1.0391392746948
0.041604349218742
-0.0559761618886385
0.941619742340299
1.31018481705685
0.813599837872557
0.152270072599419
0.103495516857322
1.34413848143907
0.888047925296048
0.141922749645297
0.0113594631020363
1.22993372806333
0.656747805416229
1.00034789633364
1.77798837824876
0.894367889637129
0.548936593427333
0.211100029028997
0.29217217654537
0.763427872229118
-0.33381244174862
-0.284355557510489
1.04034319789946
