0.105247031185729
0.380715374456718
0.406187865316587
0.381748824181648
0.706962380092285
0.525065886530936
1.43664112177411
0.435108742742848
-0.232604267282824
0.524948337083161
2.57675413575861
0.700626337220183
1.10988287954426
-0.72343908648702
1.49890788545423
0.000825920371565259
0.437129314368381
0.654244749520807
0.821289517906982
0.363533732768576
0.327600787451306
-0.0482549007647083
2.10122992055188
1.98829607800179
0.709922200759754
1.23124133381582
-0.202559899871787
-0.0252381125809552
0.0626828823009403
0.951983629358859
0.958063498941798
0.520501829745968
0.669551311502289
1.40962586721816
0.846474665457171
0.821060446553761
1.36902950946321
0.224327771115423
1.39850980291292
1.32569710311536
1.1570618199879
0.222566636244124
0.186289659768496
-0.0341551572373838
0.679045827345924
-0.260825327393113
0.833643540887701
-1.25597942106482
-0.637825838211553
0.195193470554052
1.18896038175127
0.503743738730876
2.21304602110313
0.696333956774695
0.561837575654479
0.274965672770538
2.21014820325661
0.974594399639412
0.678543731313639
2.24623031533473
-0.518105505636363
1.87010291403588
1.0006042165004
0.370841792243996
1.56385974827335
2.63840468445855
0.421102674679156
0.531917661581004
1.45997415364787
0.501641884423979
0.124000226628957
0.535373206446645
-0.149021939156755
2.33091599874888
0.239672578259798
1.42586236591942
0.725092445939028
0.930602801852569
-0.12989811465187
0.915210632562932
0.811273053472332
-0.341115836599849
0.332800799667278
0.00220399042811115
-0.920611154969587
0.758839992026331
0.860847728785122
1.72458027049833
0.299651307232935
-0.171264687383772
2.36221766348674
0.495039351450762
-0.301522326160711
1.52797706435124
0.585918464027818
0.337619328116251
0.242511828619173
1.83384293425082
2.17883048523523
0.372115506926758
2.15787924613852
2.40812839585117
2.24226728265252
1.69348971771301
2.15592842263284
2.25363852025754
3.41246176485623
3.54252770689775
2.77552550708158
2.84340713387867
3.63739541221919
3.00672349137481
3.28204721108207
2.70809883300605
2.51897315998866
3.49989225006223
2.30945278872685
2.77549442777944
1.55886355672266
4.16350914383092
2.60714446728993
2.15360536062369
1.86140491601434
2.58749406978096
2.24747988208671
1.51394584785025
3.09755434840942
3.04014265245416
1.85812211067643
3.38539933955163
2.51259204784376
1.97540264218709
1.77970004082601
2.34295219051381
2.98416377278338
3.3992039404721
2.21782139749545
2.38920782621975
4.25773990768065
4.02254798475181
2.92983762101709
1.92613355193009
2.57850854931056
3.83345014226055
3.74025792210219
1.53280885627208
2.86133850438815
3.49404122827538
2.1577773923074
2.77651427562978
3.40641985759685
2.97404616939388
1.98594185191073
3.72019823124093
2.50674632705747
2.75597495603297
2.61315271467493
2.18822744229277
2.54163002990127
3.19822805279104
2.13170201444634
2.7553523041344
1.99584377287062
2.12729411757947
2.53399891055233
2.39118698508658
1.11764701635787
2.69370191751333
2.42397897341602
2.2932778328026
1.84127312577675
3.36672194615465
2.66011291515038
2.64276233235923
2.23279892755985
3.69705730591234
1.61812099391345
1.88662057897791
3.47755081504127
2.89889948570193
2.82206154773616
1.89114753448061
4.23126294292832
3.64491967673312
2.74244667406208
2.0640120223171
2.55634299830375
2.45732021942633
4.33190178783789
2.33167210871436
1.8064924761797
2.49523302942136
2.0159021145084
2.80613447603883
3.51042359062645
2.80799009048632
2.247162905385
1.80022151833303
1.49844955838282
2.55136607141322
