-0.348800635275639
-0.751089285605528
0.620147110945238
-1.24203657074448
-0.782452060818492
-0.13339511111838
0.197362318240421
-2.05559998545514
0.919395503962923
-0.621659560060358
0.901895783495768
-1.02750060245876
0.094298067632143
-0.208258265609828
0.910721995934226
0.478310026986305
-0.322224575860088
0.614082792676411
-0.0314768127468871
0.436572989348955
-0.498840412552328
0.545386732502653
-0.110244337683775
0.391656163661691
2.06012362873566
-0.149275484788412
0.532360657114915
-0.601366731956627
-1.26718302452862
-0.982606503991536
1.25142459322349
0.737427428435109
-0.798754663150923
-0.858906673137067
-1.01597711520878
0.223028294332039
-0.696531599733819
-0.253225664155458
-1.01804276144323
-0.989320243972866
0.640409707097156
-1.76939886468214
-0.866609288409646
1.09430266483841
-0.396811149834821
-0.527829375581174
0.7883678134941
0.349171363128113
0.850188451421271
-1.7938914773754
-0.103480787700788
0.863384116952769
1.73006533444734
-0.272532523538881
-0.94378197379338
-0.913942533903713
-0.0349611608995008
-1.40302370287046
-1.91443452124244
-0.681186768326275
2.27500055059239
0.938229084837623
-0.321710023466201
-0.494764137935996
0.351298307085677
-0.284963282446889
-0.351674204219071
-0.320757132682222
1.213793672447
-1.59782823584471
-0.420102577272513
-0.108174616113084
-0.661906214091083
0.364480499383961
-0.129935965655082
1.93607084756719
0.48930735375958
-0.702674850419053
0.354698033774262
1.08981183481159
0.648505659979759
0.27875412827137
-0.179548473565834
-0.318176048235961
-0.624071269208832
0.62811766896766
-0.273845494297728
-1.02442769192613
-0.376635080567218
-2.09990994816798
-0.160752027012177
1.4374688337835
-0.255679898507628
0.32741786682202
-1.05971896775172
1.45456176529408
1.06526713004375
0.114119584241549
-1.12011460897153
1.31222112755337
2.93773080677618
-0.0634559024823189
1.27402729030025
3.21194513441958
0.871410418078408
2.50835614360397
2.17296235234775
1.08958030584289
1.84092989373717
2.19231616303529
1.72379823949147
2.61071520674733
1.4625621560731
2.52277761463168
1.51114148734031
2.58383351290793
0.578257921215929
0.667686903358171
0.400617043101039
2.31584545278717
2.91081819231343
2.43517758595954
3.27208059753804
2.08789757692225
1.36377601059296
1.30796470107797
1.80188047846139
0.525621788908689
2.30711705626639
1.39984355243042
2.78636600271235
1.8447386827884
1.09501761647025
0.959951197921899
0.634377268602686
2.76739833979796
2.42619442340628
1.71337554135274
0.474470132369282
1.81095135617458
3.3669575918402
0.532964645570586
1.85526449947292
2.92084733232568
2.28505354633514
1.45108966739714
1.65856553997919
3.12591106342833
0.990830816144767
-0.202646939866966
0.983801640181466
3.49223069796429
1.30772694284526
0.946362564187328
3.27767673926212
1.1496545391208
3.41358501631613
0.89921608740857
4.50582931389929
1.86848975896353
0.422046894836854
3.1642833575237
0.893831225083382
1.96674307978635
2.96757009095755
1.97854726699515
3.43752104577253
1.61671890699774
1.60503834924072
2.39092226690496
-0.656684858029993
0.884045673409376
2.72150877267149
3.32732320981047
1.46255935126536
4.14529362136483
0.836659904082203
0.629550618016021
1.86677762292219
3.75734574573307
1.12607474509771
2.05943320954377
1.31369016571455
1.83033486819988
2.51178773524608
2.63401178045456
2.4382933530578
2.45618876170257
2.06591602995664
1.69055373988555
2.93147293277789
0.974628012519283
3.03177801658867
1.08723085714539
1.35625857632279
1.48110109271714
2.63944858354451
1.48540068053078
1.04579054530417
2.37435701535451
