-0.332277846954591
1.04551595788313
-0.438466960441675
-0.163305477893025
0.469691188499628
-0.865628954790164
0.260344286986805
0.769384213140019
-0.760673123466112
-1.6084707252921
-0.975359001864063
-2.06135415729346
0.740085415084796
1.33386304317598
1.82054923198556
-1.24001881220459
0.0893170606453783
-1.10648108696902
0.396665884147754
-0.801724927841199
-0.746746220837164
0.55275330891272
1.14189580902127
0.892642589797085
-0.657759036245846
0.996868298366319
0.80923363685995
-0.408914806704535
-0.755651674819918
-0.538346282746832
0.154518566900433
-0.360642238892513
-1.27485053502874
1.37656277638697
0.268062906487387
-0.3977536315467
-0.637988846026792
-2.25482512658393
-0.818996999123418
-0.465228027920186
0.545205792832849
0.574206141895728
-0.130656753677975
-0.824967104826442
0.483220276385074
-0.554752698797895
1.73812292112616
-1.80182728586752
0.840692934579658
0.288691306792469
-0.428165637205906
-0.18985030115527
-0.896872406786974
-0.296905320255128
1.54413221398091
-0.173696156856423
1.3577051716684
-1.0658877319974
2.00068091442341
-0.128912094771086
-2.0245555539854
-0.731608421744305
0.197872865194662
0.120239216698804
-2.5055299929685
0.588250144252367
1.78450367434735
0.916896381911788
-0.4968487053445
-1.42071473785773
-0.480137826988778
-1.21972008795288
-0.980633598578419
1.3913722172019
-0.768405545520028
-0.303898006332478
0.871067423756798
-0.979592680019658
-0.485660604202344
0.831452812855152
-0.658775762953603
-0.508804711063494
0.752123946554108
-0.216346595649228
-0.328358640425733
0.338282781412186
0.753261922242616
0.711306052542054
1.03693390850295
-1.09488416606079
1.19244425692809
-1.14603481780453
1.5863341720703
1.31116066629492
1.04107873000259
-0.484052937117244
0.063781182423447
1.12287616919719
-0.342968711209158
0.357811871231154
-0.733855123147259
-0.354154193294761
2.19916442119313
0.192230531783955
-0.552609554534512
-0.741300586150161
-1.4539517196395
0.208491663297989
1.45899551406734
0.317798052280974
-2.31587880831677
-0.0646433545139336
0.64115310288481
-0.921149063556233
0.506580088926153
0.0414816828993476
1.2346749729442
0.364094064800103
-0.713487352904014
1.46857825325637
0.300330140241764
0.735005391944139
-0.443729380514172
-1.77453658718069
0.438205439698534
-0.734912339920346
-0.648180883096936
-0.792061227064396
-0.437763000126343
-0.191020343702762
0.48002324495564
0.659364811981638
0.614508730798151
-0.685512555860282
0.755786170273594
0.242463369717553
-0.273166693534839
-0.478604570157375
-1.17016093531214
0.0666718477468368
0.0180172685488946
-0.0546661572037106
-1.08579283224424
-0.684865241959149
-1.09252094666096
-0.781302006096198
0.512016009561505
0.731494730859571
0.587815557439528
0.727471322758392
0.0860781820584792
-0.730403918641572
-1.09447231066373
-0.784250188163531
-0.0180105163655362
-0.968105443731583
0.262619014612407
0.898675053668705
-0.692501049300097
-1.02968954625347
0.864285142869272
0.594443649452158
-0.532541893091021
-0.854023422492931
-0.240513689886417
0.449919006097939
0.483776389512071
1.1314909267544
-1.42868615313935
0.487282918417676
0.916994384938608
-1.54066473956915
-1.8156746864521
0.390670694400953
-0.980947366237026
-0.495160542664841
-0.804254228775875
-1.79348189590424
1.32683970134871
-0.0192444328034226
0.0499950759113502
1.07923234264583
1.18803285135057
-0.159880084844597
0.479638532532251
-0.565848799051404
-1.28274150519559
0.80347465349346
-0.0135769431145876
-0.913979775552172
0.527057128679357
-1.20823416247058
-0.268583427415388
-0.179697364948318
0.0393641829641078
-0.43273537660582
1.57976814054671
-0.309740281024067
-2.00059559462414
0.730068366086038
