-1.00973219568945
-1.86537472405537
0.649206232074609
-1.15513046583074
-0.35331326993211
1.898287277239
0.158414417371812
-0.178589782410371
0.826315582018606
-0.286586408220597
-1.02468954272996
-0.576742966242804
1.91691634854745
0.191787064224078
-0.822948625337788
-0.637990260820937
-0.988623611133267
-0.51884899692043
1.07313170039014
-1.38395115660289
-1.61510491081157
0.137110317099778
1.95581283518123
-0.387940980326514
-0.389592436768211
-0.46230923352634
-1.71988233989353
-0.464997883055042
-1.10141326407824
0.295088047579797
-0.289114149959556
0.0546211489714025
-0.588280209379159
0.41108483165493
1.37752335446735
1.15298099807765
0.214524902695819
0.230245261090687
-0.582186096826813
-0.557184651252119
0.557697816287876
0.306451121856557
2.07013428916696
0.299487700005544
-1.37969890344877
0.780216860347547
-0.924117585370711
1.29205656500118
0.147464999463581
0.662969739739992
1.31362886131475
1.00808491882689
-0.210621927167591
0.709749646255763
0.530903317900312
0.100098066081669
0.655513958087367
-1.021478855134
-0.665381478500458
1.17200912181246
-1.345872242977
0.161500719907069
-0.548196566470123
0.757267949780904
-0.318667915074589
0.804434581333785
1.23142174387425
-1.27827136109838
0.461329666734113
1.4448206831742
0.293265488411002
-1.21238598462897
0.19852566688075
1.89808445191875
0.839614527045889
-0.558005073077983
0.837088790772095
0.272501632120922
-0.807513054006775
1.87109606042382
-0.467245850827193
-0.867974822787173
0.00730712291921995
-0.982737710138536
-0.990396791771456
0.105877363091982
-0.968709853876331
0.594603897911724
-0.568283452634125
-0.471749924524608
-3.34555984065383
-1.18420537017172
0.432185590293794
0.350022710738169
-0.849128189721565
0.17234923320548
-0.214326144363679
0.434342317921927
-0.995569784275558
0.315756982282322
1.86994741566734
3.89699788802898
3.69137606341574
2.05970252078375
1.81310620864617
2.5876261798528
0.872446198376169
1.73199087789034
1.04370495626189
1.45593927254065
1.70797380048686
2.26380107077709
4.49915282859516
1.78005641052338
0.76262558820665
2.63083143295088
1.57555924574927
1.92777737976757
1.35550294633489
-0.118334837433433
1.06395535358673
4.00795936802818
2.64981294730598
2.07303838786351
1.68504473521709
4.61797337790261
2.06929404095272
1.94172725855498
2.33026272754317
0.346357133855488
2.81017809265253
0.144871423859299
1.04274752630385
3.32938104266224
2.95522509529266
1.30413331736192
2.28006793838465
2.34532595798607
1.1535516733008
3.70235071725792
1.38388832227518
1.44166313095857
0.967002616342946
5.20099782639565
1.19473949904591
1.64805593934941
1.85704038467185
3.24243232173335
3.12366907042426
1.04824206337264
1.82714915426588
2.85263479121971
1.71282044396236
1.43449323956311
4.50784588638641
0.500982371355058
2.03047874085323
3.8787292542647
1.42338594565275
2.62139785829071
2.53439274974237
0.930455307256914
2.47301319322408
0.270501552901973
2.0363334339264
1.04963694818946
3.19538992887796
2.11888741088432
3.24801462900495
2.59221437666426
3.7967431260819
2.38347726759977
1.96487542916396
2.44256797560442
2.59407800227452
2.36556532730293
2.64672795916688
0.951579153036732
1.16410325585753
1.15067391909214
2.50419124894707
1.98750551596507
4.2538196328873
0.717439191034024
2.58757925320114
3.29001931523525
-0.290484196774919
1.1415500761086
4.21763222388813
2.52663097569184
2.25300722658544
1.11907067300525
2.48739399950376
2.3899861536926
1.07060701629114
3.43552011500937
1.92807112137073
2.87252350057128
1.23782477230992
1.00684750539382
