0.542100266708164
-0.584215861069307
0.19018410980413
1.96524161403619
0.503588227999895
0.923093341119082
-0.260852654508738
1.81818001297935
-0.130832620686733
0.465018824437381
0.685473464240202
0.439360164297481
0.248504974399585
0.760264116068685
-0.0454706544399131
0.840612305567234
1.27481268069578
1.02956589398807
0.188702804470683
0.53046998872657
-0.16305288946818
1.25030063664647
1.67687866824274
-0.372628333542865
0.981897068756332
0.790482041526984
1.01846171709606
0.154420019717804
1.20037910756653
0.461567410554402
0.577961581816043
0.883559074837813
0.658843496979955
0.299189255713643
-0.181326653586178
1.90917577314435
0.458697540592462
1.25465667748989
0.934416310736963
0.872411660565832
0.944276261151578
0.0156597478739713
0.5576592852437
0.395447798081261
0.125927336181658
0.594264018528531
0.406311469222846
0.930853357244339
1.60190359175313
1.5428856725371
0.755420816054268
-0.0654386634110384
1.45042644348224
1.28285326366201
2.66106971979825
1.8860340966018
0.48803298369542
0.0320410704514806
2.76971273478755
0.900042233033036
0.0936407721479551
1.22026107389443
0.486437600259539
1.04252314897494
0.456476035939104
0.969938145915227
0.324634246311152
-0.486006185258006
0.107981145228532
-0.319723421974667
0.565894172043421
0.682905206902657
1.54192943436366
-0.174415594451485
-2.91430005819049e-05
1.09772402220317
0.670328009785046
0.940956798490035
0.870820015477755
0.456796475317531
1.51997863283607
0.374433839577907
0.419575855078146
1.33116711122046
-0.758832587299173
0.122358606532729
0.659664487276946
0.938275352823555
0.373989191212559
-0.0579384181214357
1.16934099413194
-0.194673888046728
0.771270324744801
1.34839060355999
0.318287356205398
1.24653899096971
0.772312591445396
0.866449384466497
0.8874354926198
0.615240954317665
1.66352171013283
2.57392959860823
2.20448257342718
2.10801020332446
1.50066084401893
2.30647146162877
4.82882716310883
1.55917754466257
2.10444140703744
3.99662239370374
2.65217293844759
2.42671461676759
3.29594900979536
1.49345259346325
2.65978618738583
1.25289807175774
2.69445453185503
2.78001953478741
3.41414370828097
2.93870815816483
3.69747428889356
2.9607236867818
2.40358557737915
3.17573546369111
2.4511712029249
2.34663877501987
2.77751129915275
3.0427668269488
2.96242065794221
3.58283665258343
2.02028363833499
4.17696367021976
3.32976187389425
1.94362649241953
2.64156279428233
4.32921732879599
3.54057405730072
2.24124543407831
1.86542670594107
1.89920843272651
3.74870627018728
3.47583979580329
3.54820292881035
3.38738239230985
2.63097786115582
3.45093732139035
2.79397888465097
3.75314382486794
1.89779262863791
3.80450289472993
1.91622969198969
2.92742247067231
1.96895090485383
4.36374250833577
2.05513483742963
2.82336805830988
3.53818341897861
2.73805325479566
2.22247808457664
3.79620163607256
3.90381143352861
2.08649571855941
2.75307493906574
2.72676707028722
2.35977691065658
2.34888122573652
4.24489120043643
2.05971080355247
2.23398819570716
2.44963954494508
2.76970551331868
1.91389052867337
3.97205431824631
3.34227173757332
3.09409566908027
3.03707349840383
3.38375069836391
2.62156151751774
2.13163367961106
3.00346055016963
3.9296356245947
1.84664767150389
2.92350951747931
2.6554382929043
3.15627430336511
2.08463395434411
1.96808553107331
2.70426622385101
2.54965409705614
2.44521417189199
3.73164893154612
2.68447049470395
3.11192824850108
4.74068268545206
2.43824205447273
2.52253775531011
1.48089972137024
2.8665390049537
2.53142647425435
2.36756668582545
