0.0960662071412177
-2.3759194703743
0.295346296592843
0.852325044435096
1.21663278389338
-0.00566420950502007
-0.743129826062892
-1.42381739293988
-0.752672847155048
0.145211664777865
-0.537399096030204
-0.473198332085208
0.204685794366629
0.659719721457099
-0.129901336789665
1.11567521669295
-0.855340082624721
-0.79271395258773
-2.39311413937854
1.45632066711435
0.774043794844617
-0.336913288595136
-0.810257565650874
-0.155670440607466
0.783323993754802
0.0461041702066079
0.672478784908691
0.352224577099276
-0.464663424675157
-1.48405976082234
-0.0120501871052417
-0.357516767666537
0.425648374151877
0.657028296817341
0.876103541416008
-0.477245091352022
0.629934228731521
0.997496458520164
-0.701132410110813
1.26549090600893
-1.60619382970261
1.49151925966339
-0.383997201938957
1.05163068813263
-2.50593663595246
-1.14533607675448
-2.71557741881368
-0.325979498624494
0.600882277364807
0.609976905463379
-1.02341391732285
0.830675132811963
-0.556701036654825
0.0903521045850957
-1.06409003486318
-0.605729357807854
0.600615580888788
-0.020660822397585
-0.791701143772725
-0.033657122900089
-1.5680373631405
0.197456294668419
-0.603105008400801
-0.209972809455194
-0.329698501910606
-1.45845525988631
-0.013123901324296
0.593200157718761
-0.481863293312105
-1.7238291028388
0.255658473352845
-0.544757504353453
-0.680374582367367
-0.02349931332703
-1.29206795517355
0.365105046717771
0.978974144090476
-1.01022456585458
-0.727729160850532
0.873772161105011
-1.83049767750987
1.1667387025236
1.42743479062447
-0.243268258678536
0.211956034367283
1.84526642158989
-1.89826893270108
0.890930767264184
-0.0430978250111501
2.94544089856894
1.04544463157682
-1.10305695968502
-0.828403044742518
0.869850703009614
2.31250646281317
0.170425248344837
-0.20024342138843
1.6194903264229
-0.508719780626757
-0.569018789922997
1.34154050574726
2.05437136815828
1.89481641638703
1.89138938275252
0.989537749683927
0.132567338750505
1.87087387334999
2.60906880312052
3.31461339285203
2.98000013645721
2.68944156377424
1.48492494517042
3.37942996543324
1.18154629129269
2.08154892728547
1.85384063798858
1.67907618126891
2.88858028994915
0.812735456474105
3.43123530283115
3.18656055710438
1.1443765058226
3.15479569562999
2.00082536707657
1.26369058548514
3.07784272241538
2.17011648908005
1.80271086131378
2.29230164485706
2.99209587312965
1.23248029516984
3.65500820624774
1.87814878747327
2.32957582888676
1.63767464609528
3.71112623241634
3.19108713615426
1.26709629811559
1.90588290505658
2.57900887976643
3.06298132189885
3.34247031662575
1.4912434217951
1.89032093673665
2.31190410430071
2.16683246684934
1.49833531929551
1.6976465417245
1.671435980159
1.44438884732381
1.96191084838366
1.38100201473468
2.20835963259202
1.82432528613006
1.88405156795198
2.88160869085344
1.41002799356024
3.2926541166133
2.91872213957799
0.32764734604747
1.40519714877405
2.22359613792158
1.94560403047751
1.52518512133745
3.03919457349097
2.5394343528166
1.0106397815441
2.05479841934571
0.813123755988706
3.13403178040832
3.76686267967706
1.30727300162913
1.34578510168933
2.49090026622219
1.94081049246011
2.70464808436328
2.40903977720947
1.22815546050341
3.02381559896548
2.50037891124244
1.76363894411001
1.66323843458116
1.62370989110551
2.31703644507966
1.06363796602496
3.19481458374263
3.17848889046139
1.86865668677251
1.76993702079351
2.0422107124473
2.86884797769644
0.537970278277761
2.41485223802201
1.1096149906516
2.6219964148447
2.62359138571166
1.77473591806618
3.19326574354375
1.77160585602155
1.95384213316735
