-0.103414712908535
1.36374921751325
-0.133713485782883
-0.583320124075278
0.0838541610384527
1.44214500300509
0.309957244072794
2.27047863257481
0.787606400416085
0.525114761359492
-0.111177911815186
1.5429812969827
-0.182100717099958
0.936617397966269
0.382088447488603
1.28989925542421
0.131955190956212
1.9307304120036
0.872455424627268
0.379546374561506
0.851662332250563
1.21150498178575
1.58916161678598
0.20879543441095
-0.243495752458628
2.11722304829973
-0.295334691092606
0.869717545946047
0.783010570558182
0.150303620914135
0.480490437681084
0.75421621560305
1.74467488150313
1.24850671971096
1.23730429132077
0.997746655111628
-0.514472204691524
0.278330026754865
1.93503834281564
0.257370245247326
-0.230619749510465
0.507131125880588
0.470611624114646
0.270596848136686
0.483600304312586
1.3382015617792
0.727821654371515
0.500421751673993
1.4303864957945
0.29652497208077
1.18067491976194
1.18261277093225
0.69983049489867
1.53452632156158
1.02148428817159
0.599053460227074
0.310850823884413
0.906479879058163
1.0816187879755
-0.0139240854021043
1.00594209783219
1.46175711652005
1.33645961237909
0.397638483114597
1.21369419141755
0.27310059090258
0.23730861576662
0.613888618894972
0.784819793968436
1.29950639714613
0.675936423623215
0.578084636672169
0.537908614012455
0.475227399971125
1.35113612011822
1.29855352444376
1.94451111499852
0.634330880304341
1.49191555993649
0.867789873532484
2.48585292763338
1.31728407749671
1.36004503025719
0.655819663003557
0.736453050778362
1.54714874739956
2.12916943584763
2.30981603144782
1.40769318043239
-0.113692133152354
0.527068648486226
1.67923891780878
2.13835422201523
2.17653235499499
2.11656000106361
2.57724052083722
0.77645230135129
0.374446573163675
1.72304275328164
1.00745837739129
0.244230396752975
1.66676698044038
2.09323963799466
2.02989660597797
0.663342096971883
0.9337445192698
1.32346167104145
0.793301499435536
0.77135168673328
1.03019797387672
0.66392590948809
2.39906583396621
0.976940589174884
0.182930186072531
0.172862163412227
0.325954130361832
0.947697047117208
-0.274596504841198
0.753284257605784
1.65799526123427
0.56549386313084
1.30367505166781
1.92895208259255
0.44189716072113
0.724646142358908
1.47140773494624
1.87757848363088
1.02710065636638
1.29258527437314
1.18941389800904
1.31388238586625
0.665683254183903
2.53900625303296
1.66367878655183
0.241724815332617
1.3034646079776
0.463685066950901
1.56941350988953
0.554679944429661
2.62509448762627
0.79190880269818
3.02338594658069
0.997806780113303
0.702269015279912
0.899490296538877
1.31370472357534
1.79405248799026
2.31377182389735
2.09072766515732
1.08071185250972
