0.669384635392227
1.45985587893207
0.608749010499336
1.56526372181062
0.277818559717128
0.189003245689455
0.776560112144158
0.945573644143083
1.13738454735572
0.571797573699157
-0.281840891016824
0.898568823903656
-0.0667410816295657
1.42610359628687
0.502138745060222
0.486098800681545
2.69471052830723
2.08425238241318
-0.421040904552456
0.113461114448094
0.415761222628785
0.0851862024290681
1.25407785401859
0.435727993076762
1.38590620837985
0.0559241616456556
0.311972919084525
1.00440553603921
0.186280904281962
1.55787807369353
0.464474396034221
0.431957737243058
2.0879729437158
1.72414607669741
1.09691752074688
0.54220856873157
0.636480601823743
-0.281120159191307
1.0781922994979
0.650717591535905
1.75916101293272
0.100337140460264
0.52055764410642
0.407140565099921
0.146994543680275
0.645846142616343
0.420918802183285
0.874066650162428
0.329341975115757
1.18296295211818
2.12376448020178
0.478089819496217
0.00631870862954892
0.040669031652359
1.06148296501006
0.861207919162635
0.975546260319163
0.412133060551246
1.18850514941818
2.76433893998983
0.936829041858359
-0.155390295074157
-0.153770039812202
0.149173336589437
1.05248863251406
-0.0650783586517573
0.457986875450012
0.679900427894144
0.720611517090481
0.563046440054697
1.28331220132322
0.419441412170124
2.38142203652265
1.38002012436825
0.742299755973486
-0.741628252035635
0.695968531866842
-0.102996474508903
-0.453781861654025
0.846075729931578
0.150803009364909
0.608148714940109
0.27170608920557
1.08056334552348
0.25536932881152
2.09200093150962
0.520338415560245
1.04277694526922
0.885660088033742
1.02549481873277
1.21692387669043
0.0779007117217463
0.100494281835517
0.308581336710649
1.22975776950061
0.274993632805209
0.51872640665024
1.11617677329668
1.3491252227571
0.985776505055459
3.0348597872552
2.46832701516939
2.50539346530498
2.58725011679118
2.29593886028469
3.9865926659835
2.70527096651565
3.25580084433166
3.35002497156146
3.02603549726258
2.6875257798458
2.0081068629794
1.50719536051629
1.86477683320651
2.58250419913024
3.57453016732174
3.4206846562846
3.34972641626287
2.76386331933092
3.48862292606822
1.77282242703156
2.30604176909705
1.99122396327195
2.14065003207034
2.63517719440264
2.45473268376435
2.15536457441245
3.05017850746229
3.77735854314237
4.3438037069861
4.14589233169838
2.9943511233626
2.76757857736279
3.8632433339903
3.12963866188176
3.60102996295479
1.38185684935556
2.60345167987477
1.89589957987763
2.11714471418038
2.42451851019041
2.31527178351844
3.54639344708913
2.23023116019598
3.6608391152708
1.13781301772302
2.86775632698904
2.41406529999147
2.74389012328536
2.76499975451098
2.4169750136514
2.97512146954497
1.84858056024044
1.18134651274781
3.80235306679789
2.56284710861633
3.07010715977586
2.6173082410687
2.83739553559602
3.37860282726451
4.16010675345357
3.36341113577787
3.6949011308034
3.23927992532063
2.68288923608884
2.1644490179011
2.623361401637
4.12386789777938
1.74483503992614
2.97764163520898
2.35155861319924
4.06390163503533
3.28682035248976
2.01267671763741
3.35293342569885
2.08884674676604
2.85343894324899
2.072942449451
3.03756789186725
3.05291952063558
2.93421433634225
2.3363521527897
3.21750516477733
2.13668840757155
1.17851385472927
2.75871689915812
2.80844197021129
2.1964037733036
2.04471805263436
3.16983139475572
2.23421524182336
2.92847703262671
2.73510930037683
2.65557023939877
2.36069298249198
2.70950283981145
2.26965492643475
2.37927595061935
2.29083660923873
3.14474851747826
