-1.74513951269674
-0.159731041781815
-1.55384812795145
-0.414019268279436
-0.96922971716072
-0.152014649328998
0.920696824842577
-1.82182792726414
0.428555775188094
-1.0394636704754
1.60218427066613
0.186778807105664
-1.62305631460925
0.95438497214639
-0.249126816812686
-0.00947322390806396
-1.00709785279826
-0.995962303569139
-0.581417241907238
1.43237232520061
1.64370562430109
0.315994022212589
0.855641206566184
-0.165600269507958
-0.371086441671912
0.68336898977026
0.108678557986028
-0.180663037611565
0.082164054903485
-0.439656340824239
0.936986872140991
-2.01159339944756
-0.159176441865931
0.360418422620355
-0.256018998987586
0.700101310225991
-1.55039895362451
0.424918502748519
-0.529027998803332
1.55832608247928
0.430590604515625
0.158958034204754
-0.377991398487034
-0.833538296022827
1.10344926804485
-0.908996927501475
1.51316954598236
-2.20136962605895
1.34017499912163
1.07192135310274
0.518522293307786
-1.92894996571139
0.725739888715232
-0.195363915742236
0.00284154852549174
1.47574926419274
0.339959091431932
0.69404259374652
0.852960426636065
0.885623825340423
0.071005351579886
0.120092074909487
-0.166917248645095
-0.428571978458258
-2.10200235260729
-1.54016856253702
-0.656625757069437
0.604435620691305
0.306591116393935
-1.23315988821923
-0.972526809404515
0.279043956809169
0.526373605302923
-1.1910648851651
-0.00961311881385388
0.184833656914555
0.599108331016385
1.23383875149
-2.18833586547881
-2.42585115830564
2.76301774522677
-0.90940353642386
1.95325724692457
0.00298535179389074
1.15977168574455
1.1224994743818
2.89735207653151
0.982308778352556
0.499894776596507
0.031581269806598
-0.922911509072665
1.04778232702744
0.593411818139847
-2.01024975583177
0.0338907830524427
-0.0418857851233551
0.729336101955787
-1.34150599249755
-0.478887600981059
0.589527423230295
1.33001949168441
0.863354467152588
1.21336457122743
0.718302851314838
-2.85334190844305
0.90684313139684
-0.666026520736402
-0.665791909837638
-0.142500628831289
-0.0977543776024776
0.582318767913063
-1.79250726288369
0.696990162534171
-0.626594224769154
-1.73025487671753
-0.785597659878313
-1.96144452972981
-1.02833158655637
0.497966767554676
-0.445353398230262
-1.48841153118858
2.38751323721064
0.389724104296225
0.698758926828569
-0.381481769613827
-0.121554781068518
0.197733563884785
0.860578984937002
-0.405495900733607
-1.03868930031408
-0.0920721498968812
1.06898741562164
-0.0142219859871769
-1.06129105101968
-0.664697854544056
-0.49023689596629
-1.52828844582638
1.12484932738744
-0.0264625695163593
-0.323974896905291
0.355131322126026
-0.153176722358469
0.68022352239932
-1.5934043345355
0.193736415048782
0.0383489906442463
-0.134032030901051
-1.00150553751627
0.360335679061434
1.66979060375699
-0.00375832701184381
-1.94346955837696
-0.225127905038188
-1.09396062003376
-0.0631863482520619
0.777339337585497
-0.575773280053214
-0.138775381649838
-1.85959575356814
0.993940896611111
1.71316110993668
-0.477141471224732
1.15206425927065
-0.00697257196609042
0.764350573934379
-0.380742442009201
-0.62637647686799
0.378851429157298
-0.888359613068383
-1.86786233306789
0.0305026199876763
-0.00786991228186802
0.582576310459592
0.442853775266329
0.204745441699225
-0.0365125122802996
0.193655250347672
1.8324675343013
0.0683296396743996
-0.455695710711758
-0.739447146109235
1.48149252428498
-1.63536600286729
-0.37376347778112
1.80379987797997
0.68996818950632
-0.822737201218743
-0.300084880146653
-1.95038004592481
0.374499459652601
1.36541258782049
0.115801506761644
-0.387775372424329
1.35009954588831
0.456068969800261
-0.0687350310595243
0.034033402284229
0.511663181851658
0.632265835668091
-0.348331476182722
