-0.79327873504116
1.90104695768394
-0.0540133132094978
-0.0940826294632586
0.295193013141757
-0.257856109397852
-0.386736178261703
-1.03533451721622
-0.644456779099481
0.131906411076119
0.537445316605719
-1.00980406888434
-0.490654964008763
-0.841180967023241
0.198347850681426
-0.856423385628427
-0.291827918235542
-1.11189038539869
-0.0254618278181247
0.876438521210904
-0.865504348283565
-0.0159855895290217
-2.12827015625463
0.710462758641759
-1.56412282828363
-0.616132260750824
-1.53576885760142
-1.46432162611679
-1.33013434947452
0.838168998232488
0.467688857907003
-1.93634681074623
1.58979646231533
-1.25886157244549
-1.68643679553099
-2.1406107323545
0.235420190729331
-1.29811230709144
-1.56308241191454
0.422939869486534
0.04258853371893
-1.18135005429068
-0.512496996492025
2.03308056858456
-0.946836088384523
-2.76816806702953
0.56967168819931
-0.519291540295691
1.85606974082267
-0.57391177309686
-1.1160510995435
0.39663494634313
-0.933422680226593
-0.59631048938951
0.705817596599579
0.837911075071828
-0.364391747774635
-0.526951432871816
0.153478204387628
0.21371676214322
1.62313739714247
-0.658445417785006
0.317452602632288
0.940219600555892
1.09523004134007
0.654764172202603
-1.69732469290844
1.16726864165473
0.795957580181399
-1.3676780857479
-1.83290374691142
-0.482056720740072
0.645758313098569
0.7283467197277
0.676916687871939
0.993814564194928
-0.822809573756626
0.950438956302509
0.889500465155256
-1.04708666933831
-0.447434034108112
-0.427752120517197
-0.601508697195319
-0.34774571747706
-1.10685433099201
-0.0938313299738281
-0.379059447222252
0.305211542658376
1.4304471712603
1.09006389233887
1.17750933754832
-0.000472428415613961
-0.384062958400995
-0.328079601074473
-0.518884627886421
0.591970598604814
1.27201192825886
-0.182485974369523
-1.27322297859436
0.576605995035187
2.64892438121139
2.55657276907169
3.44680865222341
1.97575542638445
1.64870989427162
2.86405627392111
3.48681680569893
1.4165754566545
2.20549560142522
2.70310527531851
0.875806054051281
1.09966546265838
3.73024943246489
3.11741169096847
1.09919549022219
1.38719836366725
2.09090234427515
1.40885490379483
3.17863295618441
1.82133723371059
1.37607789653495
3.51900211541582
1.07530587566667
1.38244588147861
2.98160079448837
2.37074167499833
2.83202667469575
3.34297816683796
1.07659242847144
2.11063765044533
2.74181611461578
1.66295355843073
2.35085410683876
1.54816140667549
2.04923269223351
1.83056071311722
0.820863334179713
2.87115771828032
2.25001854923281
1.25702884733071
0.391327604982203
-0.606804658409836
2.73871829551007
1.62432291506982
1.58254475493073
3.03500174376233
2.60439866519559
3.3906217644353
1.31340370231871
2.4402246699719
2.0631944851923
1.94527973997295
1.66858115796761
3.53708365655553
1.44970245567598
2.95788793906596
3.05761738583575
2.19137657868668
1.4039250975959
2.73011450503521
1.15771134406318
3.88052623799494
-0.603419335489013
3.18764978230353
3.26699459433627
3.27559716799587
1.96608931664837
3.1422394857404
3.39745359908424
2.65967260559593
2.60447801745886
0.937863358903694
2.23545272487093
2.08649870443054
1.76870499044447
1.80736001708706
1.49504331739091
1.2407376167894
0.805842750195831
1.3358451041052
2.63828030643243
2.44973009484755
2.0206703776229
2.56320899949776
2.59711140162316
1.25430548092824
0.829339488246582
2.09450973385826
0.362041238364921
-0.255532453435169
1.10827756637062
0.209807490850912
3.0065303341807
2.29050017802383
3.50422293634545
1.42837282205635
2.50521484022408
2.43996764220534
2.82623023909654
2.50789288886357
