1.97758168596895
-0.00895613058564904
0.499689114833658
1.24139388270089
0.187949424001789
0.706997984892238
1.19472956188355
1.70926001317205
0.0478789304105689
0.0627941365772553
1.02251231393832
1.05450141503479
0.864842304305722
1.93875731567065
2.10718220585476
0.731437063732386
-0.0596679059727594
0.779464577032851
1.57467749781519
0.6287585458321
0.95323177278297
2.64016441532108
-0.260964792215367
1.37789155925178
0.0352237205927116
0.502965522650707
1.9215262417103
0.156773626966243
1.43688496536974
0.968325388515562
0.966111857418247
0.851802378728359
0.386559000587505
0.188294997245415
0.942257711176665
0.416689810895491
-0.26462517353951
-0.449961727886471
0.329531597179228
0.782140221308143
0.27205391717274
2.07216014511718
0.0672763450542512
-0.180356343275777
0.616049915316855
2.31433220162128
1.3085104766322
1.23092808749829
0.734486994585265
0.652630569922494
0.833880117926904
0.814584746638234
1.00286116667196
0.780774786701866
0.81556247541585
1.10255076112413
-0.196110758568021
-0.0204581848975151
0.494661397546177
-0.411566518204627
0.295465532478538
1.88172094741407
0.483803193100723
0.701323460701782
0.963832649671079
0.880510390818051
-0.0401933447061046
1.99477248333749
0.34915531671135
0.68807601899232
1.3337675448061
1.46877778022288
1.1496930824595
1.42159746941619
0.682827344561963
0.205984077545698
0.9406270208403
0.375492728626596
0.494565925961087
1.26128427796133
1.3140930669802
0.848876421940685
0.863505191627278
0.684381573097086
1.00963566669995
0.395010337502583
1.77395999705972
1.2645272807536
0.310018813415874
0.219661216277666
1.56265250873834
0.667059181019674
0.707602402135904
0.52121595929382
-0.336195423004452
0.127304020513043
0.389286438696012
-0.230175036029389
-0.705137702124126
1.72174979111747
