0.479788154962039
0.133890288443449
1.05532418353314
-0.0805538922158717
-0.164360201791208
0.202006026179639
1.60132544715071
1.14209029183405
1.01811217389337
-0.398355021900746
-0.507990536476707
0.594244661006544
1.06930025887814
0.750756391349036
0.467937203256857
0.58933507506242
0.491580865781252
-0.2295386787702
0.230536496735243
0.82258591803655
0.237154389126066
0.895742169100673
0.3621210451288
0.432495200667952
0.835280744105236
0.51703288665277
0.7399097121653
1.50499133709617
1.1717756582781
0.989092447499156
-0.29855719271078
0.398524993239672
0.785743460914049
0.31619955055653
0.617353312276402
0.291430857083525
1.75182167240081
-0.212860265260842
-0.302093095416465
1.40621754817901
0.259989905222255
1.84517091937975
-0.143631328727069
0.277932768874161
-0.00556139666247409
0.0409175891363101
0.0293727190372936
0.515918086886429
1.66722794403958
1.41549782457609
-0.12117213900072
2.3397740925313
0.311000817900491
1.48141662800637
0.336410456714176
0.990411155356484
-0.0705572084958079
-0.316141767794078
0.821856881155555
1.44225861771283
0.63801277442628
0.864049934675598
0.308400772183785
1.16432226285431
0.338981703636968
-0.00966703452334211
-0.0848758951740613
0.489256958090912
1.06305685204897
0.0802216872463175
0.0135423208157218
0.536184758396387
0.90722507745386
0.883192039681554
0.51212925512859
0.281000097040396
0.452293660327717
-0.000770266857340662
0.408301481976237
0.630314085968749
0.62739598275801
0.244654026026531
0.346599086186797
0.320701912282618
-0.468093015372204
0.287135641651494
0.472916051770341
-0.194982204043587
0.816068104335573
-0.28806655979368
-0.0351221498519881
0.0699083838732358
-0.118140580842613
0.708977543324861
0.646546096309209
1.02985644263693
-0.445946252793222
0.677502805749485
1.31285374037914
-0.130163119895543
0.718276677654276
-0.133989591544595
2.73621530313742
1.02318831230924
1.35957172770928
-0.0441679922709767
2.04529460960526
2.06786189433291
1.69523587216291
-0.270578219851234
0.823920731263884
1.30026334718232
1.84905114731673
0.240562879348884
0.533846018004773
0.893940295339716
1.12270833330334
1.00421465679097
0.650924393278704
0.46691816013344
1.12334117480471
1.01990946568031
0.741468298008629
0.0551737918137365
1.10276521051291
1.24975656409233
0.0952654022532743
0.874266987051276
1.95195375298991
1.73717941703643
-0.224410612258447
0.591343009094854
1.53684552184769
0.82356525256343
0.608703685620935
1.31225945760887
-0.432371827043992
1.29657881842403
0.800952555476745
0.225907555023556
0.843086879748465
1.83005586804494
0.27309560928155
0.0505808081100027
0.565312448410307
0.563844293790729
-0.789576233720089
-0.0635864717672181
1.02297876715645
1.60761729345007
0.395329147581529
0.872399777478451
0.926707888544212
1.13291749072292
1.65504470781238
2.2421172976198
0.142712114844281
1.68977343580991
0.504912788934095
0.194488258910189
0.0252678533198108
-0.409720740124196
0.144946781864361
-0.548188576194967
0.858438478215073
1.00878682196553
0.564033322966421
0.901886971743175
1.06626636973326
1.29201316268374
0.87692509980355
0.864536521715816
0.188327549646865
0.199867138837469
0.234512936981759
-0.142799546072086
0.341411102727257
0.026663349411975
0.514872541553655
0.445100555228452
1.29178758312912
0.577023334591901
1.07288833432598
0.516102812471534
1.17148615185323
1.31707991432521
2.17919826877144
0.0976264964587065
1.52305389239254
1.18065716247611
0.0832666404576152
2.1127085701232
2.23055957398577
1.70418263617843
1.38343792141418
1.97787749448697
0.203860920164443
1.08725390142121
-0.260315477906858
-0.40882468221103
