1.30367090074415
-0.102490751281694
0.86473703002133
0.00327723859315082
0.534456228793886
0.394537548334982
1.23250184467167
0.259216095795615
1.49548142504516
1.7335938799325
1.00772019945616
1.13743967774973
1.83007823966763
0.915223784395755
0.644755929285232
1.64041111340477
0.147842194962019
1.40222923526057
0.860016673367951
0.408325321236214
-0.507810025757877
1.14570395328853
0.890056925920143
1.48683656947965
0.866202558164445
2.07406776819085
0.18213957444993
1.15125950302868
1.60704002966572
-0.817946086252109
1.09061960870864
1.8090139175966
1.03091532083095
0.411766535047526
-0.539378716436007
0.475779790150782
1.18982502976478
0.805405086589447
1.17379424590472
-0.001359443737398
0.00264878953984204
-0.743783419453146
-0.0472287170608246
1.0836056267895
-0.0651667895371356
2.54097043292372
-0.0584185292220391
1.37840168262104
1.13613708269898
0.355986384507857
0.771375023984621
0.204682268818966
0.0980934920648074
1.23520906508064
0.889697614951675
0.273509497247094
2.45216446824003
0.279002629501657
-0.0678920781168774
0.145512819356124
0.547926634604709
0.632300844347045
0.444775169134832
1.08269161880783
0.722315281240299
1.12706860648598
1.58690436720719
1.90352983719064
0.299216490678933
1.35624064195481
1.33176834684956
0.646584245102377
1.18059085807162
-0.230172654166838
0.5031164451665
0.971724780907264
0.877202866303866
0.962748828785818
0.52319113945218
0.3235671374992
0.0302443477810125
0.658256336329552
1.21626331403621
0.434227865838627
-0.129618145906316
1.05781561935024
1.79055568608588
-0.02445421895899
1.71118371059603
0.810477377862671
0.858574658332833
0.78659979319277
-0.624774622909897
-0.207191510672148
-0.0258475741958675
1.89929344952272
1.08131474890581
1.17673690166952
1.03087395446164
0.0433211013748354
3.02335769761856
1.61151054851181
1.92390941666166
3.35957745063043
2.29470433471324
2.60791955965072
2.69986128437124
2.46596141557661
2.26435405548329
4.47405202380514
2.62327815783396
2.18992898543777
2.37646447767558
2.92715445164184
2.48754399459476
1.93948528218403
3.35226432590772
2.14602308553362
1.86527493251147
2.77577094358433
3.10853756015422
2.46426217504583
1.62127717384632
2.27409878513631
2.33045979635339
3.05392073223347
3.44108130385455
3.26994127670912
2.00135445498993
2.26174741296191
2.121511367789
3.01723620540219
2.59520731219611
2.25997558447129
2.84269036201607
3.05975429597163
2.73695998440465
2.47214820959075
2.79189322936934
1.79825682272202
1.23570235695168
2.49053062557707
1.42003873690137
1.87790797408808
2.62650032544017
4.54859275773554
1.92321785989367
2.31431600153013
2.08596326454747
3.63434626709682
2.65532022056248
2.03344947030618
2.56909235022509
1.14731684585489
2.0033206012331
1.55377718392968
1.24686302117186
2.13525113082738
3.08735635432416
2.16058772988783
3.57708567239641
1.47792835462218
3.10558208244327
2.84900081787841
2.39354358662477
2.85695011320619
2.26303944002854
4.4516562560409
2.12234603308104
2.65203108024768
1.51649828922066
2.88145547847502
3.8683242110422
2.67790090743755
1.77719824784612
2.93749183159951
3.01223727527476
2.70381744735845
3.25925633857997
2.21005221664287
1.92660436107491
2.53094025598342
3.27547065493281
3.388114326012
2.50392182183321
2.07095503283114
3.84499217256329
3.96587334316466
2.15253982130947
2.60003302322376
1.81220627834897
4.73945934254518
2.72923111683158
3.37679972760037
1.59239508573274
2.44891927375925
2.67101454583334
2.08203327846927
2.46184732255879
2.78453309493082
