1.83705528254943
-0.463512152651927
0.0923285461389226
0.58842389438494
0.56088236147392
-0.366205033747409
-0.136074360031478
1.32374814728568
0.536159911809987
-1.81035870190783
-1.0960102022687
1.32930243095482
1.37351384121187
0.542754848283547
-0.34553109192661
-0.187615921838988
-0.476754362707183
0.561408668332649
0.196996853719882
-0.378672759464996
0.614666084993779
-0.854903251106999
-1.0629232101648
0.444697604192135
1.64957999762185
0.608761928879483
-0.854533792516865
-0.188350848809616
0.666673460193734
0.340679549373262
0.24095666327578
-0.49468162660891
0.211000680009493
0.768129700513374
0.789980827187835
-0.614456083542456
-0.373217691491752
-0.179856723770074
1.09429082530094
2.09124929915
0.492141900917209
-0.549032633080333
-0.191808621376849
-1.00595471634074
-2.53119379379634
2.02621692985497
-1.44592188448241
1.02631604979591
-0.623717194987015
0.184702750857076
0.87811986520692
2.17216998170876
0.385793073072392
1.43984775471983
-0.431026862751301
0.529641795729768
-1.34692199516311
1.22938910713873
0.235008944716203
-0.303377075633379
-1.14659056573856
0.249226333602234
0.91748392912741
-1.83687327238772
-0.97832126490095
0.186020396709004
-0.498805950224915
0.941277341085332
2.10475068032307
-0.503722759354925
-0.717627406652241
-0.529366288725644
0.77594943889882
-1.10418344636294
0.842863992093878
-0.591251330171089
-0.218219977182612
0.040511144596171
-2.62583590972561
0.141318605321842
0.48913188716287
0.375106093776674
2.0563942195076
-1.21511363981717
-1.74928754921027
0.38956551298078
-1.76477385178004
-0.650525961067496
0.490836919700568
0.562670457040131
-0.841161545290006
0.165488639929008
0.723574114895728
-0.836540951378126
1.18513750732793
1.38033845356065
1.07031468572999
0.502436359258477
-0.769171986472931
-0.677704369319663
0.241210644197413
-0.907764762114727
0.843112568132172
0.0113257447567813
1.11245209345292
-0.98359351773698
-0.181355779225981
-1.18284504418203
0.655659406253597
-0.58319000623915
0.981408572235845
0.159782345142222
-0.840904326599906
-0.351875069690626
0.712286211419242
-0.232855255855848
0.448654543680092
0.115560432226274
0.378233561157709
0.456404275861194
-1.58816807266627
1.37202793327944
-0.105990651607024
1.81699412987576
-0.101954493365423
0.441890787354644
0.574700525265578
0.929942595034213
1.03443247983405
-0.81009885899804
-0.145799920113614
0.682238508935666
-0.433096247522235
0.301016600379319
-0.310551378288385
-0.327153684769948
-0.885673700473555
-0.760632407746754
0.829285426291389
0.43686246094975
0.634710259344945
1.06900420488851
-1.31677908093249
-0.785550160378128
1.10164491663222
-0.861031389882213
0.494315347230719
0.729935976632718
-0.0836956000318082
1.26962121845027
-1.19222266616295
0.66064619133922
0.0904029689731038
-0.718668454147613
1.34193366208204
0.377551982055216
0.447020730816584
2.11935804249819
-0.888431897511725
0.0354677683854517
-0.930241697715457
1.45162936140962
0.786808458049956
0.556086145034967
-0.825143935783484
0.224766306075112
1.53512438712681
0.0180027277794879
-0.948670892377694
0.336023545750891
0.14182329716107
0.485745182537888
0.587842605948772
0.887525439026981
-1.22788625760766
0.914618468470749
0.313827727909657
1.73321401987892
-1.27397137930254
-1.29024018902212
0.880731617650076
-1.54008004443696
-1.49441759905086
-2.5385139864656
-1.22508211012203
-0.506651790824167
1.89954482973041
-1.35316060043708
-0.230174621161114
1.3821865794542
-0.300081295992503
0.0385924047303347
1.19306932057721
-2.16993899909705
0.705600267476129
-0.145597755932729
1.60872865493662
0.816876900714775
1.15988516736919
1.62763862725761
