0.437473693523261
1.09716474347684
0.0369624982607524
0.595679303862977
0.463055516774771
-0.15642479545077
0.247083905334136
0.935082520190674
0.632677555849022
0.27539625587159
0.359652641542775
1.7812197510439
1.71715920536545
1.56861151939762
1.087388458265
-0.193216615508644
0.712474789912037
0.884763136789557
2.70214766971546
1.62050284522678
-1.07924312039916
0.244684620912385
1.37026766213806
0.563898685515221
-0.00046465343959845
1.8272363554239
-0.647404172424035
0.419814781638645
0.80106943213649
0.862925009727623
1.14743240800861
-0.368510031953792
0.627745785351173
-0.325015777126662
1.93524288999722
0.776429906729846
0.794582976763232
1.48636871042919
0.0616320945326939
0.273022086886943
1.62244183098829
0.436552415272641
2.57157860025231
-0.278334599461585
0.525786112320789
0.996801061155322
0.96238110649924
0.614795837974804
1.19055279823981
0.557578321308504
2.28892440518472
0.61750330208042
0.363158135174423
1.86404322117936
1.27537547390457
2.1783171209099
1.55322625708339
1.24484816786335
1.25599508080435
1.08300011795699
1.6476045793536
1.71914195928841
1.20534850451866
-0.0338789533275093
0.578397105364537
1.65015817422734
1.56333906713946
0.38994043399587
1.23765058499185
1.37363060590923
0.27737774964728
0.852734633987331
2.31546281089902
1.71134383231525
2.18234232440678
1.69660757872492
0.335245861286833
0.654145954924116
0.200676944701642
1.12966599598791
1.50368807348946
0.656809676220726
1.46125217048948
1.03062609557704
1.29188114901802
1.39799739765026
1.93614938737313
1.0170052758393
1.99017310548977
0.621829103288778
0.87775134814191
0.580626308406637
0.815691886318316
-0.019179136274311
1.24630576679524
1.76013489664663
1.20342531519819
0.480204948672587
2.64499532781119
0.412705620066006
-0.269853960422977
0.878741642749012
2.15669797130489
1.46702356897986
1.60023982373084
1.16626171780983
1.39417841854118
0.534461061396461
1.15830263602393
-0.0521100097283799
1.78561958317449
0.314349642984924
-0.158971950168225
1.52637618532326
1.40489952161208
0.813640542557086
1.27700014776872
1.1606410313104
1.71031234193739
2.34713596894873
1.28920961662671
1.51619355195369
0.441769562594239
1.63878335191392
0.793209331368554
0.788417087299447
0.526419314081526
0.881291152099113
-0.149463372646798
0.881482755054795
2.10295372932701
1.94631276781939
0.886998221238017
1.20130295301469
2.46060874437639
0.800605009897898
1.71394644514021
1.62938687984515
0.692366134602768
0.927736052079628
0.847403791461149
1.73328808089443
0.753546338658962
1.68894947420833
2.19951278224623
1.59238587857474
0.504325990517725
1.53175431317743
0.565004778448897
1.99746432134929
