0.516360331482816
-0.771929269005075
0.50758303051058
0.861169825843294
0.442164237324565
1.46628412286013
2.49861105882315
0.915891956559908
0.202845930189356
0.219604292457039
0.875101920598313
1.1314057687313
0.765054026902763
0.425752081007967
1.60463367561649
1.08086687122245
1.51072754007429
0.555555183091569
-0.342975392231102
0.72042918725375
0.610032298463935
0.26950624336962
0.415079669691749
0.408717872891942
0.137121416926409
-0.633443289201812
-0.821733340048655
0.00791859079443874
1.53772997055287
0.00471631849381447
1.39115180052
2.22989997322603
-0.0420162087571955
0.615981370770082
-0.0812551378637389
1.79335255605119
0.228578187984387
-0.58671139141456
-0.0426391617548887
0.897671504096347
1.18748512440547
1.06508611738132
0.79183109481733
1.75928932002412
2.08724583066845
0.974151686075833
0.760921394213451
2.16869277459668
0.0901347541061368
0.566386501960374
0.42557205300355
2.18039547974364
1.14056325027004
0.845874990587028
0.315062634141483
1.35284971426202
0.789927497857041
1.53866711254004
2.45889715939124
0.767642742101939
-0.225846661306017
0.391421278105556
0.901258669592545
0.163347218341033
-0.602659036237706
0.870121508333425
1.55589846332469
-0.198434176835991
0.680657503627877
0.656695658227215
0.733780153284334
0.659115796241312
0.361752199432497
0.3872867683572
0.597275821651131
0.548819263862647
1.10168178698607
0.754570748354254
2.36048504785831
0.818939425764745
1.36219617363146
-0.443681896951696
1.32098696651921
0.499611967913989
0.0347837292976815
0.495993931253199
0.139460771741379
-0.400287536371745
-0.901265712323675
0.701953809127089
0.30921071602579
-0.134549717522282
-0.198715337589912
0.27231978793655
0.376887362272986
0.157214421724105
1.34491147356632
0.860607314800529
1.34611877198468
0.939315612452028
1.16893020148633
-0.0896916374161325
-0.287616404253497
0.279325660328303
1.20038959215083
0.879471835790514
1.59089790552758
0.8225401513687
0.788075226706477
1.31585049993344
0.916779580800723
0.554794733796287
0.419302228176531
3.22627490365054
0.0639500498389216
0.751865891272863
-0.0345928933592272
0.420414957565572
1.14420887179637
-0.154772003026861
0.135545050201091
0.737298512446089
0.311817186312976
0.62557969926342
0.256708762890707
0.235578959158236
0.0256959807417519
1.36164222742561
1.07147900914962
-0.624745848889496
1.44467197545262
0.809951461860062
0.695955790343381
1.20995434221794
1.31955782452712
1.16141039213526
-0.590053379167374
1.8822314527267
0.30514481913886
0.49783173139214
0.00201644583995494
0.56063994064207
1.91050891449856
1.24343481239263
-0.371490231422481
-0.16661830764328
0.218351538280235
1.3764223602539
-0.234939039491732
0.242399597125603
-0.171210964484413
-0.559820577925443
0.824033641257257
2.44643021743894
0.669462435069704
-0.0884655605200502
0.329328427521691
1.77586626081416
3.29636260939723
0.51501632279797
0.343631598466123
0.262740451310265
0.437401058065049
1.98978037083311
-0.518150337059701
0.109012934690157
1.85680369085346
0.884453402423586
0.565096595964843
0.793311734267876
-0.751839703810803
-0.186062549822468
0.940934412656301
0.0544149317198484
3.02889785696953
0.602366793861667
0.587801501951581
-0.664770518486137
-0.395655873322643
0.574742878449486
0.195984279475914
1.33437335969025
-0.00493338484411909
0.0378983139409944
0.601146646100968
0.147612171789688
0.212720696331374
1.71209311584184
0.472895421721856
2.41379913079191
0.57572255690841
0.879407600118661
1.04654442034505
0.935833464142422
0.497191628043416
1.366397344469
0.844416829151403
1.03875628121967
1.07106713639615
1.47351618284803
