0.512453735985323
0.575143727082077
0.445491933260412
-0.0595151278254116
0.984084881670812
1.22325481122287
1.13234935845825
1.75995995215621
-0.649958277241797
0.272413764274762
0.513357475484943
0.0702904653241402
1.18368733917523
-0.437752102562804
1.10002906130536
1.22105100276841
-0.120891074406558
-0.536072040507412
0.446589224721595
0.0398162362132252
1.21195706183245
1.27831038926594
0.288270705750419
-0.286662829741226
0.730039179998448
0.030506345606818
0.186374656590553
-0.015740026588553
0.715906550205738
0.280684131764387
1.21488243379273
2.20923640748623
0.14366925353291
0.249976576217121
1.15133194293279
0.510490949782853
-0.0844270186182932
1.4919158989417
0.378000977375523
0.976737359829799
0.14280397774258
0.699690649733219
0.98441696229332
-0.317316779492568
0.0237161674087607
1.83059741895056
0.849987781696357
0.190811777618972
1.34271125702742
0.384418064011925
1.82603703866966
1.2880457137025
0.270613674856915
-0.0178871124560432
1.22795227426593
-0.291444425561023
-0.316293226783394
0.808175456600948
-0.0509625864858681
1.05233196404088
-0.12461379471568
0.325286041673749
1.6104770815451
0.6336398751183
1.33850497728252
1.71247641943238
2.08555026271182
1.47155274677205
-0.0961690822340066
0.271230488469129
0.468809910476283
1.3053455602757
-0.044962303943978
0.388355539948131
0.31585022960549
0.449705659311376
1.60109288359752
0.979854305906575
0.699924289406478
0.0558611365088287
0.513848632533976
0.0100452103140667
0.266109672893245
0.47476092860962
1.84131980720644
1.0982714961004
0.79218523773017
-0.0214699769027876
0.621365768514191
0.905610422217794
0.51885699002721
0.72953634663942
0.0285817402667762
0.82911764593804
0.59233076230649
0.4207965769534
0.620610138308855
0.922179203300954
0.230265789144972
0.312195472056025
-0.428661454407096
0.962500424187598
1.01085682473671
1.02267564846786
0.829858506465796
0.568643238756174
0.842254091435125
0.282432582872005
1.48328315116178
2.03070723304864
0.0572167731363052
0.0346046188715423
0.397440091367922
-0.00159226983166949
-0.157709222605294
0.475616963950861
0.106605869175807
-0.246330300943728
0.63931964758203
-0.341866275269418
2.2473003675798
1.77097124845493
0.829113134307916
1.00726259637558
0.13466731310314
0.553741883940992
1.57357343258311
-0.0767741107100811
1.0596480159315
0.619776697348609
0.504078753663383
1.07881973091888
1.16728409877654
0.7721124694217
0.912344721550058
0.105301388875916
1.48579961784493
0.403630405982211
2.03905010955026
1.7185244651332
1.1263824533021
0.97776118859772
1.21813865564112
1.0895498039809
1.21127659820299
0.470331128095636
0.95113394592175
0.256638279736232
0.553093705678391
1.7297675206625
0.665936721845128
1.18858589659273
2.41607315065091
0.514721203259473
1.43631690462097
0.792519791591682
0.616999110050366
1.37255247835746
1.89169265932246
1.35927379410548
0.81054578070014
0.714657233873013
1.60276772110222
0.296262577000934
1.9594616096292
0.311696479126203
0.841432762807254
-0.487400484968934
0.0830549243547065
1.59997629888165
1.40395154302455
1.63443841303977
1.91029377089406
1.39312987343815
0.483907084522955
-0.281953986541246
1.91806502150966
0.515689859971468
1.10382390927085
0.154128249077215
1.87921929170465
-0.037019662734591
1.34850228403737
1.16522780035717
1.4003737227451
0.306374386859395
0.783776981591718
0.982565650932246
0.143555751589975
0.501978969305872
0.690439640177772
0.938647210608149
0.684482697850401
0.533703567679751
0.999098885953329
1.34447396258185
-0.221198919099722
0.571476475424726
0.214979799300034
1.23200762888091
