-0.328032396907602
-1.51245978870133
0.140145412129907
-0.883397483016068
0.0378607420857416
0.822577046340449
-0.648133297457997
0.359197930298162
-0.014420843393462
0.0707090432999062
-0.0206537167762919
0.552313562501061
-1.05281634685085
-1.01844697706579
-1.68793758533783
-0.306513087463266
-1.05744983690671
1.08173099469391
-0.763470201400005
1.00048798828711
-0.199624105652704
0.805184652288252
1.00303479957838
1.8103078374118
0.0414244441979013
0.269774341768662
-1.24650832605177
-1.46479485326056
0.0111990905942067
0.26979013984814
2.64223881745329
-0.878517419151464
0.654465453826596
0.309614869047494
0.365885010388788
1.16049992115545
-0.516972489061373
1.00416608562552
-0.418546110547795
-0.993142532808359
-0.409812807235808
-2.00796321396954
0.196409680861995
-1.53674845830271
0.540597637546722
-1.72890856297516
0.862818209402052
-1.30373392670564
0.397294724316708
0.297835420375593
0.167680574036627
0.932166852027141
-0.0761240786242972
-0.743788538307892
-0.739196992755886
0.941522405057135
2.08283175351544
-1.3174238625753
-0.171716740752659
0.311548856034846
-1.71286528860167
1.25678532626011
1.66738825709995
-0.679823551198164
-0.515346049019332
0.296797885304664
-0.93964875300472
-0.204908938610383
-0.979240521325416
1.09823155237416
-0.3659541292135
0.613644070894656
-0.0178073051433205
0.766861415370235
-1.23867966581228
0.129434499669233
-1.7359285904305
0.491574492076694
0.628458673584514
0.810628087931639
-0.447135520465002
-0.680516034267025
0.236475439682773
-0.141556453277811
-1.40507628166071
0.0954070715074932
-1.44113545709172
-0.286302599332613
-1.03536041506274
0.888181439689244
-1.98796000577453
1.29678576252798
-1.11672409987033
-0.383006961247962
0.0793317348698596
-0.0381894496464911
-2.13684172412981
0.0658297264620572
0.316372812732279
0.0735193502854152
-1.18716176076421
-1.19775144147601
-1.05647465594486
0.601916807360504
1.17499282149501
-0.0165458546109848
0.0264225764494142
0.201615154665058
-2.00371165507826
0.429466442404477
1.53112371402306
0.016751688378608
0.892437636423579
0.838876609872492
0.418388711293795
0.238828440216881
0.320862790620603
0.365503160935805
-1.34689420130707
0.997660840737317
-0.452297492300129
1.32598391857793
-1.18262681971972
0.661305258186223
-0.584302607343718
2.09147522746168
-0.217893116430465
1.85805439232398
0.192964144563844
-1.00186545451772
1.23817793047572
0.609317134815062
1.38005729688894
-1.05598421365515
0.0583488360347458
-0.0475808055064843
-0.662218416927982
-1.7903359499511
1.46491476103939
0.770936856019219
-1.05670204375582
-0.250835531483667
1.51426996279354
0.0355163929515489
-1.53736497067471
1.71317821538147
1.37550965899913
-1.07488702045839
1.32172683722181
1.17384503860663
0.155037802974529
-0.215738853109185
-1.08915285800234
1.95363863735752
1.871947508432
-1.23690454571057
0.131674121811972
1.44342841656341
-0.442488737914523
-0.341309854459173
1.0387436491602
0.777028198509888
0.429358376817582
-1.53071971433324
0.603800902988779
-1.0367461254497
0.301108720615086
0.0957817091033988
1.31643929970774
1.33230781404822
-0.794316307240199
-0.0683554543553081
-0.741890223566388
-0.38110560887738
0.616328944586995
0.169870521001088
0.168984751205987
0.490147552298954
0.453742082060312
1.93066908809349
-0.445121416813466
0.971797225111538
0.397203121154853
-0.189069564930374
-0.736943821544573
-0.284556361043387
-0.411801388212275
-0.733543329219031
0.263215739399683
-0.248029045194024
2.17240349477767
1.14168572789809
0.600309894492725
-0.255144540769564
-0.191599075237912
0.408549334301935
2.01981766791821
0.336527616566002
-0.538442103849869
1.49552497361626
