-1.35042388831252
0.282495157040726
-0.998794136687354
2.08658945858777
-0.491465992788544
-1.14472862107067
1.03375451563355
0.11695462069037
0.186994427355399
0.397839317587251
1.09946877903027
-0.7887878172706
1.45210421364259
0.565055548533676
-1.95074867877174
-0.315307007410335
0.037588184116948
1.61027139326578
0.666833269683389
-0.987169416628296
-2.60952652333773
-0.875721664083225
-0.361412652260858
-1.30203529032357
-1.93188651994321
-0.936011285004646
1.71517337872353
-2.02748361412715
-0.482175393296102
-0.330501476132163
-0.093146630887633
1.03803940232166
-1.54750818912426
-0.358803042469494
-0.167146055162397
-0.338728590690849
1.54394986803175
-0.204014020308857
0.463128923609326
-0.156913245698228
1.6990655352868
1.20643678025888
0.00129842796343018
-0.350608068150911
0.616451392107348
-0.7596303620114
-0.280221492417282
0.28078407839223
1.9625137403959
-0.21091972867326
-0.287274041335437
0.474656480990958
0.537937009868826
1.0313196803466
-0.144971982485401
1.50316095628024
-0.858879947821094
-0.295044317067899
1.29269438153562
0.152571775391899
1.43897764300311
-0.206300894087468
-1.33466641119656
1.46608335636584
0.514099061952782
-0.349553480502395
2.30261363183189
-0.668210672183271
-0.0374855460388302
-0.00548340012931412
1.67862063204988
-0.855378730686759
1.2150080393865
-0.641987074743016
-1.44298813532208
-1.42534825186665
1.04035461550323
0.393550937287945
0.551421539898567
1.31400771038816
-0.0158805253956904
-0.906228153225073
1.07307847319671
-0.648803077024523
-0.370854212519602
-1.69663306557359
0.27667488610468
0.145561558385222
-1.26031491815322
-0.427840798846336
0.369126071606772
-1.70095364211304
-0.508711600726488
-0.266940079631555
0.13170173994653
-1.11578934799065
0.507175772860678
0.329803719905176
0.790431407175247
-0.0468703943376658
0.861893411989017
1.19268785400912
1.18597512914409
0.235621591601778
0.270039228657015
0.212153668835062
-1.21361117576504
0.43121288014598
1.47151114232037
1.30369155088401
-0.111601018134173
0.303046811101621
0.455874940275355
1.23772491264191
0.0589418435502132
1.12318380223429
-1.8945113447814
1.70622624541813
0.171383459746913
-1.02125845998091
0.977567050276262
0.447284654623231
0.388427595605082
0.100232283291927
0.45076603004633
-0.179965896241052
0.640222508943782
1.62866327457915
-0.446113534460313
0.35066055199907
-0.191421835032394
2.78370629588632
0.635335128959661
0.451187719118603
-2.32625659886523
0.320501569963412
-0.469601439874027
-0.0560612463193056
0.106688936188711
-0.857808652515975
2.25403243293446
-0.358952604238147
0.541197010867988
-0.189873489658468
-0.74114452913774
1.28107448051183
0.935882582806882
1.31756950843716
0.00657341334903627
-0.151858605570857
0.121968085885997
0.424378422344403
0.319618574414114
0.204292560121906
0.168019675663687
-0.911956477229932
0.758407560591114
1.30779556335747
0.272347306104555
0.646252334102615
-0.359696701421159
1.81136654196505
0.673140488385889
-0.132502090180997
-0.217294489746376
0.721645260036682
-0.537608360746115
1.1493015145427
0.526636853871319
-0.27311377797827
-0.778414452603543
1.32933596206295
0.417228562825461
-1.02660856268329
-0.850226830017688
0.136053529480456
-1.05063137617126
-2.67958941493102
0.0609326439985711
-0.378006482282753
0.394734733936436
-0.166537514592613
0.759998684999149
-0.389849064227049
1.05481640401166
-0.214232557978037
1.29409229278015
-0.797841448773492
-0.851545516034523
-1.24536660722608
-1.73288935836574
-0.421915997727457
-0.520398849522663
1.11500724257554
1.69311909402905
0.100123926287289
0.780502496391998
0.407258556015753
1.34449876217662
1.02807140787184
