1.5384159194208
1.36922220633427
-0.158114069215446
0.205734306800944
0.034979181123468
0.254416094757987
-0.797266567151207
-0.110831981681708
0.75332417637348
0.80709685480547
1.28764559004477
1.02796125910017
-0.160180549371212
0.279779049588766
0.718901540848008
1.23674959071275
0.555001661948285
1.08519122504204
1.84894555857585
1.03721091967142
1.39659516203432
0.610071206801781
0.215810929701275
0.579584699739448
0.457923158579528
0.511107231656142
1.05639107844596
1.47757181217378
0.443378051212071
1.7725977881835
-0.724401347630612
0.773665478826368
0.124377303591167
-0.162380651412335
1.20443120463051
0.165451247861342
0.666214938361443
2.18396616089512
1.12217776253587
-0.19426098976837
0.201959765559939
1.01216718552406
1.67794349762266
0.0881610648403642
0.484228082250886
0.379791016257819
0.935490457007484
-0.259674799937402
1.01851820283863
0.544922413845863
0.52567131368915
0.288336699211851
1.17358003582148
3.00231775707184
1.11161366704717
0.823765531325491
1.68367591373919
-0.505046599077476
0.341021594074834
0.479044825396262
0.166106832523773
0.935280684434853
-0.301008287894659
-0.589437867032489
-0.198969770452047
0.696297991769418
0.341612875381031
1.58106085956298
1.08072271128444
-0.433669595329385
0.935780982543645
1.18401556717322
1.67385034306148
0.0185964796868666
1.85140323522708
1.73537118996232
0.624896083431009
0.923066703987033
1.40412822801372
1.29424081044568
1.67762889015789
0.365441388473442
0.515365866641694
1.19380133796427
1.22451904208121
-0.0107347985775501
1.67418750712636
0.955578651329624
0.417336190585346
0.596974485297438
-0.0410452663188188
0.924638683511412
0.295010364030445
1.70534571963403
-0.0290352385071775
-0.404880711968946
1.56410478515345
1.44440739860052
0.398662105883018
0.119186092756252
1.94149425867365
1.47441403031449
3.3639430787711
1.6490945918584
2.00068258716437
2.26283449093385
3.26270788645109
3.30402793959772
2.81573142860133
2.59276731272775
2.86365266549281
2.03356442802247
3.84800298061137
2.08141775753394
2.9981552127062
2.36374753813567
2.26182932488213
2.21138469453667
2.16249857724256
1.62730999726312
2.43901140692802
3.66720592176672
3.325528236844
2.21086501425161
1.91311922840858
2.68322102948582
2.22252779816172
2.04197447228602
1.97704154753993
1.64063775624628
4.11887135749415
3.47344649409467
2.74863186365236
3.86957059351019
2.33665431951914
1.81478337252606
2.57306669155988
2.84987152174973
2.37326985444819
2.01826628072592
2.47543864110364
2.46601034279565
2.86212478388469
3.19029488226792
3.74660148929661
3.07047926896667
1.9586756836662
3.10696793180246
2.66504203483033
3.17249768757308
2.87534965045572
2.8560948379659
3.71630064405755
2.63389633470766
4.80905817976863
1.77543094967897
2.19739458666352
4.2059187596512
3.84144509747094
1.96058698080357
2.25321075881997
2.8765575772793
2.71766097045317
2.70839352427166
3.06726847416447
2.33314273095083
2.48382880096887
2.50247947820746
3.51375770529321
1.2727828482628
2.05690509645475
1.76613757276387
2.66124063630576
3.17996246734277
2.33675829319533
2.32096949147072
2.67987333278069
2.94256165973129
4.77699663986396
2.60467706313459
3.07270533819636
2.27877438841629
2.77886511738066
2.34828430230996
3.44373406623418
2.47927109549072
2.57004499944616
1.51280087641222
3.48938558559015
2.87874034775069
1.51042789491336
2.13175212828628
3.294428513576
3.8258369413739
2.49668441046578
3.09287442004971
4.19961202490399
2.5297089584781
1.96469778014453
3.34176961726207
