-0.895354058540911
0.832090119014453
-0.935827448667585
-0.571239169633932
2.0031616763388
-1.18085461487985
-1.2511857964065
0.136686564694002
0.642667398719796
-1.8429210179448
0.174736263679536
-0.0324937664891285
-0.202247099974857
0.330615657019478
-0.857181312580454
0.148134844776192
0.857081359245725
-0.154481722493825
-1.46057431382209
0.318228790679409
1.57338031664457
-0.696061998326324
2.01318778881056
1.33621751671067
-1.21401571205055
-3.36539584578519
-0.586883260684602
0.383808973487708
-2.56359585056697
-0.827928178949685
0.404674948348353
-0.741134103578027
-0.288951751226448
-2.20540691687637
-0.000792259726178143
0.431410773091156
0.384857541347754
-0.298264357680954
-0.54148248735341
1.31315625302456
-2.04263994903575
-0.286442710878958
0.0310036056015726
0.907952693598759
-0.160970262318124
-0.0756190997944863
-0.0146098457935565
1.17006711785756
0.136760337098424
-0.552098526521765
1.01155717606506
0.959583228203702
-0.903484086606161
1.09978340061081
-1.06814852311552
-1.00974549421642
0.531587805783398
0.731132487616575
-1.8043452169464
-0.620169828417921
-0.443914292959384
0.42150686370118
-0.997431776851516
1.32826789803713
0.338127201642448
-1.16541885773675
-0.51849324530652
2.09809480613001
0.548776680840982
0.449003211521673
0.000444412759139712
1.18419952947235
-0.283603362892973
0.830934730520555
-0.209812807294761
1.53724358106211
0.98121796838897
0.380897022451129
1.15143964902826
2.10546852788188
1.04177351179893
0.668789158623313
0.14674406840855
-1.21335521609438
2.19690349395625
1.70988478603368
0.11393111484005
-0.711445309092817
-0.328499589047052
-0.955497508858309
0.626410863091043
0.752326062607551
1.31748577852221
0.625153619886311
-2.2968381881207
1.13642736270735
-2.00739537446979
1.9908692772735
-1.11485061142655
0.804626456332653
2.60945378432151
3.85926106599558
0.853294052135738
1.93910162959204
0.686590642695888
2.21451555753091
0.987361802523457
2.11892791689992
3.07624345974639
2.22617252113939
0.584148860946825
0.690633736709011
2.89305804811424
2.26764310469281
-0.352651311372835
0.857692151021278
1.34715385988803
1.64200735664731
2.13291397373789
4.08126960093622
1.7195716745767
1.7558396279418
1.7100463901698
2.79248888893839
1.63901737431925
1.04453177688162
1.67235057509608
2.75314685729537
2.79219395492658
0.65957540110534
2.55821486129232
1.98079410499099
1.80407993456933
0.636341030076443
1.38874550093573
2.36830924968238
2.29762249152167
0.0714925829977302
0.591696956969502
3.87684616986528
1.30061053361589
1.14803655672942
2.58890842283732
2.6828795455097
1.60358329327867
2.25608099130429
0.459988449850297
2.8382521379859
2.11486746404973
2.77386185872167
3.56327755319988
0.321828959841233
0.978595988395104
2.43980591234978
2.77056038677042
3.14154478542566
2.59315524278227
1.6514297665004
1.9721351354042
0.42324515849509
1.34646082670847
0.395900649680625
1.35912562742246
3.52206961740366
2.71292688113436
2.07151982824146
1.47847573985841
3.22332569988872
2.05764648572184
2.44663039639337
1.89461994838488
1.41008445496951
0.61012325498205
2.40063737402209
0.552632858416322
2.25497482612199
2.50969881311372
2.72071477052584
1.58809684215194
1.26416222568452
2.03409475718231
1.19643059793203
0.633507988198365
3.7458329001553
2.99581035575911
2.42516776157502
0.837131495293195
2.60419811573346
1.70714278498336
2.39043520051114
1.44338820552823
1.68972998798357
2.24365755196246
3.39218318669786
1.70646193447687
1.50353226190875
2.67650089615862
2.72875139273365
1.38941099496563
1.17653647619462
