1.12082723564715
0.839919473201864
0.783971259564462
0.829522857274322
1.53708522898494
0.778236352970215
1.06066408676097
1.27181913215087
1.57492415473834
0.0883391320202486
0.92240871543904
1.15445339290145
1.44826791913339
0.958359245350161
0.4409768729987
1.35771746656159
0.511954413186948
-0.481761430156262
0.366160882236672
1.33864192799556
-0.671031101240896
0.671428153937872
0.286309769619904
3.60361643263132
2.14103947264587
-0.0658125361834709
0.726640973817743
-0.415037989808613
0.605042090058783
0.369037911546635
1.65149735807973
1.36001387191799
0.186873839537825
2.05428454085684
0.364083772540318
-0.134701375015019
1.81705558393534
1.26308086112913
1.04194025881113
0.614779056860702
0.23031036643213
0.472919815905519
-0.563475856531481
-0.346752510507403
1.00190516210678
-0.160468411911755
0.563059933522502
0.0517475292614349
0.446622896923106
-0.1254156006615
-0.0244130664942042
0.573338682124248
0.69887897257507
1.55733629806075
1.80478908411267
0.584664245049617
1.20766258781698
0.902990599932861
-0.24394465309049
-0.16895949574046
-0.410110593031867
2.08714647253656
1.3038911753198
1.45258905654172
1.16796107118581
1.29648440999698
0.495098081322031
-0.089325555832243
1.00199035156858
0.529431060614429
0.995421144633987
1.15313089260098
0.569430395688338
0.150730834682395
0.0330955248635486
2.50856574730995
0.773305872611298
0.510672705726939
0.107467167257346
1.17523460854492
0.452259563558048
0.69043423985855
1.59412538647673
-0.393332246441839
0.758347265588709
-0.300327305783574
0.66606025416104
-0.108494179415404
0.00536299567277893
0.87675062017661
0.101251756795879
-0.396150741701214
1.7535509626319
1.53758469775379
1.5517968884957
0.442838468002168
1.27736783904174
-0.57717797580559
1.23586377977722
1.98771026910767
2.3348404907788
0.737000734389356
0.832858529428696
1.78443985584305
-0.0506962934109551
-0.228301873987718
-0.60892879888244
1.18750384357981
-0.0168495627012686
1.81683388357562
1.21193462824316
1.41857134898897
1.30649035356278
0.337329829692002
1.46872538691634
1.51149319231738
0.720679288382531
0.0908070847209938
0.133284122908137
1.04668369324852
-0.719250842299778
0.653119108101567
0.509393459895852
1.25342647182652
1.70018140360342
0.00888577857777853
-0.277130114741812
0.810079788266557
0.547546558460769
1.33800381014792
0.998443082054551
0.523333350074594
1.77927972211625
0.0780785949041267
2.34143055487517
-0.0990995066695095
1.60404631525922
0.0692409113361811
0.966515079570805
1.85835304058775
1.49645127332683
0.460644882134765
0.25108014029315
-0.71881856888165
-0.0894774404652212
0.706685840042358
0.858501845311204
2.78089566197424
-0.19909722562124
0.198098705483672
0.132083629122015
3.16144053612991
0.554419243752992
0.435039663615496
0.262606818660344
0.161021149657624
0.643843565313329
1.33884860877755
1.75843878576369
0.751180757348011
0.0222691905799617
0.628878396566808
1.50794979507112
0.0997313632608572
-0.255925940427583
0.397988141880629
1.55093581306281
1.92978679629187
-0.0239861789967618
1.17478289546099
1.7577324571207
-0.363996325144579
0.155520303452553
0.038375651711844
0.909820635608639
1.16102674979131
0.977183566360413
1.21799108331104
1.87235846776598
0.450200881839662
0.288306432763248
-0.635063712485325
2.67475792381987
2.09925550060716
1.81724874784845
0.090294878493593
0.497649243133466
0.351967143534998
-0.192094505958546
0.484546297565435
-0.207343528527663
1.37316061719019
0.668773139419375
-0.129292392741469
-0.0657804975576405
0.945387509086127
0.932150205159506
0.888713773458343
1.18324987727985
0.208052956633889
