-1.78781687559467
-1.93054718524769
-2.18149499443193
-0.451246467700295
-0.0816589642069801
0.857049889909929
-0.14886495388819
-1.11182156857369
-1.4230165261448
-1.45418673067858
-1.27900790370323
0.927445121682395
-1.1159342195794
-1.49684950678842
0.319298887931075
1.82919906524359
2.03209224947304
1.01635700058475
-1.4072143079659
0.224587434074536
-1.14282129930304
-2.23438419536673
-0.10355181828389
-0.523936717053343
-0.994809788448808
-0.774256260912025
1.61514243555272
0.0421138054161171
0.910945252068133
-0.741699119307376
-2.26898863921722
0.160884419947506
0.74796637084632
-0.162630470539987
0.82130346747246
0.720910839117519
1.30620415465163
-1.29865278449529
0.820255487723229
0.291107394666737
0.163804609333052
-0.608406319339898
0.827987761796504
-1.14279595274629
0.347447681210123
0.143813301092306
0.189930328882322
-1.34423414580647
0.53654531361259
0.188024743728186
0.643520970120247
-1.04691915616588
-0.797176522954798
0.702235334010191
0.194947337279231
-0.201782645393297
-0.180342129880762
1.63414785011793
2.68487599432216
-0.557551996137704
-1.22318311951691
-0.891744220805323
-1.06813965888987
1.6606933062309
1.00459167800743
1.39152827702339
0.170370018879652
1.9478587508664
-0.318096145770122
1.04639834252719
1.39129144378418
2.04913972085468
0.833756884336285
-0.95342628137561
0.186951570573612
0.725808892471447
0.495690227738924
0.51681153426402
-0.841297158565828
0.0140101349315893
-0.912768468496493
1.18806440159741
0.545138329787891
0.253870469461861
-0.231539862455935
-0.672836089903513
0.0274442496683336
1.15314342544919
-0.2424868638433
-1.90000975821516
-2.25089722835646
0.801218679683429
-0.0848335242942299
0.161132205287222
-0.538686026450931
-0.18802135177538
-0.0572690367345041
0.48953707109859
-0.432157001319751
1.63970287077095
-0.311838144201645
-0.434247011441424
-1.48014095952874
0.329204060388818
-0.473412812409908
-0.688153600489307
-0.401461494109437
-1.78782826922052
-0.435986259534826
0.231300390910278
1.72750459463965
2.25961272593169
0.702488900043841
0.130365559152996
1.4315364925625
-0.168181444791544
0.826355522613574
2.0949155550193
0.286134243841893
-0.503658335898932
-0.0775462889487835
-0.215280755499986
0.406079649909955
-0.806335127906414
0.661688115792269
-0.0206095276229311
0.0476024100685177
0.473382152927344
-2.32060062203119
0.109416737441643
1.15653518735643
0.460137032215663
0.0511451159775668
0.479454593162167
1.00389766838559
-0.432596895110083
1.36338558577107
-0.800494903866156
-0.119055374850098
0.300722778298869
0.30347860290499
1.2543757679193
-0.523488891081826
-1.15495851122873
0.388295555649801
0.611494856404941
-1.41980273892938
1.45231709930052
-0.713443764866156
-0.0202906778203198
-0.511692224342778
-0.15542252265463
1.36658000394735
-0.627287012888942
-1.26760457286734
-1.36659058927385
-1.01491025937782
0.648765771911938
1.2414481612891
-1.29736811644087
-0.107809783634839
0.37387424323434
-0.722445796430879
-2.16445307381861
0.22961443255478
1.60045143565657
-0.354872514189167
-0.742541826041277
1.18730764064822
0.285946387304745
-0.261456055929508
-0.078383843228759
-0.892554545245567
-0.406180030558715
-0.62097045223221
-0.411543290088951
0.316336826279241
-0.347947700928032
0.0166677305973951
-0.892809302002953
-0.496167370701134
-0.732468101262864
0.709887451334104
-1.14781808394257
1.20669011555481
0.0349144874615418
0.632916256639394
-0.419757613174317
-1.95382686798189
1.76521669332125
2.70566508501236
-1.48047485783017
-0.254010751001732
0.596944660196466
1.60785713549785
1.48438571235334
-0.266111740083807
0.268336680823335
1.10304008418005
-0.242078937551778
