1.73083876759329
0.547782624814225
-0.0176166904998567
0.277190675507174
-0.00493074590850541
-0.469144161258013
1.80491781529106
0.953350385017465
0.413661075839783
0.80606071522394
0.214742159381357
0.0759720746698985
-0.0798493923046195
0.545096540305822
0.627746095326291
0.190944593379254
0.625674376746303
-0.248367974471592
-0.336291425489751
0.538387990241731
0.752677519517009
0.838701512744798
1.00909786309022
1.1148214541439
0.953176282528604
0.690486256908414
-0.388364232280236
0.662023721609539
-0.358833412532277
-0.357566861779857
0.0515454826789413
-0.0752501222617182
0.516069899448595
0.473661396051704
1.02782204935528
-0.176648919930475
1.67135363561034
0.347106659519229
0.379614220110643
0.387134811907852
0.659887852572818
0.0264928004960593
0.599100530780731
0.094937581955143
0.622539275995822
1.43489751473874
0.0985175544603685
0.404899205999406
0.0417839608929563
1.00111286543602
1.46962468446995
0.205005807702456
0.483129763248095
0.00612126162814342
0.821476994889361
0.511281794815067
0.152859078893913
0.382083754769615
0.0218803209931858
1.60345534321691
-0.43569011763804
1.20678772824882
-0.369853959516543
1.05219751324763
0.369525932356709
-0.18919961893226
1.07861986167064
-0.0799440618490011
1.45947371401171
0.264804991595597
0.126445048875398
-0.330502939414443
1.03650103952268
0.154296899622504
0.859282447317948
-0.303762230927874
0.582792888587091
1.30613493024599
1.53246573380805
-0.641165505953719
-0.101858763039845
3.01568860196786
-0.236511819358975
0.468201820519015
0.873350283476299
-0.541902147798433
-0.219467234721625
0.307744991253986
0.819840005145632
0.563803436048623
0.899025046047715
1.69097190268141
-0.0825333211075926
0.314950113465767
1.02687585100598
1.32017485275824
0.776993360288778
1.29786960901143
0.664520999220814
0.760690833522245
1.98863003890475
3.20606068660776
3.10348023071465
3.76345606546434
2.88291545907033
2.71547086743072
3.44011172098996
3.07265185520552
1.92443702947988
3.21389465204963
3.2099343990436
1.9578150158103
2.08067946408906
2.80393372889954
2.00656678639452
2.17979782844327
1.56317151660189
3.22419798602413
2.86094033270915
2.3045489501
2.36110736749545
3.22552029531272
3.29473644425441
2.72230267456247
2.60224969961427
2.55448572364377
1.8665191601495
3.40375799061623
2.73055788270716
1.45514198083213
2.12922202995035
2.13965462451889
2.17185515628269
1.37925987508815
2.77110813267153
2.57285430943328
1.89725331616469
3.3092952651121
1.77656044723803
2.3103371478043
2.79664243772428
1.92501908597325
3.59855425993298
2.79319050110766
2.32460095530828
3.73629433633507
3.3161414666725
2.58633940956473
3.00624698594469
2.32077706861495
3.12715260707007
4.2407748046289
2.79717532716786
3.57318612324798
2.41961340752299
3.11744975614679
2.11983031407084
2.79342451603849
2.82968402387537
2.41097525013832
2.52621329043609
3.71255465846041
2.72820332695091
2.72278146999829
2.46047134303687
3.61746748749963
3.17248668015653
2.84101004392518
2.88615581966649
2.09669809036298
3.68148218789517
2.08009661315264
2.10948814394883
2.70280492139458
2.86887774343243
4.34266249030865
3.61511490667636
2.188699066499
2.38071611078668
2.44999600306597
2.95882285293042
2.36272354049807
3.50487254766713
2.43867400843226
2.54645927592602
3.03940736367038
1.9140045077941
2.1837815239877
1.72705335341174
2.32675192219839
2.41767229958284
3.32523417586811
2.56796114707281
2.70531569407535
1.51081322605209
3.82896966649395
2.13392413289227
3.3376566087593
2.37863743780534
2.83221066609804
