-0.238170729309813
0.361867916777271
-0.0619026141005636
-0.991398925728546
-1.30810507503322
1.10596503826829
-0.384780236771634
-0.376825325448544
-0.0833048515671317
1.34994295922119
0.301524002838449
-0.414691958395779
-1.17248795732545
2.91993802344989
-0.158050151707033
-0.791120288186903
1.16484405442147
-0.997561627731956
0.30214226672915
-2.03393402102061
-1.37865938302052
-1.65899243737287
0.946060134376311
0.980299092525022
-0.227286799049755
-0.82024742831185
-1.99817859416364
-0.197573226296407
0.085488626677491
0.305596738681883
1.06039368640544
0.65459118515178
0.619050632637667
-0.406477946314838
-0.821625584733994
-0.0431746421961402
1.7257062782076
0.526455657178624
-2.93180207327623
-0.914265314249471
-1.21468100857358
-1.89724225721268
-0.891715091720249
1.01997325603924
1.13418976553118
0.420327147333029
2.36246242923923
0.385827576607498
0.712639768228222
0.32148448219272
-0.249830593953268
1.59270647610025
-0.335362211675863
0.775551863637143
1.16029772406129
-0.662017335352889
-0.428243002884723
-1.15777237650703
0.924103868960981
-0.287445299283439
-1.94619575322285
0.548872425056648
0.25863061438832
-0.185815699569072
1.2654318540409
-0.86767574536342
-0.391653551209319
-0.259337537707933
-1.90064174877731
1.23588690148563
0.240046813409655
-0.457071305673991
-1.02508410158211
-1.00748356989438
0.440320613776594
0.151289349281281
-0.57014489805872
-1.33522424394584
-1.99940400216843
-0.450676311838284
-0.394895032159756
-1.04127336913995
0.344431923939597
-0.048491940455714
-1.00860949605308
-1.71259633450594
0.611686320029628
0.132306173789698
-0.751123131625242
0.507570684801855
-0.756928238973715
-1.77684665831375
-1.17037455951832
-1.17128055771235
-0.466694390310447
-0.026749313568566
-0.540720880084892
-2.0287484291497
0.0575152229748761
0.41270402170741
2.29272241487287
2.33629511345879
2.06379620979573
-0.273220783431557
1.63859988266281
2.58884179701586
1.49029749336643
2.94367402475888
0.0756461764393293
3.16318837849158
1.00555921922899
2.70902175731795
3.92160941675531
1.34245651489575
3.88234984649687
1.57908540433833
1.99150732718269
2.15647920334584
1.92497230848812
0.779899208308917
1.28094956730475
4.07340881578156
1.62422686089931
1.7972411757663
1.7231392259153
1.82626113648025
3.52596066622901
2.27425156809378
3.13481175088378
0.18994400976894
0.945168091336745
0.87196827217656
2.85765138901542
0.804229767068897
4.07769755514857
4.04478795453051
1.85810367292294
1.5604275519177
1.83312339350763
1.52320795987306
2.15658115905229
3.06775744486649
2.80980354401375
3.29972061695621
0.281890644385376
2.02676433190093
2.97020168942549
2.00203618101788
3.52371822278559
3.55240488928264
1.33527200936563
3.09430464877942
2.40020893251328
0.884682580316442
1.26141030868031
3.59780072772424
2.50504871941963
0.990622443597649
0.828351325211789
3.14830908774622
2.2700301540898
4.27698539314758
2.3205539770723
3.40627688753502
1.04319597100941
2.60564900120504
1.93307530155319
1.87348955398753
2.43572161406562
1.88170599827017
3.90604311932941
-0.460932438056009
0.0154096753817059
0.194923228514002
1.73468844294119
3.2080430259568
3.34700678327606
3.02989758324815
1.16875584552692
1.14880015616766
1.69742421128517
2.76401279420032
0.812270098045983
2.01676274357884
1.1638350841084
2.15136478857979
2.1207359685619
1.44426585919589
1.69053723494956
1.45227936046495
2.06836490903608
0.768786690388674
3.17703904407109
3.77427522837832
2.41983539329304
0.74895121049847
3.76170283230448
1.20760759928819
2.93755818209829
2.38276966939548
