0.542375006185614
1.07454651986155
0.767490538111272
1.33279748476087
0.548210228677845
0.901044392668211
-0.254859013828926
0.463666679628286
0.499226279613964
1.49755389043917
0.809179872376019
0.63826651951638
0.911974046152052
1.37684840618313
1.01432116814158
0.33210030833121
0.848112910067049
0.931785141542509
0.95034672974781
-0.422009469350466
-0.0748528371411487
0.601926053513505
0.265383966225986
0.274760303675126
1.70422735138384
0.168053362393114
-1.1208081082859
-0.139790582924418
0.585354611828207
-0.162296507954729
0.491647309154105
0.722391649748764
2.07230557165136
0.130159495150312
-0.749667711938552
0.414166857330449
0.174012196262264
0.23053037666648
0.501752536170093
0.317833487863748
-0.111675852379816
2.01702030670458
1.1667633453497
-0.00271671692043721
1.09329850647411
1.65635257449341
0.670883646307471
-0.0892076218734684
0.440808267250761
0.243583470825031
-0.092630113276709
1.85431630969456
0.754229698989485
-0.0719522195972444
-0.0450860790641457
0.987402696020857
0.32188004197926
0.288528259310088
0.604247523063654
0.910120996597029
1.05455942641335
0.55129660736201
1.26187617187398
1.04072860293431
0.361105477590057
1.98922736594631
0.289830316481255
2.91858736119529
0.84813765364078
0.158787736527221
1.35751288233249
-0.116116623904027
1.56243743222375
1.68752789809431
0.365885641723015
1.31141501477328
0.950997935612785
-0.0496547817880714
1.54938470521671
0.336073138077425
0.791464441694948
0.829752461683642
0.165851222082829
2.00925674120179
1.01367675234081
1.54138054920749
1.37478552137286
2.13880461913514
0.749921704366492
-0.179910895288443
0.0559795189114252
0.715972130937297
-0.137555380827923
1.45142303096957
1.41960914302463
0.90060000364584
0.465095707435149
1.84215576684994
-0.357821193992721
0.522355771324659
