-1.40323929796449
-1.5745089600637
-0.259112998443535
0.72381923773199
-0.449322847542143
-0.556365220610762
1.17205527303402
0.899718013081668
-0.189121313821298
1.68730484751977
0.179546624445432
-0.17753501144683
0.288542514536941
1.58823746078428
0.0297192049370068
-0.90859952955751
-1.88615103386287
0.408276546719553
-0.549455331751995
-1.2915183864098
-0.662520260327041
2.13996798062926
-0.309217700520084
1.23382172579254
0.944250890811727
-0.188137058934739
1.94738501041647
1.2095041823603
-1.45964037129314
-0.362519118353326
-0.184698553961943
0.666620450502972
-0.133241214152219
1.18744139442473
-1.34679640862936
0.249010487145709
0.616508995891873
1.60377917988141
1.37934035301277
-0.2263681407935
0.847803273042665
-1.19604076751299
1.12719928093692
0.441037994619254
0.164135611977628
-0.73297628161333
1.33158254903615
-0.768160283408359
-0.251914823154015
0.695987683854975
-0.486469974474388
0.243065144925359
-0.142808379326333
0.11945308965052
-0.375649499769754
-0.69697921282701
-0.341267871483073
-0.46241899885463
-1.9300717568161
0.463649722574259
1.08424228169276
-0.480602907771059
0.140960447476553
-1.21060870193621
-1.23447925581028
0.340528950498039
-1.18120816962727
0.299811098593353
-0.967945624928895
-0.807363515612442
1.3341292057609
-0.14429138126164
-0.36849090944881
-0.031493568619713
1.62684629052344
0.614042874354729
1.40960291766244
1.33025448546508
1.41320755650937
-0.0210995184623239
-0.594184472055658
0.538786509932044
-2.64293158418627
0.579961598729771
1.60681627180845
0.0850506277757103
-1.16885063492467
0.322425099440184
-0.212680322217782
-0.247992029153652
-0.45329226108529
-0.416867200133605
0.0768166620784383
-0.545449783929255
-0.727018514923444
0.148838316772942
1.42884848968916
-0.953686734613603
0.979888087297472
1.00781577129818
0.301775653387715
0.195117762012793
0.653368234389725
-1.42582951592911
0.0397422466268617
-1.35955283613318
-0.708092241429047
2.5244849337902
-0.973380520620985
-0.102981975388853
1.94926882584977
0.0813551373979417
0.0866396185349156
-0.399570007699748
-0.449320195147134
-0.120795951940834
-1.56421041250848
0.932032173697743
-1.45315451581072
-0.780904604686899
0.962410267100311
-1.76877577001359
0.48228224479258
-0.208910623130528
-1.12462419407833
-0.468190571550042
1.06954728410608
-0.922704351292754
1.04656800068245
-0.73325848070571
0.473406093286477
-1.14875969405689
0.997043510022466
-0.486209134102654
0.803714292902061
0.787176003651118
0.387894217905901
1.93266191593286
-0.402928383361724
0.894457514955771
0.863565273977621
-0.39905270361797
-0.74842062494592
-1.53825918499952
0.307847904475932
0.903304004107971
-1.20567241538275
0.552609266922762
-0.26195404038827
-1.82862660672328
-0.376652250015054
1.81782654144201
-1.09439968273976
1.73427436092483
-1.40184738377615
0.216847428331994
-0.772431663038072
-1.93007243826942
0.113642968840471
-0.576308494673178
0.175872325119587
0.42111277527118
-0.73777821607031
0.733874532548296
-0.353204898076523
-2.70004961809166
1.79382955765836
-1.8248787333262
0.694285170626964
0.68356142212131
-0.290281390758037
-1.84566969627107
1.71418106909641
0.81653679549884
0.0361965013711379
-0.646564752122358
-0.382491254169711
0.0316779511467061
0.369042328315841
0.999747367255558
0.209627143907362
0.550824762714511
0.561688245366701
-0.547263353550678
0.602824191560093
-0.116679311335219
-0.202280321933666
0.297498997592957
-1.05667136134627
-1.31514676597875
-0.453225147152029
-0.141186080542362
0.995292354767316
1.60382576574689
1.34572490203114
0.0718337185454868
0.762351867029827
-0.250454043946431
1.79491788701765
0.276566458148696
