-0.0154463682591028
0.199989644345212
-0.015894574979526
-1.13856689948971
0.400253348061423
0.138959296050448
0.628580163134236
-0.00227880850188975
0.300927896016442
0.265672788982109
1.32801721442967
2.34231318985221
-0.549884924180925
1.72785255348387
2.44133078472428
0.784148114150653
0.233042113608646
0.891903516038967
0.551627583969079
-1.07967566015499
-0.74354726579488
0.357807599569708
-0.187882743559542
0.667321678116804
-0.357611664409251
1.03252872576625
-0.107601130083806
-0.201859770245195
-0.154478161668354
-0.366096805345695
-0.0386431168604413
0.116281033058024
1.13992377210389
0.949686175057447
0.688074082910513
-1.01750540354576
1.56186899559308
-1.37696811572042
-0.776111097324838
-0.326534674275402
-1.16601123741906
0.736312281682059
-2.15550858926426
-0.0854854902739768
0.900447182942255
0.144725915744703
0.0355974053196313
0.840057239340737
-2.39739862289053
-0.422794477074603
1.21346931168874
0.797630615155266
1.52974398539677
1.03661289168155
0.70550928291296
-0.374374549515733
-0.384880399870932
0.196644704286005
-0.427032949943674
-1.1715741846485
-0.466867912460527
-1.31390495244825
0.280157225068634
0.542941061486143
-0.56061381011754
-0.258892187590144
-0.653811381288586
0.143979358361126
-0.814916623242034
0.359924559423709
1.08509404325843
1.66274711879084
1.18188705840323
1.72656959040978
1.00132794885906
0.432122202776143
-1.4033979324639
-3.00409322186816
-1.34321706186149
1.2154322327867
-1.21837928393308
1.9464673942802
-0.0347667525331669
1.93018725688014
-0.252218523894499
0.908667863573836
1.33173806292975
1.02130522540532
-0.983545322865003
-0.277810734408863
0.837555270871929
-1.18437585759699
1.4820819837892
2.09815060758746
-3.93095668937583
1.10818224733409
0.0373122495223037
-1.33157069639182
1.9989773035698
0.619724155972618
