1.52334715277271
0.859797488109381
0.234510412713389
0.696767196142949
0.671938469491111
1.48755269591849
0.754688632168212
0.104939299291005
-0.113609766598944
0.297541711209817
0.2472949277041
0.860617705688098
0.478074920838538
-0.435504567126648
1.57531791952605
0.425720030595656
0.352223314775705
2.25180988392314
0.461203308707621
0.822688144866352
0.96450092354537
0.431604527747451
0.137114721570482
0.110328390589812
-0.226162306031339
0.754879205459739
0.321956801356805
0.796051591460531
2.25174168326669
-0.117117898908718
1.81650953824523
0.22397973514589
0.182014232019997
0.0441870396716098
-0.428127129911344
-0.0059884048550809
-0.0666660875276612
2.35808032968415
1.22355289062264
1.99247958536193
0.966444423442342
1.5914675878824
2.00742246074989
1.24771230035798
1.22672938564133
1.56616702711231
1.3426556449322
0.850477896212182
0.349821506521556
0.526752783187793
-0.448435863541973
0.855010154064009
-0.14438708592722
0.390919902015532
1.59212699053205
0.373409598305994
2.09281266893893
-0.196491550468218
0.757102622168398
0.128128053183625
1.64594491716891
0.0575268850799067
1.12113412960235
0.835339878176918
0.843177449275609
0.892293217612805
0.516618526139435
0.664891922095393
0.777686642974904
0.690606777289344
2.49303554920114
1.19401045735616
0.313674179839967
0.660374121956678
0.0981244371016674
1.49433284241617
1.25723048601427
0.600341161616903
1.09371002494612
1.1533067328223
0.707865917728243
-0.121313735718926
0.314661986488804
1.28702127766341
0.0976853839211704
0.0454668968594682
-0.239540327445508
-0.0732090165004958
-0.148229478602343
0.60119585983231
-0.0373937658142368
0.202842271452082
1.60658273805429
0.318195945445852
0.286025551126034
0.871985795013155
1.39398339678289
0.118664036838179
1.07332443859745
3.90276189664331
2.85650032151665
3.79432030147815
2.75961618670622
3.63209027743787
2.98972868016221
3.23071123556485
2.22094968557282
1.83526508968537
3.03570962738564
3.10515936800512
2.57993217349783
2.17154634100217
4.46615731229666
3.22743178265075
1.66626102369543
2.44551684306298
3.12656498802166
1.95101919075281
3.43076443632904
1.95078446495911
2.0465816812162
1.88248694832768
2.95941191859294
2.49215765990142
3.25374066627488
4.36725538390688
2.46103818895646
2.68900468728119
2.95273118418894
2.23361887731171
2.24735148705124
2.35713647421828
1.67337736704022
3.83061235900866
1.55477118248013
1.61939514027219
2.73144435432296
2.20037423656353
1.49562189736874
3.00309386966612
3.18396714394812
2.79362885436802
2.42245039546301
3.15671078840597
2.97678314624065
3.62646296465774
2.8498337968786
2.18687909162599
2.36207365377078
2.05878208340689
2.67351164699811
2.28879472576207
2.66311820183012
2.1645850150905
1.57945651334475
1.94993246617852
1.97118761108027
4.1348555244558
3.08380313922593
3.30727023240813
2.21548685129014
4.0548402160227
4.22869672650579
3.65418160614324
2.77151265026432
1.97580398895648
3.17738131908706
3.56688491968381
2.73598038742237
2.17807318891539
2.42019620666407
1.77376372065574
2.79971579700923
2.37532622676242
2.79089350984226
2.62377293173739
2.46327351285364
2.53381494569416
2.78212297749831
2.44120623809866
3.31590715346338
1.81084623706199
3.72724335961247
2.84666557115407
2.46376425231278
2.34186278773748
3.28297699956487
4.85416461827116
2.42382956541295
2.72711811891984
3.67816260014736
1.34058126632248
4.98136281265433
2.26285130034173
3.32237800823343
2.39278442801483
3.54260713109691
2.1021334553477
2.93979983534713
2.41916260544328
