0.00769051041165539
-0.342444740370958
0.0129119128382478
1.38259890900757
1.26351298030279
0.113253586616519
1.70573059477483
-0.0719480104743384
0.501300296160151
0.753680078976382
0.135566587818176
1.73451031308408
-0.590775603005755
0.931218796784654
0.978517875426909
-0.311355684015522
1.03150438599103
1.04500947360551
0.64848973606323
1.51609724217653
0.770869565849845
0.368108631431885
0.88304789971382
0.176378692492374
0.193358424966932
1.69851005498581
0.680751650050777
-0.38203125305733
2.14785468325951
1.47985126875634
0.722226032977194
0.149418714706516
-0.231954845985518
0.430924163513501
-0.241431585513301
0.433234591281398
1.03329479543261
0.814155486423355
2.09205265572466
0.122101282284363
-0.181211198107559
0.828538436131377
1.13522704128775
1.08106621792133
0.391314793279269
0.674594064948828
2.56839234146007
-0.0314531163517004
0.707317667742733
0.751438925644647
0.204392811855724
1.53510973414956
1.52339894467632
0.850738690885885
0.516342963298022
0.89540074866726
0.246945881058484
0.62944307687683
0.472490267280243
-0.78895328719147
-0.188276247398981
0.289294671492822
0.988669710187487
0.646930659712248
1.2026690459365
0.7336475227154
0.449772202437601
0.538812033191412
1.07915486635136
0.197101264936374
-0.227898134332871
0.0693066745263154
1.19369767653459
-0.244594472740909
1.27619969658396
-0.259589526584599
1.04801644237654
0.388796859528042
0.631253490069756
1.94772579554913
1.12733018661952
0.298412978787798
-0.384308854438422
0.57345944350601
1.835390864165
0.680709527258566
0.0819554406955032
0.991233892318137
0.801887944824932
0.99320833391077
-0.159218379299409
1.10652485456251
-0.129555144489207
0.291817618158653
0.792560359297881
0.710729610531264
0.0581009598284363
-0.11824085555536
0.934658135994022
0.428517506632027
0.867768775836739
0.966276920576175
1.078063995076
0.159034274974935
1.17600629185413
0.853360341424785
0.267609724761696
1.11351164218398
-0.152017667274015
-0.224437694417295
-0.564466246303647
0.0188679700567671
-0.261465571151083
-0.58011285274521
1.55841894906639
1.58081661646864
0.198708931201455
0.544338913653324
2.20547405093949
0.908722021919284
0.680285378831445
0.672795791703531
0.0228974847814639
0.800942291530835
1.91441078201119
1.02285686743518
-0.321331628481711
1.52277459251959
1.8184219855303
1.53239879733595
0.218748955050084
1.01726727307662
-0.0227598601007019
1.21313950922713
0.379205069408587
0.370684539376581
1.40941015501551
-0.280849602742866
0.949052672759537
0.963457139155607
0.839891679775391
0.710706308573736
0.620663558121318
1.20901648071432
0.588754363186831
0.834248959113564
0.25596294251565
0.796218193805932
2.31121166092134
-0.556725483501396
0.845325456180611
0.096283184220248
0.668938515936592
1.48921272998991
0.244640304452758
0.16791196044356
0.432794316041997
-0.370046208333277
0.903531139635419
1.19899826195926
0.0874554429990942
0.392319951678339
0.233320198618511
-0.240403675138549
1.0877771066869
0.279699560225282
0.842717893171256
1.81963236089086
1.4307076566896
2.27192204280381
0.752614338018723
1.32360992642397
-0.411372011994319
-0.0894453530963541
0.97313882036968
1.47286124027109
0.436798979349231
1.03878615796194
0.382434480968661
0.415390228533616
1.60341094589603
-0.0705522634613009
1.22822383459276
1.89329493364828
-0.728623857497942
0.273822461112236
1.27528096595015
1.04772546137733
0.54655906404189
-0.0878049888935588
0.256791910906662
0.231491425107889
1.73286931787334
1.51909184314075
1.71506682876881
0.878698853839838
1.2569071769336
-0.113421757683199
1.05540233818114
-0.175286161750393
