-0.351465935164912
-0.168855695896209
0.114032352476023
-0.213416484677147
0.160402631545704
0.210017776036361
-0.644178471808974
-0.637709128628881
-0.453520590059863
-0.527337200994226
0.894030780513795
1.34135435180989
-1.22115641955676
-1.2825352406548
-0.798370181551225
-0.871487159422457
1.14632195335945
0.270665854404093
0.370190015862923
-0.356303931723476
-0.549420366056852
-1.37847521457538
0.902894477703935
0.282972852827489
-1.14356211975764
-0.627542397012994
-1.90120101399194
-0.0285038617857819
0.996967134767876
-2.42831046510416
-1.21780781045209
0.65103677343873
-0.834348605522914
-1.87043363163212
0.667214894437793
-0.0688141816389565
0.635911654683548
1.15474941289921
-2.80217454229046
-1.06047113202485
-1.78110176500032
-0.717129856945131
-0.599249675028648
-1.02290620069652
0.596986100423926
-0.207322839981911
0.451178634172399
-0.996780685432256
-0.481344329455497
0.0366351057415341
-0.761549640079808
0.867259237486692
0.11513153680098
0.667751583048312
0.572865329867291
0.736795902332448
-0.977197776508588
-0.043626921654428
0.7740251266568
-1.70079345055571
-0.592446626033045
-0.206344650437795
1.1689392411887
-1.64250237284704
0.169240130622736
0.273829818904174
-0.447398966241946
1.36735530413339
-1.01145891862348
0.479155370326949
0.528678545316241
-1.42629113241763
-0.71069914616304
0.856949575490823
1.00716369073413
-0.0608291618186251
0.746421473650469
1.87759835102311
2.46258756300394
0.0752343324460171
0.817483118645764
1.2568040528267
0.629550742119679
-0.0387511879335073
0.341320101294222
-0.206164217035746
0.536461986237561
1.51196840898572
0.0609421887777879
-1.33067091186366
-0.268665124447498
0.202113904800645
-2.17660039622313
-1.33386065388536
1.18982959065553
0.0856223505379657
-0.456129704546749
0.656695650523443
0.229193078962912
-1.06859875101268
0.316823605918041
1.53278349182925
1.60367291118042
2.12409615967931
2.62977246341372
1.66827217863086
-0.368566392694526
0.719908123923459
2.48813060195414
2.13605140678811
2.43449612789057
1.66691128505131
2.35279389365043
1.10293836289461
2.56586535564524
2.43381537503673
3.39538836489661
3.06664031807745
2.08400298673428
0.986836219179152
2.82085746985999
2.91954085473549
3.04262657099653
2.21364744110647
1.80787688966705
2.4823514861057
2.31489006502355
1.04632860645791
2.49469414777066
0.905557377657354
2.39068694618552
2.63763787312724
1.30863448383075
2.0321838005985
2.70515458309884
1.19235644191855
1.11390903456498
4.48109121742003
2.16986475935952
3.1964716863361
0.307533426770448
0.556482597880291
1.46915510326107
2.15749431244333
2.09731883434319
2.35209271433144
3.7545266302516
2.22417600628139
-1.06099322501349
0.959682738808484
3.28910947194605
2.90407703628868
1.40165652358168
1.90402581661394
2.36955446477396
1.63577457851479
1.2523498545858
3.95242028512432
3.20089288118845
1.42487102820579
1.99362447206197
1.48313694592453
2.56156205162685
2.29330474578254
1.35055162417896
2.7246771139383
0.0385733491929481
1.92069202147265
2.18015120755826
1.01513254623813
2.35417708070325
3.93689815964406
1.91617248395993
0.552662674400863
2.18223722248329
3.16348755528955
2.6630902079768
1.59166729591068
1.66201972553472
2.00633351454416
1.45640792436893
1.7315873206099
0.521656105382765
1.60828446344583
2.3487886223975
3.0234508799274
1.12678600904559
0.652718713764142
2.62673076605708
1.40397362947177
2.70524516058996
0.720275899473945
1.04332159920215
2.80522465812939
2.35446826853448
1.48667847349579
0.0088744315967153
2.74821642510864
1.25941663768429
2.45316377051235
