-0.270076840472738
1.47043235663621
1.38669529499342
0.597805729758061
0.472531942191659
-0.197651152373627
1.5158651195155
2.84988584198989
0.668720584190119
-0.930381927314103
0.798840602033834
1.48434725428486
0.906499567240761
2.54057490177897
-0.433701218876654
0.910507899704446
0.843934313798384
2.48332286732591
0.60554924195465
0.231933515685739
0.764106715725277
1.37226445190526
-0.448510131612659
0.77381987693321
-0.0206783392377293
-0.109624963409209
1.01431188053489
0.717077818569984
0.364967594671238
0.804146729053126
0.833214250858613
0.785513955143583
0.534852134845394
1.05135208916311
0.556798146732609
0.822997874490249
0.754979819965665
1.01931991799088
0.769403658527946
0.272980852195798
0.95272952351812
1.44145796555012
1.76601801460766
0.260331275375199
0.497794054331175
1.61570550891183
0.435970210479694
-0.259016854512402
0.213590642920239
2.69225750631613
1.95051230664219
1.90651641744428
0.264884144598937
0.181224949926936
1.76006010153919
1.20345832761498
0.719010608836539
0.456038353750001
0.413315463662366
1.24978091907343
0.496922006090732
0.0997974954051526
0.690820631711079
0.78638314446607
1.55532008577131
0.692165899567953
0.756518462285465
0.441395692329285
1.27055655026115
2.24532713261536
1.82794378508008
1.84728383686435
0.870626503806936
1.01190338074327
0.661547957411557
0.490037981225708
0.0790494280186615
1.8299459160877
0.213411887483026
-0.132824380655649
0.518266268042586
1.00683934283685
0.981252919728643
0.312008247371783
-0.793662229235251
1.28856816510324
-0.888694569127418
0.75252279357673
-0.277918565299758
0.129287278592148
0.0780358061882895
0.0684377361427212
-0.364698823849926
0.340481017447181
0.390589178392042
-0.152699591632536
0.221964096322737
1.09315768513698
1.6818353994246
0.598293213030888
