0.988054085151027
1.77263149218412
0.595894827623786
1.0668743449008
0.123904945499169
0.538172397422407
0.740159065046531
0.8347892135529
2.72278486871316
0.581837318658786
1.23242167532555
0.166392038526631
0.940206868755846
0.29353363708111
2.01068713291843
1.17815210620925
0.513725918454132
-0.367780393087065
0.575933927263182
1.02130835170464
0.0410493893233738
0.811847252848274
0.365879374814985
-0.386936831316651
1.02604471732645
1.60130447496419
1.09788304734266
-0.00160093999113958
0.284647733477406
0.523040315779678
0.380914457753745
1.16531061955277
1.39242965508448
-0.0916489263627798
2.42623807728345
0.943371737590741
0.206395121051499
-0.0244535488305031
0.35850165433987
0.379277826257358
2.09683543447244
0.118251132789195
0.312844459450085
1.76595933633243
1.17886291481028
0.890664603654287
0.33283267581457
1.04446279562895
0.0950508450587097
0.736666913326499
0.210556538963412
1.90672917938293
0.577487832358169
1.0213070710692
-0.535764393511742
0.854790000140387
0.737081582309125
1.14884845062741
0.146244338491776
0.358875464327252
-0.45912662299738
-0.19172944257245
0.824287767128786
-0.187789874382862
0.912558489416179
0.340131833893022
0.864828500767999
0.533746268128932
-0.57733879247592
0.260871998716511
1.52554433332327
1.79646526011781
0.202456766947481
1.85010216497821
-1.20362274509524
1.15322252513544
0.265787749675463
-0.0817318627707886
-0.180278681269546
1.73383859982876
0.237951644780008
0.557359862551715
1.38686003444662
0.415437901712622
0.985485314550604
-0.156106352669184
1.64174809239625
1.32634540614673
1.64170782722479
1.69749618819688
1.56309659366601
0.200787444187209
-0.408632457397363
3.80744575019391
0.563388914517274
1.43936435234955
0.100976507511889
0.372535203281863
0.252579089914718
1.32150529462052
2.99899475456713
2.51808545393703
3.23801055072605
2.57486117206968
2.49286263851745
2.99467274277002
2.60542333503254
2.75040320703857
3.61886970702823
2.64785680656019
2.86746300908492
3.22650051411933
2.81496728308443
3.63560489734577
3.47817153996349
1.97708483100837
2.84030063044955
3.14366293218426
3.14653926505959
3.00274927749216
3.74421013358015
2.96149321588257
2.12121645795502
2.85803334656424
2.04098913740734
2.16156272025774
3.37576442312775
2.64755544300508
3.46599789382746
1.99039693844334
3.0603805516841
2.18573980819232
2.07133235598178
2.4383083526406
2.34554301382921
2.22955213397396
2.72319955427734
3.20691088103566
2.86405599130007
3.95130492830198
2.74328082694431
1.5022476347261
2.5037320756573
2.53448467851647
2.19855139716776
2.76123051030122
2.22406137354757
2.33069845389335
3.47759229165527
2.40840206586574
2.84409092980937
2.80911666724942
2.49551155451505
1.95586857844633
4.38513950301833
2.82485593495631
3.00566443770649
1.70156805416562
2.8791935405747
2.90844027389696
3.35767699694432
2.18888523219103
3.72108653274017
1.65390306942766
2.93871752773669
3.29154287240411
2.61167524177328
2.35695726455924
1.75247175099762
1.51399108419318
3.28685930888917
3.1760945583258
3.34208684267705
1.76072248031239
2.33759691336177
4.01630746379989
1.35475822207285
2.99478889613395
1.66490143854343
2.17175839419054
1.90077049672653
3.36076234025991
1.92880500556576
1.66998910806078
2.73066556881139
2.33074147823887
2.2731126163888
3.01824084115456
2.36446162402347
4.4107817175573
1.60810109897721
2.52549147228438
1.24863404984936
3.3266672213596
2.04416667733096
2.52647249934555
2.88677559512973
2.17402952989297
2.03385774293367
3.00295808381149
