0.678991683528315
2.83909239046992
0.204680390572768
1.0897387641973
1.34091015466401
2.25953406568451
0.276483393624796
-0.344994321133632
0.0765848153776484
0.263835109835324
0.607170814526339
1.00472614949007
1.18587875843509
0.0821438007145724
1.29885550371838
0.00785525748941016
0.682270518241451
1.69555008097947
0.772740500273588
-0.336394683779849
1.26394293918476
1.84463308375055
0.868432871482577
1.93040745434568
1.41348780851881
0.0793296327029047
1.00396254649472
0.388979064915558
1.38711575910158
1.50224917227055
0.255329483959549
0.0215372905510996
1.72735950561313
1.25122952517027
1.48762612908595
2.16204198760416
0.595503169042405
1.21782400289335
1.31322404834724
0.818806601435619
0.131579960371296
-0.0415775323341633
-0.135563184434492
1.89960654364658
1.80084060895851
0.727496096547452
0.73183127815808
0.651985399594495
0.0530545774378816
1.25724789589158
-0.117837206841689
1.13430034592221
0.755630207330798
0.949222957970464
0.857577302789716
0.326573936170488
0.865261640847346
2.25817666592812
0.700772089226352
0.724289651905471
0.692042270804159
2.31894777468157
1.55309417977256
1.1596280504308
0.528536730601696
-0.112760753286275
1.20773204703205
1.05339255284191
1.22376739690003
2.48212556655119
-0.21257359338933
0.5651029171425
-0.0270705393645951
1.65211968977113
0.0323518814872762
0.499534582262623
0.0778361743942811
1.00055361824575
1.63312468376106
0.258973497794171
0.680969173714138
-0.142153431993462
0.756552747551012
0.6252317008903
2.35739139498538
-0.542551768994334
-0.100748477060085
0.531999623656825
0.766778159453075
1.75757488570556
0.672911081254651
1.1986496198076
0.729529090267296
-0.212231311623273
0.242157892837312
0.321605077982143
0.838163741208855
2.09516258587841
0.891377313922803
1.06605343521457
2.95261889528099
2.26636056520054
2.44197164046825
2.98279082509832
1.88534318177781
2.64717954910932
4.08758653822481
2.76476399355356
4.45036574739039
4.04807363192858
2.32909182415369
2.14923069498877
3.11422321775278
1.89858882724716
2.04523276454259
2.84084025536628
1.81409767788923
1.54855333188031
1.80271809421697
2.80504239717619
2.71481653426768
2.99957342886232
2.03850215440793
2.71626649995579
4.30723947889681
2.5643752858971
1.05134526930677
3.6992305928303
2.00575887838817
2.19790515125727
2.42987209492218
3.67575087996324
2.61600657520384
2.21123703344754
2.18986325464918
2.81415814678637
2.69991596017505
3.09140802359343
2.40208052624713
2.56006128012196
1.98060241512048
2.6333733976654
2.66766174134307
3.60586984802593
1.62774944827896
1.65043022493955
2.94763599747279
2.79420011595678
2.96835576255877
1.93074320926505
2.19254283343634
2.19634832218465
4.26378506906113
2.79490124374
4.56812132747364
2.3074685550972
2.0900389533745
3.21026246372969
2.01047750272364
3.47964952954813
2.78130669158901
2.32660535166016
3.59544494109985
2.28692898845304
2.62551528889701
1.93433376731428
2.03295591372802
2.83509469353056
3.45372290792768
3.39001610677029
1.7685027888494
2.38569313909506
2.71958601708421
3.41501170424772
2.44164303079845
2.78461363037472
2.40665866841806
3.20250122148992
3.18007331325219
2.9387632802645
2.37477871122298
2.07949623412748
3.63957690983801
2.46256098211219
2.02095799480998
2.70706119210108
3.50620180685959
2.39790924273048
3.13346052747639
2.29775259393428
1.64636474489573
3.5504754992957
2.98690185940854
2.72197045076079
2.38804671740288
2.89270116129535
2.05121080335
2.3146583832031
3.00236429864753
3.53770290969808
