1.37040885206851
-0.153372122249398
0.503612239536914
1.20737480673609
0.269307756956223
1.40190284987614
1.74585133265994
1.65376409465223
0.800578735115889
1.40994479060765
1.28010337652488
0.786864618106412
1.17561157401018
2.04226813378909
0.456213178432246
-0.228398706158361
0.321015240548728
0.657148648617835
0.0275602804154609
0.00620594354313839
0.312567095318784
0.501220297172514
0.551737713245844
1.54939952578199
1.64171707930367
0.629644400911685
-0.00652755080603379
0.80067311443091
-0.401770476474253
0.411932847341107
1.07981235891413
0.629441089198639
0.314349395899622
1.45603962091223
1.30744358944876
0.57668763255081
1.89253320452298
0.647527948067073
0.145675511480169
1.62096044193371
0.845144092999037
0.0183221046077997
-0.203728556506614
-0.0735694743971403
-0.33065488036525
0.164619096916471
0.719085736142141
1.39670556528992
-0.245023984124761
0.49570638128735
1.12693539571089
-0.0859775194851334
0.876562474994911
-0.0476526210608738
0.679232245105998
0.790201196874923
0.468886160865199
0.431839250649818
1.51297217469131
0.78332615419709
0.506199668414244
1.65198672862284
1.04028463743831
0.717894852796946
0.782430575913705
0.150571271213588
0.401228579811872
0.417325972218232
0.694997848939106
0.72927101308704
0.0436452336312215
-0.343397072381529
0.380053024507879
1.41108592076622
1.12549597969024
1.39175727480636
1.47181781073087
0.71724420386313
0.316467716262222
1.19331680003958
1.32113997243411
-0.0385854940859145
1.09344341034221
0.47648988662323
0.482142443753487
0.612182023266073
0.0865423010794688
0.344343626445698
1.07328057201385
1.10157345498879
1.19398425504515
1.08484182255899
0.944430729962386
-0.448220890586655
0.684020545411886
1.23693694828133
-0.0649115900149108
2.82274087450895
-0.0193079201616444
1.20120126911246
2.21810212121968
1.99505746921815
2.97339158448127
2.22150742149059
2.56047862673576
1.70504514503293
3.96062120339298
2.06419953386744
2.42257993927994
2.73101154561575
2.52140607863249
2.33705232865879
3.12550312398394
3.94457752320365
2.46411011568026
3.37058965704976
2.76654127765966
2.30449161196462
3.31074866356894
3.76023844329076
3.1353688086937
2.50981722355725
2.67273262715189
4.28206745853108
2.76346900014802
2.70363564691081
2.74775626933744
2.29218226038674
2.03000217068928
4.06915862362469
2.5202617140716
2.88939224570195
3.28261785834209
2.61432404676463
2.00195469085233
2.38706949473533
2.13348954920319
2.17003962232466
2.48701007934196
1.74616230916961
2.40064770450429
1.37125249191168
3.88834877838264
2.4405125137732
2.37409475131602
4.11009715988719
2.62940630820315
1.87157305782032
3.14242960415882
2.02831116782325
2.38320204525757
2.59373697313422
2.26411909087394
2.09861369483829
3.00771613600674
3.45001236880214
2.27548972567202
2.20650746712766
2.34015445554507
2.25880312802665
2.03415798410393
1.62676696016144
3.5193634175936
4.65091586603855
0.540299637198317
2.1277091888182
1.51137200446319
1.70315578143535
2.45785039534592
2.54938800361191
2.96876836457445
3.35302696657672
3.98405960284694
3.35824196188912
2.51076516873612
2.09266461995307
2.61111533245783
2.25711816732983
3.26867438802516
2.057442295104
2.29792825502814
1.52527137141458
2.54023892818793
2.23027656079404
3.70792822714751
3.98058252565014
1.89337625913119
2.28416713943112
2.07760807213558
1.95773401217897
3.59592198730912
3.0926951151039
2.66054637326308
2.68130206714521
2.14597703204095
2.70411146926234
3.97702702834504
2.13630674242379
2.27189720336669
3.03758176375352
