-0.690325175497975
1.78547080978466
2.08280507658039
0.413744204165924
1.82841024839415
-1.09114339677563
0.473876859961098
-2.28503507573578
0.0810184120317165
-0.0923365082592177
-0.486511368987669
-0.394056915770262
1.75131191599535
-0.594636244332874
-0.612649751804079
0.422282780117956
-1.73143574622916
-0.405445092725079
-0.0193890284108069
1.79893658078068
-0.248596927970719
-0.591681627763836
-0.200933718239468
0.697592128122921
0.409802087308488
-1.26673178779916
-0.371431351716346
-1.06725170701384
-1.02412607797786
-1.31720307264073
-0.60044121110679
1.35726396053313
0.118415704334196
0.779415344512182
-1.69580857747435
-0.78480085090907
0.794571409124613
-0.332251663111626
0.49437281936281
0.0341567390460876
-0.490716995286233
-0.58822054143283
-0.29505756654969
-0.455975984654897
-0.412715792909608
1.31345307757812
-1.28779878321257
-0.269331973042888
-0.542396944514238
-0.286283402763828
1.44821091233584
1.15651269674346
-0.736504176434529
0.191404950586274
0.626155827298814
-2.55823409680575
0.319820936561166
-0.323440476361968
0.738168040041114
-2.93255894074239
-1.90631241937572
0.391873879321602
1.07569132302335
0.614067731754713
1.11139799888329
1.25448142429985
0.13851909038686
0.342155448477605
0.478367689774622
-0.158983198845969
0.00144563573236517
-1.69987702929958
0.806566649796153
-1.86833107838296
-1.45268833453076
-1.62578788321468
-0.746677372523757
0.779092227337676
-1.64090033391197
-0.562331622105691
-1.09513952823558
1.20729598854649
-0.345505198879158
0.0282211625350879
0.540907465375832
-0.488595299500814
-0.0266667531221512
-0.789468409082752
-0.177247569102538
1.10730306238873
0.0715223083662187
0.432961613255435
-1.59305063034767
-0.358724161386361
-0.866225716728793
0.693706890036591
-0.103597963657399
-1.09520225895346
1.12440928027807
-1.58804253618397
-0.855678369637137
0.316973861129376
0.716939629183221
1.46878164743781
1.84567843248997
-0.396860907591532
1.36312701762029
0.3200250883193
0.828180155140053
-0.65209938977384
0.877405261811521
-0.612119195534839
1.11412137927339
0.699682519691416
-0.20712031301162
0.421930582673645
0.916409111895499
-0.474280950977473
0.142479848878873
-0.571624536368512
1.16823907927449
1.42096096473547
0.500233753821118
-0.312990376410349
-0.160655408599612
1.03294547297437
-0.509013558495823
-0.362191911266496
-1.13688513854843
0.827957130993435
-0.813702801280514
-0.699310500801116
2.15517744743223
-1.09505176879367
0.294307984332542
-0.252115905141965
-0.430565102405851
1.01497735047976
0.664315791400291
-0.799143402585318
0.204093734096568
-0.493998560819756
-0.720413813053555
0.338917966703956
1.40282834090616
-0.376198796632117
-1.39581382376426
-1.45080418885703
-2.08157667517022
-1.24835034711189
-0.344332302540258
1.66620394858574
0.473564123057675
-0.807397370242876
0.224392171432656
0.523272720224954
0.338455556866839
0.863454769540565
-1.49679072299171
0.154220042517607
-0.0628558512627818
1.82219718711361
-0.246835771662152
1.2310034248843
0.503979309242338
1.34313306209857
-0.340274977757376
-1.10429975921842
0.992933114869684
1.23273828936893
0.542044051339595
-0.0156935183052231
2.44105276183716
-1.14123172835455
0.742018737968892
-2.09577098658102
0.925908578875922
2.79066056284885
-0.0752809811738938
-0.165069780075625
0.224576059030551
-0.646939077379253
-1.71689789105768
0.174287895074615
-1.32897384420424
-0.503788728166778
-0.633928791328262
-1.83742029253533
1.77980286316927
2.08411233902721
-0.768215617472078
-2.68563549397308
-1.64412522407168
0.797728112603835
-0.547512194529846
-0.182360278260751
-1.21257075768577
-0.531087109235775
0.971636200208128
-0.464548278387379
