0.436552220704038
0.278053775186286
1.09506088543492
-0.467984619966574
-0.137581757713614
0.538199589456098
0.316045413109835
1.2745016127194
1.07300415762311
0.755644692876947
0.814130142569511
0.482146354274601
0.35374850100617
0.905523105252298
0.401980551397028
0.127022577280543
1.46924715816321
1.2261368406809
1.16787966942708
0.879911296215053
0.836129816709082
0.0508622361714852
-0.279044912573332
1.71602048985877
-0.174293523844059
-0.123126072891792
1.98540398492497
0.252396973645695
1.52949539816607
0.326296505024436
1.16899469469564
0.445818563541475
1.82754116024808
0.41560131902028
1.71044370014266
0.785681316659092
1.15130817333869
1.38483009780971
1.48684675467624
0.547395959478375
1.22811244617992
0.849873317000594
0.99912036223717
1.12781089453063
1.46621270045062
-0.165924301076019
-1.00685708984851
1.5931825353613
0.316431853400853
0.634026867926813
1.04869300756733
0.773445879565477
0.647977062251817
-0.0998586091954779
-0.0388448693940039
0.682258168244155
1.83445033021835
0.459294152014647
-0.122991320461779
0.970708941674337
1.80157339313453
0.206999769033502
1.13786722230148
1.00280251944512
1.75522948800038
0.318720978268517
2.10556576175276
-0.0938981241009871
0.88642664320949
0.864464397758993
1.47621298181262
0.367013542091885
1.36421684444653
0.352622652037176
0.87103274616832
-0.614761504763742
1.18930564064062
-0.410097589355871
0.709571166803681
0.524256387446954
0.592790434276535
0.670877147315134
1.77582829719461
0.444927427787355
0.894738799726168
2.39042298625087
0.485018722590393
0.534311224110398
1.55181881145996
1.22864053699285
0.907558375999637
0.914417654687249
0.389152792293774
2.9675588598527
1.01876526125773
1.0893036730636
-0.35708510106512
0.41254185870132
0.31849001114052
1.489728531963
0.738721808278449
0.472025444088886
-0.433382436936539
0.535985255972587
1.97717023006665
1.64234102539412
0.584571667275775
0.0696092626045926
0.525717344711705
0.563639673773585
-0.0261415370004182
0.337081113071027
0.764890843167381
0.786723837381037
1.31826783543419
0.75407211772218
2.01081632310279
0.0195030405145402
1.272675742001
0.190948729265688
0.287171055236776
0.765534153545318
1.31214290799653
1.15874720032543
1.89324167032451
0.634654682953337
1.94622005419672
0.600491285289862
0.710978288168167
1.08025858018041
2.38012773446141
1.27125189917169
0.735637408777511
0.429641131599197
1.12241777955073
1.96843613784108
1.23669580255633
0.50050456124563
-0.734350030572408
0.656022232992448
-0.269360764031911
1.03199923645209
0.644363854028
0.889212646904885
1.2771580580369
1.52397238444019
0.799762172560101
0.835813511045156
0.0800087643378261
0.0556916725127046
0.443790686867717
2.18899977167027
-0.421005763927585
1.17583802463499
0.761038263775092
0.532417506137936
-0.13934004921904
0.343424800681813
1.01138018387192
0.445299886454545
-0.3311085615071
0.210620031082474
0.291906589299039
0.740431451825697
0.952896523731188
1.9551944832339
0.210885186398301
0.31882031357182
0.618000507634785
1.6267531907432
0.470197045108235
2.38376595538159
1.62645191709084
-0.204319631871386
0.0756107774867871
-0.270040743186876
0.716457803607148
0.91209702552374
2.11010076930564
0.381695153277394
0.814050358447184
2.30667835557902
0.579595743700957
0.651453503476865
1.09359359895461
0.9566685036521
-0.8853898196882
0.479672561879514
0.61303446046232
2.09976184571466
0.678305379372822
0.88551182032116
0.36866274439197
0.835385142711311
2.34731795887032
1.54397530356116
1.80492275913706
-0.434393162771252
1.16016242521835
0.665821633440261
