1.29676019597099
0.582505056644116
1.29564183626203
1.4720649422386
0.464508907521409
-0.309922561342106
1.04852544420768
0.632484629411141
1.54286731502213
0.797061102252783
0.605481611277415
0.428910136056216
1.42325437105746
1.07085224635522
-0.371518087580901
0.931788056544037
-0.0465532712131844
-0.148204291854436
0.757211231053064
-0.340823351839504
1.45846747239783
1.29723294367934
0.82621875627342
-0.0808295646402672
0.680536418888665
0.453470963225979
0.974128670062594
-0.369816374730247
0.0986530032976897
1.78736518461807
0.294137809478897
0.437484540366561
-0.331430865501316
0.308790788960328
0.542664435350342
0.133637930006126
1.34016385897121
-0.458476931235714
-0.0375061292675754
1.31858573959615
1.05630088824429
0.0989097811310121
-0.0931734500797433
-0.0823823049530433
2.2893090325084
0.566463544398775
0.389436020210583
0.552530845040687
-0.297579160564681
0.290297277391099
1.86379083460944
0.423153136527041
1.29082909457694
1.23319973744306
0.408656090796998
1.31505590557611
0.263341615055483
1.21151672878813
2.53189837593348
1.31454898114976
2.0558121160465
0.266334961675914
2.00820956403348
0.191285866352023
0.964634083226028
1.66026543003663
1.17616976103455
1.55003311202951
1.81750533692016
0.404607822410876
1.05551809347108
1.59643809541053
1.84824633461946
1.49017358833491
1.29904280879734
0.6448004923044
0.650512473874817
1.70281185539307
1.98316695409979
2.57188114333886
1.61532551837945
1.41065822604959
0.975357440129521
1.93204591578937
1.38422413775342
1.04819385470479
1.89372662491376
0.11934383999224
0.956245358957144
1.15951609907264
1.15431140624167
0.86313107407112
0.378006798791539
1.92528620253679
1.36139600465863
0.607186256813547
0.642109813320173
2.5086064186947
0.345840346673154
2.36482301263369
1.12355090040426
0.845728293809627
0.33812090605243
-0.282990204711627
1.44804226424183
1.8101389118721
0.147710234247308
1.75734689509681
0.323492973098012
2.21069976170637
1.57331116599508
0.0807639497083008
1.868359954851
0.282386156952179
1.90334278795655
1.54493869408288
0.445294741237593
1.16438686818235
0.731843829689799
1.89021412803785
1.75261604790896
2.2256097561294
0.959448559916008
1.90071360571436
2.40308036352058
-0.410730554514654
1.23569014581997
1.11256513006486
0.517570040601332
1.25082276408131
1.56967125822142
0.991288531762952
1.13427264209222
1.24103102926337
1.46425849375399
1.20337485385737
1.11383253119928
1.12074559796778
2.12950015145953
1.67362972917477
0.552726265987981
0.284874598802716
2.80841178242549
0.198344964213367
2.45161334765667
2.3116860974554
0.467981161332545
0.958127012836681
1.34119512633808
1.06196357089203
