1.6290295077503
0.0388816593217252
-0.167349358533781
0.498024553350066
1.73951623289032
0.727726444771069
-0.344470054750025
0.716261396758894
0.653209610861457
0.229516568303935
0.22376806152476
0.353700483944847
-0.801937041446344
0.161775722602106
-0.108568615779346
1.45246349921973
0.795503644556316
0.619349477774926
-0.190577860039525
0.854871918528346
1.35151913925553
-0.360249082726768
0.832345826901671
1.04310703728957
0.417332240537694
1.20314169131323
0.933862133241691
0.719995717771248
2.02014222423146
-0.0262224020993286
1.15832651374871
0.499677918658275
-0.135459136208501
1.22252838861107
0.902732167876653
0.330621747620575
-0.0695350685343136
0.374387764024939
0.318040539961525
0.99367749605024
0.728246523500417
-0.0357242812849496
0.710042788114862
0.768108451556699
0.690557364414259
0.800671199459519
0.662993432226497
1.82072293692134
0.258670384108445
1.68702835325137
1.19156950022191
0.216519110380415
-0.209283417313307
-0.052296267856766
0.241443820756148
0.117791592490187
-0.420782936434315
0.910632329667934
0.565158360661822
0.195765635340479
1.89714564702068
0.0597304277237174
2.12642710585614
-0.596041085612743
1.4754390409721
0.144485726208397
0.689557076199959
-0.0563139438208669
0.0866565389879823
0.252906411473312
0.293962630161085
1.67860963828566
0.248102196368866
1.06807844530362
-0.196782799143995
0.00717812226284723
0.351194702685246
0.216295258532842
1.03619015952021
0.955076765612163
1.03188808877339
-1.27467990171795
0.721180099556471
0.795911315293479
1.06642719210831
-0.634652908407996
0.102600323382542
0.531673305001745
2.49189019858289
-0.00514216896248032
0.4073127777173
-0.626728153530858
0.41257822427609
1.06273558467422
0.217764428419676
1.78913155070529
1.20472187068617
0.591179786924017
-0.0455114107148713
2.46592933427829
2.97841773261166
2.89061735172745
2.46102917911988
2.02775347348058
3.14591600290334
1.69662654915227
1.94652988653744
2.20933307187697
3.06798278144055
3.68935595748624
2.63959603843835
2.27770062587332
3.21042735547071
3.69885530290959
3.06310141575381
4.1143103755912
3.11746153412499
2.40398723024749
3.12746504006308
2.03100701914695
3.22846282441037
3.80404420889235
3.21084629779498
2.35735704518591
4.38370478850724
3.17512514499535
3.13306993686081
3.31310257987125
2.23131209833766
3.06976955554481
2.1478384865989
2.51159797812795
1.53970676802559
3.70043556316965
2.05473465599566
3.30902300499006
3.97147854718744
2.11807718603092
1.94052288872606
2.73765891248093
2.77466870815334
3.51410900622834
1.07609518369353
3.7311446807176
2.75181326267272
2.13665396585693
2.44207633033278
2.51182132158571
2.34660618828802
3.15624199495775
3.79960895678137
3.49848024438005
3.4631743957558
3.22939517324885
3.17434634975601
2.37801307495129
2.31036090031391
1.9743548796949
2.68113245100553
3.01405114402192
1.75931975526955
2.688161544947
3.2104902183546
2.52414754424018
2.46997201116365
2.03662862414664
1.74461538790381
3.0929938887192
3.08925559742145
2.92129327950527
2.83311558836325
2.00846193098927
2.95772383435355
2.13853108515963
1.89379760086107
2.47574330213069
2.1751648024077
2.79317077343068
1.87926035974391
4.36647836361998
2.6225882521513
2.17175124487854
2.30798736737635
2.14245497655339
4.85693356363324
2.41548360842796
2.48166074167886
0.910030179578776
2.7990200071883
1.97132890090263
2.44775262087902
1.73953531346832
3.64445041026637
3.22609687269042
1.98750366163794
3.23049910778364
2.35533565174169
2.09510943402515
2.95706193317163
3.38590605128528
