0.555721093152973
0.579434933245796
0.881077076813149
1.18776444439278
0.486744234042136
0.90754360315848
-0.0850867769993845
-0.31282933326373
-1.29856709584312
0.0915707839699862
-0.404959954619769
0.491859758936268
2.31239422558025
1.03134978470547
0.0696172163679197
1.46689084358793
-0.673567950988473
0.208489870105503
0.66914675645699
0.368939980001543
1.44337688211519
0.169241858451279
0.906972540785882
0.665176414119851
0.219008317514862
0.555644256836092
0.216009539156046
1.90125712504311
0.315784973764698
0.382536818846355
0.0951930780642897
0.903296598003928
0.986496277399151
0.556020120371322
1.30414742957947
1.12102930820974
0.967825265338668
0.244432952589678
1.79832878464659
1.86698741558453
0.348297945149612
1.40418155416801
-0.391058690938345
1.22187125846143
1.59556786416541
0.89128140206662
-0.0721479060627988
0.210287186784865
0.139410695194299
-0.0864828176176063
1.30105046898443
-0.176505261194648
0.22118578392155
0.2927102221176
0.876343900938474
0.947777838707014
0.432238619408053
1.97809175270065
0.579759270906457
1.01039719515461
1.24093177510783
0.631973314287695
0.559556586722847
0.606036867697481
0.0272673916666615
-0.295385767665792
0.472959319353007
0.772311708457798
1.17348222686145
0.977512389339055
1.03193756947638
1.36611498306838
0.826674519954601
0.500141732970019
2.22924322577862
1.37934378588286
0.871810559472883
1.198203590384
0.0999727788740291
0.0849961453261449
0.257558995822291
-0.25924025085707
0.208489048027335
1.12450572749367
0.561379341382139
0.235609927630027
0.74142259938045
0.964362187259895
1.21886713711173
0.488731767587451
1.22638742111875
0.499504759577682
-0.519581679392794
-0.11084210165197
-0.00168585187882137
-0.295867202778397
-0.872920128631208
1.7300747713756
0.744895519792928
0.635530042285471
2.6466599871234
2.08030825542077
1.90617648954085
2.92186713997108
2.71384599020952
2.17619435539412
2.87499265273458
1.92831839570222
1.61152901527563
3.47756957579873
2.34931712038856
4.29933678181524
2.63891178586134
2.83254294427648
2.62485717745007
2.40199742808487
0.811880462385044
3.50007869934877
1.96122236461721
1.89245290457087
2.139190863907
3.4432027821436
3.05376897296128
3.08030679453941
3.16715811065542
2.39868151209851
2.11922422692649
2.67749503243882
3.78665426354423
3.02774693606821
3.40415260795202
2.04390294912057
2.53562328688307
2.18645840360322
3.10648971566904
2.19774876736068
3.34946724730468
3.80630936182223
2.79988550561298
2.75142798490748
3.09248541844849
2.18268424048844
1.99587046609154
2.61517033235243
2.84612950264903
2.98535870314559
2.82664858531975
2.4657807038162
2.44802561067072
3.51118764886362
3.09785624468321
1.69131517726942
3.01635445293909
3.01171161248337
2.99849116597656
1.71202936800301
2.20479558258794
3.47269646387761
1.55942779865104
2.62631203883901
2.62411253288688
2.62939028232745
2.74244229280873
2.93571411069668
2.52252220841085
2.55312440343996
1.58644938077915
3.12987259457899
2.9327974298971
3.10832860016815
1.97365225023882
2.82859731148692
1.65762269557552
5.3380295943169
3.03870751354885
2.28692084222012
0.918290833455679
1.70371781842711
1.70233010419327
1.52392242009419
1.81257511040762
1.30885739860767
1.98999729607156
1.89172053669643
3.53206736736424
2.70378365162624
3.48577927550008
2.47600510826305
2.03383075391352
1.52168175336441
2.76403658137154
3.48496624386395
2.3175697653822
2.06178514305083
3.36601840270016
3.03309708138785
3.42704905166915
2.20958718520985
2.26338556043168
3.68920455876762
