0.633673033569845
0.464862368089765
0.410455676093986
-0.214946509724773
-1.14047923737203
-0.466655670502609
-1.32903334709925
-0.542766793524754
-0.660906735631217
-0.069703742254189
0.942973851072361
0.559350937084781
0.729819220163712
1.17091879937308
-0.21304261070399
-1.40884959831472
0.0901072169506407
-0.758225389806668
-1.29674298116999
-1.68601128900415
-0.218590684780521
-0.837094825525038
0.694703647854104
0.592567655442172
2.05763484704037
-0.530538746565095
-0.878458056530578
1.43134849076952
-0.406568095136003
-0.416998289096098
-0.248822753118694
0.304353205190147
1.22393119187929
-1.82199716626847
1.34040291421601
-0.263440769238097
0.702378178790535
-1.35294408875617
0.498620753877582
0.333728590115785
-1.40394357439501
-0.555565784201027
1.88073933539189
-0.132587569895264
0.336169368126931
-0.378909946978744
-0.199854266355016
1.23814986158824
0.324531317106303
1.01723302448923
-0.654272079398039
0.270082971647286
1.16781589529332
-0.309019062425451
-0.735173255111898
0.416713473666582
0.17462822471754
-0.728636553118739
-0.137537889905694
0.416604918163784
0.770543788280673
0.12504892460081
-0.569561261358287
-2.30230598732216
0.00445283938006048
0.524105557127211
-0.806476054853417
-0.461174724854104
0.474110890781621
-0.791720948346429
-1.21979650345271
-0.126884079006432
-0.353879626034634
-0.495226552661446
-0.170232319698725
0.333326664931781
-1.65525250165128
0.674041812882812
-0.901278560395868
1.33229391046519
-3.09790252208828
0.68872143060754
2.17491154919131
-1.59148822293957
0.138162722868463
0.525206845016851
-1.56561669422551
0.283604960178434
0.538021446911745
-0.796981120446615
0.901433838405599
-0.821161473230446
2.15452959996209
-0.208741729684078
0.600025193603377
0.171550305497988
-0.235187312272833
-1.70764418406231
0.241405510998798
0.268941117607056
1.68044662417154
2.66958831715057
3.19398455117578
1.01520782128662
2.2704246207426
2.42838833337001
3.49346374660844
4.25825917875583
4.77747237135023
1.16051918443765
2.02274070633345
0.651269111392097
1.77163981615813
1.93246662010032
2.51321659873871
3.04588316923906
3.47388949247292
1.60455162440223
1.69828349075834
3.42295739746264
1.84005532985963
1.63518846175796
1.79311064474843
1.45978140407172
3.05181949603101
4.54407777194446
1.34835884849252
2.57973469781413
0.58172547621045
4.44960404555109
2.78283468222871
3.195431509862
1.47487034151089
1.63147788043726
1.47105211694266
3.54077125672985
2.35475688316466
2.56453737540693
0.407055838310857
4.07726887618299
1.53644164675656
2.25772230444574
2.00872707684481
0.443154096123824
2.14348940783309
1.82776787596422
2.16163764038431
1.31497925636301
1.19430131859103
1.39811697550007
0.0493316949014824
1.41441706461442
2.08597794617099
0.421597038994676
0.851158598197191
1.50601582718294
3.00085873489399
1.29067264369919
3.82365468720487
1.67929966594958
0.836188404499416
1.40121491714833
2.53380668951827
1.81306691456994
2.94017982989277
0.720909658943531
2.62970406159556
2.37794797787716
3.48069970310618
1.10849250412473
2.22010145159582
3.83322202651801
3.22145715529399
3.57855626185931
1.5135626859451
1.66736538982971
4.19797931863773
2.72035413134584
1.1183175334666
1.48238225087614
0.834595933453318
1.05248599092192
2.16488500366087
2.74189523691271
2.14871131440716
2.43875835048479
2.9175249628514
3.15074597491129
2.02528345083636
0.083860033987264
0.805627584110549
2.75486608042985
2.59169351542812
3.02714013436527
1.26267478097726
1.24664455476047
1.15604197638601
2.20994200810602
1.47731650775719
3.49797307620612
