2.05578665911624
-0.519396435473319
1.0172002497259
0.472223182470384
0.0941576164814149
0.206641828998135
0.113188879218265
1.03814704600071
0.170613816273298
-0.0569947392415163
1.00629553968616
0.363560033343254
1.93467993907546
1.83880933551075
0.680738011400247
0.80365582376094
0.317937526840225
0.891599806935297
0.677968825486203
-0.200926921951006
0.934970615394443
1.60744732935058
0.52016053749535
-0.162403147048294
0.3688638640026
1.14311929639757
1.01824358227902
1.20253039319639
1.62739813055032
0.0381166707525857
2.10964971427711
0.339113019615538
0.371899644700936
2.27656089729034
1.176923360465
-0.211572331179755
1.38052802852421
2.10459125182793
-0.15145664982862
1.0049788638841
2.03721322811086
0.306941973846405
1.14118300143355
1.22789592334309
0.317909718526027
0.383322986134096
1.50061767392499
0.0597025998708184
1.16557796725206
0.786778247187861
-0.104935167984537
1.17706468224088
0.917725579067428
0.629047132795025
3.27004425319681
0.139837542307804
0.748894224854892
-0.502292571276977
-0.318652676323731
0.828736430469002
-0.118478012171392
0.145707914738601
1.38127248366937
0.447094557890928
1.05161536661884
0.382511984805583
0.35165736889957
2.54426548953432
-0.486631708831002
-0.348601001827781
1.35101513134761
0.414111858442577
0.528258122973038
1.19475326808998
0.583196643434324
0.579119209589655
0.199165366856797
1.61850019235003
1.21681367300063
0.350155068499798
0.206017905370104
0.498911282754783
1.0369295109744
0.654980601033105
0.42323525886242
0.785171232601966
-0.17644073851212
-0.0734194198397681
-0.0845573720315947
1.17595291024818
0.952536770865969
0.420176553525483
1.33774465667229
1.00930681673935
0.0701454998151054
0.0229485951859256
1.4824597961645
0.860525717989032
1.92073804832683
-0.178999519162259
0.446171199482765
0.522789607740128
0.757511045810552
0.983601433123121
-0.0895180011715248
0.0901504353077394
-0.60812048207899
1.39957172340154
1.17636513094569
0.432101972679433
1.01434344404714
0.829478570254766
0.403940613493436
1.46152437114838
0.697358418843648
1.06709702174853
-0.046999091165913
0.654587419878269
1.4487326977458
0.534399951917264
0.789192788878152
0.228725655881869
-0.455712026087488
0.623777088579125
0.511609586010007
0.481294153058673
1.39118837025495
0.222848025676536
0.166999767877148
1.30972926123594
0.219197351900253
0.586143985929013
0.678276329278541
1.6572588147109
0.167143340364224
0.891921363189783
0.450200982761937
-0.0939802907229295
1.03098628278548
0.698778500140902
0.440887283125599
1.23553841454421
0.0291366255343924
1.94008372605782
-0.0340854458763089
0.467806555050279
0.344169487608758
0.257319616980986
0.571413955694929
0.245719471274559
1.40426739898813
0.0048271246797707
0.54419757932153
1.30837916359276
0.858772461379974
0.744712982837236
0.292361272935284
-0.793190896428152
1.23636376599686
0.566637601720107
1.50252812365731
0.584083799929253
0.650043457482487
0.0262094613525782
1.35240994962956
0.109276192394237
-0.134517230814219
1.84039552463126
0.165231815001538
1.39589828774421
-0.169874717314652
0.441835284356136
0.9031350455536
1.8383611542369
0.38576307078846
0.608355874896553
-0.362503640516041
0.903919086858471
0.466313582040994
0.456898923577372
1.38201099563703
0.552918200740323
0.0615873749758047
3.06797914706956
1.02677158680351
-0.244126867124166
1.29593676846629
-0.164942254923797
1.90008548808754
0.0190221376944997
0.634424867787119
0.191598702773266
1.86681961468244
0.143342338939247
0.709110219430884
0.824035618502338
0.327140750740588
0.00032143675567517
0.348227081244987
1.01216120492571
