2.25083727348312
0.327758909096097
-3.27725220026268
0.60082094051671
0.497669694108599
-1.98357036676438
0.592952620550549
-1.65502662338159
0.408472826544173
0.118772653945942
-1.36509581819833
-1.78279680246465
0.212873731634984
1.21661512596443
1.47529252367893
-0.124915228968111
1.54042367386019
2.34210760399292
0.319421377463002
0.132251896092712
-1.27628159089487
0.611242242276813
-0.305082206144963
0.160759136077587
-1.04921555998644
-0.843033504656026
0.80398045109799
-0.305905873959422
-1.74371478899501
-0.843252392889369
0.705672245666383
0.132103578846205
-1.30901162890766
1.77800460271361
0.224806517685873
0.62867104520134
-1.24570897151697
-1.08363416447276
0.242956755950962
-0.799785997688234
1.20510757141174
0.463159393724671
0.639776156927616
-1.83585572311446
-1.46458239164169
-1.06810241521526
1.29519529674727
-1.77219992203561
0.042100689291076
1.69538498601587
-0.297284939230041
1.21676627019923
0.467253819242223
1.6692292980691
-1.96740318786923
-1.48255070450499
-0.252044385262844
1.3921857069598
-0.365009647775014
1.27195432286478
-0.00374594585676099
0.704330365621889
-0.267511245328854
-0.81131589845067
-0.667541466987745
0.503078369920187
-0.40977008743154
-0.884365782861551
-1.29542797497262
0.252863752607023
-0.245991849822063
0.888603290590882
-0.496407076360147
1.90237271981745
-0.058158464792831
0.238440221538861
0.239904665242941
1.54592365291392
-0.685728048621091
1.33948936017237
-1.36858207813362
-0.240881971732747
-0.693432279334034
0.371945366576397
0.19680359178501
-0.24093313662244
-0.310941389185678
-0.355343777464758
1.66231653593217
0.174980032100981
0.166501474633821
0.532282385145042
0.117163903728282
0.534905270176807
-1.00038281768987
0.485873232184749
-0.248795116132554
-0.186529687045513
0.424200215534787
-1.41980516541193
