1.45519978157266
0.914555316495303
-1.84316731756666
0.701607354858268
-1.07978518118753
-1.06837283890627
0.277012454016604
-0.204813726325773
-1.89535518167735
0.276665556552487
2.16570297460878
-0.197338466531863
-0.279102847819522
-0.144381085620485
-1.06184212395594
-0.605861234819317
-1.23755121506175
-0.114197186506464
-0.495361118834942
0.0923248291580871
-0.0582358225656849
0.621462900286115
1.37384027513947
1.07909221024007
0.584117753850347
0.497801245931997
-1.59407215916772
1.83115639038233
0.909038689764161
0.72597335320663
-0.0700021998912794
0.508293799117179
-0.881962579833487
-0.023028793658082
-0.268254382745231
0.346590578002201
2.25626253144939
-1.95145518365441
1.69044302463164
0.146866631693715
-0.417485857431416
2.25100055483146
-1.48412724237939
1.65820789980936
-1.57400373140908
0.233807263849442
0.843094947433102
0.768738994392879
-0.196577552844938
0.229469959095259
-0.0256275601531926
0.308167477437036
0.422352010677798
1.23671329105393
0.101004255036934
0.300163656814227
-0.264796792334848
-0.80176450896943
0.0835590596349357
0.448923180589181
0.577191626171057
-0.225610794692435
-0.260641871208924
1.08602174801009
1.23109420587938
0.18405874400751
0.257234742249443
-1.39980347920201
0.395330417056466
0.479810969679976
-1.39480898436113
0.622677308591162
0.427167952660174
-0.367219049338008
-1.32741730471533
-1.27400070432774
0.367331554510762
0.443457408912682
-0.141998625079133
-1.62348160064305
0.162309736511213
0.858250700756187
0.830801050156864
-1.53984740248335
3.22213686719258
0.351158900005053
1.14306137221371
-1.11258903511771
1.08594336599118
-0.64950238898502
0.351941923747896
1.08875572811232
0.883655113825492
2.73244731412339
-1.78595666225858
0.569898454931614
1.10883047554907
-0.449178962909914
0.884141493355687
-0.00567167863246063
-1.21486078700121
-0.582141114239957
-0.0858029193795575
0.364125865769374
-2.27225138065919
0.717643217264438
-1.84039423746428
-1.20720989735027
0.0256510851737725
-1.31025057551248
0.451431664669126
-0.315261274451023
-1.04433503613677
-1.93341571987546
1.10226167109911
-0.0749587690121462
0.688701241282415
-1.2520551475802
0.525167420051546
0.521244766540039
1.24922549912451
-0.414214070647634
0.411800796436414
-0.599634775023183
-0.571952174909292
0.141021649792697
-1.14532156477703
0.658166622707246
0.995903247713606
-0.195639482496446
-0.0651767795888158
-2.25221764086979
-0.651013653664366
-1.57295239109784
-1.38899343466808
0.41158476370102
1.09241542974484
-1.58774434268366
0.00565436924249522
1.43197968884749
1.83276541685661
-0.499559278878067
-0.984373657236851
-0.200937800263426
-1.30974873282019
0.82329199804302
-0.805388859285291
-2.40927695415236
-0.421976581467703
2.426527601319
-0.170997208606143
0.518519967607409
-1.24195982404279
-0.167628075164199
1.49727029419595
-0.71554693575134
-0.63909494702664
-1.33393005867748
0.315082639602883
0.668708179394117
-0.334143096438922
-0.314092358436348
0.854440608953347
2.46384011754704
2.15134936653752
0.828603340390732
1.05676804177705
0.193488012635743
-0.587057202150677
1.98051678655353
-0.0795128898548945
0.530619253001395
0.580520489217926
-1.23552828043788
0.0120566626892632
0.0942993738123734
-1.06532184069114
-0.833978977235475
-0.626042496350085
-2.31463695666628
1.25928585585946
-1.3724834281676
1.23104167141693
-0.517916186679927
-0.955456419558351
-0.273473898674375
0.125183228795979
-0.55086553817945
2.82071734248281
-0.565591763689155
0.147600852743734
0.0700059557649633
-1.07269516416093
-0.00704105567896705
-1.18265566740169
-0.258400082575011
0.934664017810056
-0.476020263437471
-0.479451081133876
0.114709246548963
