0.641777580655067
-0.353543021999737
-1.47921780020155
-0.893085839013683
0.137242085674574
1.06532228557654
-0.068644383708307
0.38185851742108
0.218629873058674
-0.357591886017547
-1.08182685519931
-0.201217963798881
0.232693144117649
-0.534142725046525
1.83590914174455
-0.405705167516491
0.968469959234292
-0.391330861302769
1.05583425129942
0.133021335795037
-2.30173301053991
0.352860651669043
-0.778221258178153
-0.971052443930529
0.145046132034556
-0.192968230050407
0.787146052204434
-0.0147383838734345
-0.635878147664489
-0.076152138399998
-0.29377153705795
-0.482485983835972
0.478103484634787
1.63368212003823
-0.275422499682688
0.178503721923324
-0.715116742890305
-1.36092690927373
1.03681310533324
-1.30523348459866
-0.435862688753252
-0.0845746508260702
-0.600815237505352
2.82950670465531
-1.66963420801844
0.453264290025978
-0.248219826343526
1.9207357070202
-1.70797289788178
0.0716225347999066
0.812445153825643
-0.666068472750194
-1.11403714399154
-0.151630069527161
0.244338040468972
-0.131139827264248
-0.510974637062352
-0.72642058810664
-2.7937323200488
1.96482131280263
1.28176452447081
-0.0819267242960689
0.227790379472824
1.34093846122008
0.595933543798704
1.93584417556981
-0.820413409278409
-0.497603375939662
0.0681360682095689
0.892385990533207
1.83606588528512
0.211361556608021
0.483114984371864
-1.37537763003073
-0.242599984951211
0.636421712631002
-0.307404296590067
-0.534172198859296
1.20151333895585
0.867902819106144
0.784198224701092
-0.386676120929248
0.202776115515179
-0.057515873460573
-0.406789202180168
1.84425917812499
-1.52580185874395
-0.642930674790275
1.19128009182649
-0.662188852581029
0.79427376480119
0.481074390662313
0.41139764177979
-0.365518455116887
0.717940061164828
-1.72746812273166
0.525556169096883
1.61841777610593
1.90434166878476
1.83460434526037
0.280113986578358
-1.7232640267996
1.28436506345521
1.83393039221568
-0.680899290717377
-0.120937495964443
-0.246422325128477
-0.355315324037494
-0.889565248769962
0.0472244175401283
1.09172779614265
2.04699646028885
-1.3904728454368
0.746218746938122
-0.646327927419532
0.100845016647637
1.3131180328033
1.10656949020507
0.161265829967216
-1.15870995949991
-0.400052872473779
2.01036841340397
-1.47666058282234
-2.61558771110124
-0.0109342629281379
0.89187291537738
-1.56293286106633
-0.238288305253516
0.831171472447834
-0.512694824077582
0.505206153643676
0.392698668737235
-0.796951629230464
-0.5202355460523
1.16842201962527
2.03800831126952
0.247298641174769
-0.752044441531063
-1.11090476338554
-0.584482933655494
-0.143165338120014
-0.373487295986718
-0.818437505595406
-0.638813388568042
-0.390285021454129
-1.05740324526933
0.197573964393787
-1.29891796330309
0.395349089693049
0.349377181246145
-0.717791066266993
0.144167012379174
0.968753714784692
-0.185763282827944
0.502455473094513
2.35618191018995
-1.71026951929359
-0.516466530275078
0.532247258999313
-0.601120924352459
0.579450428666644
0.786004215727198
-0.302327372427967
0.269940386686023
-0.948223202924473
-0.43367697729928
0.219177960857124
0.410221009306062
-0.502648423394692
-0.779246241704338
-0.161983355628311
-0.555456133413826
-1.65589895014713
-0.305319149621093
-0.838975158209354
0.21227559018063
1.17190811823638
-1.31490542215421
1.16216213008628
0.478745571543519
0.281817160352083
-0.0419744326294572
0.829722088425277
-0.425344712592148
-1.10391274725075
-0.469186744379091
-0.790419833632267
0.882720447636685
-0.0186394442187359
-0.546104532956633
-0.424914590829078
-1.22932918747591
0.239841984875087
-0.297400354520918
0.36355905554427
-2.00564093244894
-1.050432431719
1.02281096125282
-1.83782310609488
0.338948848081425
