-0.987039818552391
-0.111444195777895
0.407981240325082
0.611493396865323
0.897014682437708
-0.712184787951449
1.25667432711522
-1.9491342487797
-0.175585222381803
-0.363771810814309
0.794608310402079
-0.413550976919502
0.764295728183205
-0.390582517361196
-1.44457491543182
1.01199006086588
-1.25758226031756
-0.772781925930233
-0.548400649565406
-0.831486611614112
-0.346594989050491
0.0183494145017205
0.490547838712211
0.458418789673345
0.515193560792815
-1.49834328924612
-2.17552929500264
-0.180682336796868
0.931008383811288
1.44697353957969
-0.956331977471724
1.334876366565
-0.660386464149461
0.160491395444124
1.56309655775235
-1.12588166390244
1.57427661244292
-0.0828523804666233
-0.146307404218301
2.03843941743244
-1.88945587419019
-0.681749698507459
-1.78923188369747
1.37424232505963
1.42537512771442
-0.827183775829455
1.61949411566327
-2.00759473965839
-0.594992947486905
1.0674509395873
-0.473006774266958
0.0237665765513861
-0.478458431694813
1.39642788609859
-0.255186048898559
-2.43083952347913
-1.48846549939773
-0.225674384901151
-0.814485957399001
1.1172499922485
0.0910762883113828
-1.20503661146864
0.598913707815988
1.22890534575792
-0.749733302407305
-0.0820290924166301
0.83334297719409
1.19850750629697
-1.00906882791287
0.680982808382284
-0.132361284344409
0.662269290081212
0.666231674970375
1.30904354803012
-0.17149261081031
-0.738104580594532
-0.68013206642943
0.962845547456976
-1.12043727733963
-0.960368766910775
0.286630751348634
-0.367461995389296
0.335467510867231
0.731854163884859
0.458508269132304
-0.0937991238499345
0.687228930727023
-2.78172116325486
-0.648705563262406
0.175351822367236
-1.05441542134221
-0.201454944982248
-0.641089152415478
0.24975586587571
0.675785956393287
0.211947108293477
2.01279365374017
0.233790948581618
-0.0741432016837112
-0.481415648210473
2.38880499545532
1.6096499422923
2.55348061272394
3.17636799336305
0.768026406250715
1.9937740301639
2.66428359626819
2.37057336486887
4.34144408186191
2.75489844955015
0.17807530102793
2.07419218591011
4.28395782415581
3.32450253488267
1.48472015099488
4.53285087358479
2.81574211693428
1.84502897693252
1.06771637917235
1.2778784574742
3.54481120712199
2.53547436690333
2.02059647407892
2.09924949316467
3.98786061472322
2.59273097145297
0.771805136737479
0.73533922469077
1.46379298294086
1.68583144625668
1.12436007883707
2.37011098320488
1.67572730135609
1.67724902191456
3.00452789621936
1.82282242488488
1.55394739005535
1.57704097341713
2.41924967542768
1.86132545285609
2.64139926265478
1.71823666447798
2.51005490520015
2.44095990175773
2.58363834845139
2.89616979629761
2.02974733058826
1.84261462323936
1.69254591036059
2.66072670810676
3.55158573277052
0.151236245108115
2.61919272307615
1.82784708435
1.97348510324947
1.69522048841276
1.83172307081282
3.19065201756835
2.02711332588797
0.625156321242178
4.09635049123279
1.54565062709095
2.39706395814502
1.90882000868947
0.820648114829257
1.27512972519519
1.63833203173463
0.415160174013648
1.89379257144894
0.876329577634472
2.49398394509717
2.3012843100103
0.975413289291211
1.60501173065937
1.78772888341888
1.76653964893761
2.64881756716085
2.27881745249145
0.468846494674397
1.18400678925682
3.52611370767728
3.2411160511273
1.94964348708513
1.78294957216837
1.7324417303764
1.5132229482255
4.73062961762686
2.28770655939557
3.31314667043664
2.58852806970651
3.09994236975438
-0.340314417737842
1.78850630504099
2.99731089423991
2.6877976136033
3.27129855500047
2.94096879635974
1.91362937408498
1.53476037577884
0.641681331322082
