0.358357899175746
1.27383147126623
1.08569169228648
0.239773655370842
0.241529045745228
0.589825446562161
1.69508420358478
-0.258751092656355
0.735256222072998
0.707536121269134
0.601391634861509
-0.389030851821523
0.407098205732667
0.653573849963321
0.228867553737308
0.668533701302354
1.19569174495882
2.0904059253097
-0.0853464070822189
1.30886481736554
0.86418575354407
0.477812586792111
0.472011573702839
0.0800675239353289
-0.328547437631658
0.945449530841035
1.57276491554753
0.71891056842902
0.645159063708315
1.00007414310798
-0.185875422188244
1.63907876321512
-0.031719141237406
0.785551281520134
-0.0670405086669402
0.585748817268476
0.364553272906882
1.67166132260997
0.0948726762411997
0.85825232563267
1.05464275923017
1.31543544036141
0.639218816703137
0.628773397129024
1.71246816833035
1.12255179202592
1.30749400466973
0.663197354841573
0.186674872174346
0.243739464968707
1.01395379226148
0.59387593233442
-0.177548845697532
0.595362275247295
1.15160072751513
1.27653455458757
-0.11979799441536
0.740456896962866
0.494137418804528
0.409080544239023
2.37152303485297
1.44874324449464
0.808269377813038
1.0835529052288
1.29986937504682
1.16685475157254
0.576418607400526
0.114254877095683
0.255266645971776
-0.0337973788408515
0.340878918025988
0.792955877602689
0.264542013625332
1.62114891874451
-0.529372899601516
0.161474775661104
1.13144176112173
0.771285681792963
0.617125592498866
0.586363455719227
0.548929901005675
2.03538870798648
1.04374866938805
0.743991773848389
0.153617372693928
1.14983134967871
0.112347129494037
1.16180361485708
0.472586907317297
1.47987884614063
0.292021380626389
-0.0987061288338235
0.43915364136414
1.41390595190476
0.573678065926775
1.57799109178391
0.356030935203623
0.549530482348553
0.557124405207145
0.712089432335295
2.47413317256158
2.93430955839467
4.22507019052415
3.04195357134326
4.3420694827282
2.98048786703246
2.989737608565
2.68533380329601
3.46194100838979
3.00828582052291
2.64552355419487
3.05199932299418
4.76140517949596
3.52524682742618
2.50529451361839
2.56676770249631
2.76816309103928
1.67641035034806
2.76714607682439
4.03561494616344
4.17488305386437
1.98104040593823
3.01869525584163
2.41562532794065
2.45688033968179
1.61288017249367
2.27746032212131
3.32112837856625
3.27810715215734
3.99261393566372
3.46248466647462
3.46674776059032
2.25756226150571
1.94770215064476
4.67443161905277
2.51236798799235
3.26651979308097
2.51343656628514
1.34070214411553
2.11233255031843
1.6889155247531
2.21101406711559
1.78824263721593
1.80048643947657
3.12062785862783
2.41511133550127
1.86637462369641
2.67831379234567
2.19742501105051
2.94977879040303
2.63296472639397
2.67623610304361
2.72497143857854
2.77078915734666
3.22079568677849
2.6538505170614
2.37316026493692
2.82248088873449
2.81371360015342
3.17144024082625
1.93050265187249
3.46253167002224
3.15295069285828
2.23554230209921
3.48333116107477
3.64163591620853
2.25365653645173
1.39756599735682
2.66200837897191
3.02896591121323
2.43994314178386
2.33457788727637
1.70639578673261
2.89689724714054
2.65285791394488
3.20622960457809
2.63754614559144
1.19483252022018
1.96826051207109
2.42258885701114
2.03124972692786
3.2937428151297
2.6239850456276
1.4227170118292
2.59608299783789
2.49231294763929
2.63904194784759
3.00775764397772
4.10772672602209
4.01033618410927
2.78799100799886
2.52384055387711
3.16043136826558
2.20723965980201
3.32789812713708
2.54512991840561
2.1430981401984
3.19631105062691
4.28445976668604
3.60075935068334
