0.809441396973872
-0.881546909158619
0.332761901728396
-2.10576400055013
-0.210396444532918
-2.58747451329141
-0.347353353079114
-0.174681010208073
-0.00247709197360623
-1.58015410178824
1.35117255694139
0.346589998211359
0.359060981719424
-0.968253857582183
-0.834173816425057
0.929944991252141
-0.364022243645159
-0.255574695166104
0.264748734744103
-1.67716551228728
-0.631826352842697
0.822669252680377
-0.33817476636406
0.299859428497977
-0.951809972336985
-1.01701287474093
1.78447432268756
1.62586837815551
-0.267138466671437
-0.586116427526306
-1.60761971593604
-0.373967555333284
0.358188755257642
-1.1509598936123
-1.24186843440849
0.666567663356258
1.40322227719563
0.199342646438185
1.4725033630491
1.06766457536836
-0.0655885758027
-1.91257101809996
0.993353373827429
1.81043787976183
0.0379228144379217
1.9401029642562
0.0664098423734223
-1.00017760834569
0.721854386753656
0.230862241600927
-1.34916946634404
0.394713331805427
0.630950876444797
0.91809957322596
0.701346951391769
-0.340809920321428
-0.223941275009196
1.65200071873175
0.392867271514385
1.09962358471398
0.406390426738502
0.350576158732833
1.44657877161803
0.98643951895917
-0.000354620643563807
-0.419329471948648
0.0939739728372667
-1.03785819950533
-0.0144668047747737
0.412021839811066
-0.230212684357684
0.677604454831801
-0.00108159709473792
0.422338637156254
0.532525179723866
-1.71684184651582
1.85839306925984
-0.227391730540443
-0.814651805205877
-1.14380922518728
-1.73986025340115
-0.617013984499024
-0.443400525074677
0.765193142500584
0.806990280113569
0.292845395924677
2.1988505083883
-0.186716211197404
-1.49588089558236
1.3064444376374
0.534319827238691
-0.982791555777875
0.459357646226721
1.05974938337946
-0.317974750576222
-0.143440062827335
0.685054730675843
-0.571533890540905
0.33880363112965
-0.28193444668003
2.97827061881153
2.27189696339516
0.294578754488039
2.0589777549345
1.91200753617395
2.1805041557919
1.11735748727155
2.93881693399488
2.88462026273263
0.581771154898858
2.09852661282012
1.78356322697256
-0.51190370420271
0.806359874674629
3.03431909188004
1.68311798676309
3.61736705199217
2.34278562140524
0.947420781898562
3.48793205550665
1.82645826463826
0.714661077794618
2.1582638019244
1.8329653513628
1.28599706655171
1.31309058402301
1.43945193215572
1.76769733543038
1.97318813314618
2.07172709052157
1.25970903332599
1.72478042204607
1.65213012190578
1.22958269670318
0.204884995397575
3.53320501783635
1.25796486346401
2.41053311497336
1.50583970583833
2.27488239121743
3.50782243470966
-0.673073652590846
3.16651393808877
1.9857878181761
0.550020123870605
0.983200242398756
3.86269069028499
2.17843776945258
0.483961952428303
2.36827536462127
3.19783966396571
3.60902286677241
2.51025005702317
3.38435836729875
1.65285620540723
0.681276945925451
2.39531764786741
1.91663061899672
2.92053135489179
1.63750997220295
1.3729518893369
3.27753812827649
1.4640971587705
2.29581140529755
0.265209264169247
1.03230215155151
1.49947772161527
1.89636793065173
0.854726672212211
3.69035486313143
1.93041494092528
2.0007535527093
2.93474706157766
1.68697371269385
2.73999772601156
1.82336937706386
0.104033520656826
1.54480794481322
3.92752036525161
2.22859592172003
1.01591353475646
0.238267419190827
3.1303801044698
1.45919608780701
2.74388248871339
2.90381900906843
2.97628828953133
3.33667137022281
-0.244950165232268
1.64375632181037
1.98924377391337
1.81572017300459
3.14045900346373
3.67869701058796
2.14036490732996
1.31407155471564
2.58139257697316
2.54456361818168
1.56415994930381
3.27976210525115
