1.14835226154537
1.2218488720257
0.0702912893611716
-0.148113111757762
-1.9172846595424
0.156947170776933
0.626415866594581
0.720419758159178
-0.285884888679264
1.83353026238723
1.14981590364096
0.986043064246138
-0.912293113672383
-0.799864455240585
0.15222856497019
1.01928575311094
0.178085649559755
0.0165818623001109
-0.716115749355877
-0.493028286864034
-0.0290512091419816
0.552363713845029
-0.667103641205006
0.432360081903492
-0.243522785718522
1.29529440835072
0.669554142909992
-0.516108189756583
0.698783107425447
-0.639242317556239
0.852629656856353
-0.403292197536517
-1.26224749956465
-0.00337521797981789
1.12207891199701
-1.24155627418421
1.10032262320399
2.62604638119336
0.810158898618252
1.37799441876699
-0.0374241967944891
1.35225870140992
-2.48239202803861
-0.816034217566497
-1.27196244616451
-0.51272904363766
0.505134366810621
0.569512217043122
-1.22611059774774
-1.63649352794468
1.02275273243181
-1.00329779013011
-0.436543759839206
-0.595643945275592
-1.03599836525796
1.21037976386179
-1.34825057247167
-0.494294696987945
-1.86454080837013
-0.230518036636168
-0.603019957023329
0.431819194458856
-0.0698800297670194
0.255598485548933
-0.683827994558742
-0.310944917418834
2.65738848853511
-0.0454993481386293
0.583577069180776
1.55506500754
0.311607962242683
0.0175517665398681
-0.506765615510307
1.85041947931057
0.0927966595229471
-0.293623581888932
0.172031401969923
-0.365601803950841
2.00672508056284
0.109048351030738
0.122230897543021
-0.298493493088229
-0.711392598305821
1.45291181187223
1.10275755266459
-0.161178443878748
-1.47648834464095
-1.97431581161938
0.313502824576276
0.354643386145587
0.880235186371487
0.0620976039935017
0.593421425074665
-1.48543714884247
-0.616992781264901
-0.149140533944085
1.96368332642541
-0.782949992056674
-0.00898109762022993
-1.5319368744411
2.61106924805778
-0.19873482134566
1.6029949540848
1.48387408069727
2.74528704268509
2.3708603269515
3.04772534552211
0.958416263711991
1.72245283905442
0.330917111166147
0.598021645952336
2.77237004836045
1.07222136997597
1.04204538419169
1.04052402128972
1.98489133033652
2.91455716830518
1.91795119622642
3.35159352965239
3.10314613471642
4.23429563343655
3.27484479993068
1.42309614698444
1.01768534233416
1.26435377469332
3.83200079453468
0.652632220293356
0.436633113566035
1.966705626057
4.29634261919426
1.24475450789104
3.00408672905788
2.68921305642345
0.938855205280161
1.85039872927182
2.35320536944515
1.97222909470693
2.42775111140045
2.19382191946132
1.86406490436987
1.30397608376799
0.551400890390562
1.43829660814894
1.73916104329026
2.12213411419974
0.51460409993718
1.59750245269362
2.21653229837096
3.80623150050271
2.01419951587335
2.67769658011965
1.78078678843371
1.48801351016607
1.43862717051352
2.2872914291162
-0.278427550659413
1.27006049735211
0.355519982584497
1.68183033179719
2.79216155356251
2.2872962783267
2.12175823337237
1.36061840433384
4.15464639434989
0.38992387523141
2.00436604366811
1.13440599810815
4.02280679764708
2.13855880981002
3.20119657406096
1.4578447383731
1.38249804210806
2.98959731621865
1.7666746573414
1.57209108725426
1.35119080728865
0.349085796951849
1.67071748172992
3.62699237630515
1.90514924214871
2.46884159452306
2.27817560201558
1.79750043599717
3.56529678350966
2.09927156106938
3.39323239340621
3.94023740713391
2.28620689321012
4.2120768020001
3.0071090101032
1.00746994911992
0.886015359590079
1.75554263513554
0.885200525841157
1.85830326866401
1.09388153754379
2.58453411268727
4.02045129745269
0.727072740026392
2.92058068338083
