-0.0839325531350117
-0.86709921399671
-0.296573470333979
1.08768447923917
-1.07798581878081
1.53295778009955
-1.10469857517809
-0.872595322322723
1.30781694240472
0.292532861993288
0.14919111805523
-0.592493755745344
0.766990236887202
0.711717501409041
-0.724153363089288
0.516811562414553
-0.0639435006856241
1.18685504134294
1.64033399050283
-1.16293855268437
-0.183128575617042
-1.71098311990521
-0.553286298118648
2.43661371082907
1.55686483457255
1.48546692158279
-0.708270851855034
0.487791894943278
1.2797954988752
1.51206014009273
0.0781869132364004
1.35276888993742
1.16303179795748
1.34392009623838
0.788390035135278
1.8065654982664
1.03249988229366
-0.71736092200655
-0.943992883628996
-0.323434011533739
0.945326187911562
0.52748119090627
0.378226901249331
-0.326755126689815
1.10130304510624
-0.597377233934486
-0.791678724819871
-0.630506526362349
0.0318529591684995
0.0677245516691844
-0.624202284446179
1.05814098920206
-1.55819915526573
0.00933839827093055
0.30401582222569
0.276048038700136
0.122802874853268
-0.705340474300526
0.691473101351097
0.263647356518063
0.831551646396663
0.512716488739024
0.223749398858275
1.14530000287073
-0.12961134880351
0.474825079471937
-0.459076249509927
1.85390342177861
-0.917623318500795
-0.0789535065097936
0.379693297727213
-0.889707302553654
0.202854623813552
0.0877967310379357
0.341897652954482
-2.95903416936829
-0.727185811288526
0.649100913508489
0.493398335897356
0.254604731610846
0.375983216579953
0.607381384006922
-0.849980402810141
1.92802738177913
0.546012332823506
-1.14579244834321
0.0927101045043561
0.281034720918432
0.650968838019319
-1.70395193882184
0.387065028123779
0.0308967843049057
-1.36160835173935
-0.911734293833108
0.46199510798756
-0.385596497336125
0.639831297231202
0.637877241339653
-1.14087909884158
2.33217078749137
1.22136404861745
2.0183384608601
3.1143062811332
3.11453610623539
1.6206404646492
1.82421170371869
2.52449925002193
0.605190242852199
2.90104855527313
0.613728572874804
3.86275045816802
1.5832342055169
0.625396351681663
2.5538913712523
2.85593737497835
3.74428938578674
3.20215967558057
-0.66567129124374
2.01922179377338
2.78949830610677
0.83159441884568
0.935210594995012
1.85284694614715
1.99914823231996
-0.413947196969999
1.7098787294806
0.755187483094198
2.5789399197709
2.30793765614696
1.26480628403863
3.77760040508986
4.21494042784528
1.21701485123269
2.52156806497058
3.55197605024178
3.395600937689
1.0513820651894
1.96764804446977
1.36986312363566
2.96310134215478
2.36916012640428
0.933157769639747
1.5804355939157
2.94026059912565
4.77377820166996
3.33040045670676
0.369265305369024
1.48190749639438
2.25715840120144
3.65304710233432
3.02324553226401
2.76330837742239
0.847463889490594
1.40142192560569
-0.515754738957678
1.66807395296479
1.14999906703177
3.78847290089786
0.126509080584308
2.94370718133993
3.19302906089541
2.25575751100771
1.33216029084415
1.33626343534198
2.31539857667794
2.13630715371357
1.41530410208421
2.52703140801678
2.6759610580892
2.30162528017908
1.71242908173692
2.20748093837742
2.83871105609368
2.94202758297639
2.12201720866823
2.02335218252878
2.43302824571229
1.02962443997841
4.06457396252543
2.03606063356212
1.88407808443824
2.21198553712577
3.71878537124208
0.944098373370114
-0.382523806333615
2.46426123454487
1.4241392180164
1.88552161005185
2.29496839365507
0.698420202338082
4.05392202051437
1.38858828374126
3.06018208291878
2.17800396499326
2.28340450256433
1.32154408375149
2.52226693962607
2.87776968867094
1.66813375180214
2.41793632274754
