1.68701167111111
0.379412114143942
-0.310722413154156
0.744078070775844
0.180151212179224
0.901072581227815
0.810775209867262
2.24617533048167
2.72977488506197
1.8345326497703
-0.176097633203396
0.446134307849342
0.722767944649845
1.10430996704638
1.5152903942629
0.182489957255034
-0.204649933190346
0.536835481087064
0.861863537913966
1.02644283955983
0.2839721611284
1.69334446975165
0.234021262997276
0.0824011173951984
-0.463499643448862
1.29559235157082
0.438110847132719
0.482548349464192
-0.0743505680753756
1.70813016143031
2.25526936538144
0.450221805870292
0.970292317965539
1.60767737827754
0.338157385025044
1.10608811628946
3.26702269848032
1.62585881338952
1.34201777819195
-0.266456551163847
0.409315258389729
1.24253370994906
0.827521293427479
0.0190602793931992
0.993236171620873
0.748189368592731
1.12014498899018
1.76563651558202
0.429812591562079
2.7901181746429
0.806205829799611
0.392572670206067
0.916900930516857
-0.0989136616182112
2.17961843718953
1.61132147497208
0.151792988939467
-0.143967749639072
0.164014939643793
0.92436112073264
1.43156553800066
0.124918171688132
0.960240931416512
0.395449989379823
0.0530612501789102
0.587190235149241
0.201290354914775
2.08888240830689
0.360316997268838
0.748328671735614
0.211853099981654
1.82801500113928
0.804744503943305
0.672789740492916
0.313031877201844
0.877153769572691
0.749786490664345
1.04612462651904
0.451462157725222
0.791027537177302
0.162664713482824
0.184995676011247
0.969093792239445
-0.831529189186742
0.970220411378097
0.41561257191604
-0.100036938617092
0.577937905763651
0.553236436754745
1.09958057941572
1.76421715876137
1.37862159183522
0.822284360624957
0.928661696788404
-0.0728176874495685
0.0300261767653068
1.24254342092206
0.893142206996724
0.651812449039397
1.260407892085
2.4252713364324
3.86120803210044
3.57656791093621
2.12221800594128
3.37189317946532
1.78968285874357
2.39633355058087
2.90540438901424
2.46624853616281
2.41472854437609
2.13807686569796
2.88143151728747
3.11657311022066
2.37093534857008
2.79050142037933
1.74466920955508
3.53908738549031
3.07083948530111
3.0603225963483
2.16098329310738
3.11105440504754
2.38264232758624
2.3247912076692
1.71229900322267
3.83089155649984
2.12363224340283
3.36087571842695
2.09453977507233
3.63760798443468
2.54966586351521
2.50628101963171
2.09641684465419
2.86862965374133
2.04409913157527
3.52168488123794
1.81883203625441
2.83127343227477
2.80021278133367
2.53879504201899
4.63394809671841
2.41306071193067
3.17389518848487
2.65411448743509
3.59541423003258
2.28587223359937
3.12845137719486
2.88421008472701
3.57194660862583
4.39508209153683
1.84286034055751
2.90397383623877
2.39404505750683
3.34265724540157
2.88490317905196
2.73392890416412
4.42786147802007
1.59371290586764
1.63822654435833
2.2377985268942
1.69736379292627
3.04134859901986
2.55066443956663
3.19648683270284
2.6970745776643
1.965902765799
3.1599564266955
2.50857031107421
3.06942271112401
2.23225365276064
2.39482152915823
2.79916487267784
2.57611055544886
2.96214673708343
3.38767859265077
2.40171516868023
2.8883708941311
2.13189873512977
1.20836842397942
2.71016421618757
1.56695982104416
2.11582987505982
2.28374291345893
2.64597769307051
2.60424820305105
2.98092681916231
3.0165270524203
3.4466523311787
3.63190641991271
3.25842587365023
2.77945005663312
1.64692057897279
2.55780842975771
3.77146831767769
3.70562326085949
3.27280517409293
2.33233731820108
2.46080205339357
1.73250146573617
1.96931759972183
2.29502708567191
