-0.230085383692361
0.035357187533766
-0.18511859596072
-0.128558336663462
-1.06935896944254
1.24096871377241
-0.757414309325079
0.0503681234915425
-1.88756166548735
-1.09880195996134
1.28933941475002
0.98816562047276
-1.24907144913993
1.48368174648597
-0.401404924372325
-0.211621463515132
-0.690147907818349
0.614804227633598
-0.360109104555428
-2.06945870351585
-0.366689694779912
0.272138891159159
-0.421366996178938
1.33197368906697
1.56894763500165
0.844756289449053
-0.0336044598031268
-0.347521456066728
-0.469041681153478
0.00211667410349992
0.752356459868495
1.45757965952782
-0.405857051035389
-0.283823789943647
0.0394572002084646
0.470060745974402
-0.922357240668751
0.503971711202492
0.156360649444033
-0.593061642603324
-0.51151547435172
-0.257848907518938
-0.407983987443995
-2.37046215054867
0.363620504490186
0.168279156728815
-1.52758700084236
0.977591165753823
-0.29758784973792
-1.55846931108234
1.25042255680864
0.586916811509994
1.32264560192658
-0.16690248076745
1.03855929893625
2.08774553944166
-0.310893146526173
-1.03123870290659
-0.292449293749162
-0.0445156536867044
0.830338656569047
0.369858192645161
1.89858591806537
0.368764134400864
1.93396226113604
0.820356157768521
1.0700144224746
-0.66056005186644
0.557708092414354
-0.265861856934337
1.87915511582944
0.40743554548066
0.587865762638212
1.26184146376886
2.39251117927917
0.584050321094293
-0.0363321325502777
-0.647044377158981
1.48354585818218
0.235028890009456
0.0694834588517897
1.38301900457379
0.235492328021125
1.11467142398385
-0.33195215023446
-0.0365313841073858
0.133651246486855
2.28874726470609
0.889408757890452
-1.06696034228976
0.417738479478243
-0.382498821830172
-1.32347363800965
0.958325945916607
-0.488470226175155
1.20015011950799
0.682485703140144
1.0325520689926
-0.254897273253753
0.506515526122024
