0.0662721896813339
0.84403784621073
2.33933653124538
-0.937819203965698
2.13361282656177
0.58037031970406
2.31480431849138
-0.28363200420867
1.39522877648279
0.639111839310516
0.523276310712834
0.343448985846052
0.63471672646358
-0.364629040379122
0.978083623983292
1.46385425445335
0.772188859242844
0.456296681392583
0.909077751984219
1.12269049819219
0.894280572904265
1.36456451399839
0.701727471094214
0.516937866595193
-0.618410466168776
-0.693661802909131
1.09851083240822
0.388208941673431
0.677488149187817
0.405596116334062
0.737659211077079
0.730303274101891
0.796938973028825
0.43352134008157
1.57481558529371
1.60845179573416
0.132793209581993
1.23775606789411
0.0424117812680747
0.155232579147431
0.915860628845421
0.413018858746236
0.0256243473348554
-0.696124105911085
1.9017353802699
0.432850108960319
1.09792838888759
1.054613424413
0.549035347282646
0.488659024999544
0.358564288593965
1.13629175100215
0.760105631290535
0.875354468637777
0.148656876305514
0.969313207489448
-0.254594377989575
1.37110417212028
2.36544495454644
0.23965351924795
-0.358240950004155
0.328840399710201
0.62801171818457
0.97523583449105
0.157133935097356
0.826266072619442
1.39546981282135
1.65888381790398
0.40519698799312
0.231210324059073
1.04642393846709
-0.637193047319207
0.897815473437465
1.20574568216657
1.13284316358387
-0.266588974391496
2.21400320744948
0.414632298291019
0.436244627421996
0.808200941847879
2.82955409786583
0.769662860527466
0.912052569626373
1.25534955497212
0.846272825279528
0.317522092889996
0.490546548332348
-0.190652663454286
0.632969873009693
0.728569282131646
0.765423009441043
0.115171117141996
1.00063753236356
0.844588994743478
0.978242691729499
0.749973835946948
0.91291234523634
1.42941294672074
1.77619049909308
1.31442467318344
3.19235163785307
2.29434609556047
2.94149487431618
1.91393286385924
3.86962204452632
1.63227732121697
2.39796754444572
2.34676636832837
3.50119673651863
2.00074944349646
2.58705324977371
2.77775549372139
3.16927736483086
2.24052142136548
2.78081289500555
4.40082898225861
2.24533373704787
2.79437501587042
3.71158234270806
2.35700774459053
3.79627194831475
2.68923612372248
2.50835530626718
2.52179446205934
3.13301940563222
1.74911216609658
2.4767582825913
3.25256984042291
3.57668495390023
4.311285929776
2.41304972316427
3.47528158150866
2.98420703970068
2.40391176134258
3.80811110125988
2.86268101240233
1.58575025527868
3.26413891473414
2.29970557885513
2.80391148740934
1.91213173198533
1.95953369385014
2.84027275809225
2.0364500170021
2.06783984457945
2.02538770610692
2.87147764304924
1.8686825056248
2.75039679746522
2.2813404537656
2.37674856167163
2.8800377314762
3.9716975725942
1.50909892048061
2.04977047767509
2.47835406678407
2.6363871405059
2.47893818784974
4.09465540656603
3.6714289022014
2.96149812327826
3.50403217607398
1.64678145559254
3.38017667660991
2.08708841440013
3.28355185112433
2.5916631807244
2.31767449286073
3.64686193667246
2.84992646820366
3.21347301262403
3.72090058314516
2.69297362056613
2.42371072160181
2.62291005838147
2.00810759661537
4.15229310997603
2.27265163451864
3.13693952609663
3.39982870475274
3.85917795976585
3.05393492019881
2.00902700982819
3.30801848533112
2.15523959357737
3.25162040743897
2.75980871830605
1.99389706224997
2.49205763699457
2.25829248516938
2.69435102169994
2.5416486315519
2.82169965821728
2.96087789588625
2.53760393833581
3.35851819809915
1.91664233139335
2.68818880703717
2.35274964837448
2.4148006115975
