0.746162235821783
-1.32775970900351
1.07442716509678
0.156387263287068
-0.465936494682727
-0.422158105604792
-0.758900987268357
0.955006954647046
-0.23242369581534
0.621027847642305
-0.321058937337803
-0.0111212464769709
-0.846706814856094
-0.0759729110396706
0.500405002282059
0.629674531773763
0.845086481037903
0.397131236044842
-0.982910350279281
1.28461937983649
-1.76633565360479
-0.714782591682949
-0.00409432243477452
2.87769046841829
0.969998238077108
-0.967195474387621
0.839301676911956
-3.06833141712643
-0.57625602325687
0.499147859365108
1.47047818306825
0.433402049549667
0.35914673319267
0.0307833912091674
0.520759729172085
0.408875395416872
0.489558418953192
0.631993646258585
-0.514608376413362
-0.199692532927524
-0.988780678649874
0.834489378730158
1.83312856181338
0.491790188349979
-0.353568525695851
-1.52682975334707
-1.83734471017958
-1.17998542672494
0.277756110384445
-1.29539407756416
1.07861819757157
2.20240277097359
-0.0960950341815207
-1.06973236235872
0.0602871372900948
-0.885632907742484
0.344446853688025
-0.030491179589555
-1.02973934769469
0.332133569137455
-1.63107246037265
0.920665057960179
2.07771904519261
0.49071029660038
-0.355040081831077
1.92916513274029
-0.0890137095434146
-1.03600092997945
1.41948795283533
-0.82616020925825
0.555181463544283
-1.77718461660347
-0.586244358570059
-0.134638945073877
0.54152026533584
-0.10646115982821
-2.24509795483465
-0.138963140831888
-1.5915513537301
0.186156323789148
0.178394719431239
0.449836392530633
0.486868867240608
2.10972744837826
0.459772400156491
-1.39656617763851
-0.176733676023551
-0.653247271244578
0.361444953195847
0.834783219139391
0.756004989696708
1.06050677482019
1.22229233892876
-0.756120845983834
0.702295840686924
0.906979981872369
1.54599918485685
-0.467022972638733
0.195763394883956
0.57432941741199
-1.28201547073501
-0.730819680835193
-1.243276649857
0.0307385412559664
-0.640090718369649
0.41606986016713
0.341773154771362
0.261084897522961
-0.455993333521882
-2.08602717705081
-0.112028836652757
0.0841005332764794
0.0777317137737239
-0.37450616243165
-0.649689411309997
-0.617181895913288
-0.588151168297176
0.853973694092441
-0.344374443349129
1.07971011843651
0.326763841410775
0.360568321785223
0.929140830417449
-0.851690311850779
0.442463970991705
0.70439857046493
0.977494669653233
-1.21994254874265
2.00264824108781
1.89239456102529
-0.180697474771312
-1.19072412456039
-0.271711127401429
-0.717951102568183
-1.65594444231739
-1.30765986909309
-0.103426926959778
-1.78784028451362
0.529181695903199
-0.622737760092688
0.218417291706806
-0.343745926188285
0.621690547949767
-0.744878757119844
-0.123104519116752
-0.123453319658972
-1.27641123253203
-0.209343278638917
0.802978399288118
1.30569771265785
-0.781837749635931
0.208577720075883
0.568748110863333
0.194400770266975
1.42129130756986
-0.631591344091613
-1.02991178140187
-0.694441278859066
1.11320785514307
-0.644235555558521
-0.103341085080855
0.308595274790533
-0.804199662038072
-0.940897131961533
-1.049840133218
1.09526522299003
-0.958333115890113
-1.28650698111882
-1.00825190337862
-0.396175475360788
0.095491522103416
-0.848556919153221
-0.882238950138214
-0.812638975468985
0.025327923658677
-0.714738954010255
-0.658623160028415
-0.748081595397923
1.19073933913037
-1.45517578495216
0.895279774051662
1.56167156821816
1.85214203264546
-2.66983571872586
1.04785886814176
-1.47453190968286
0.335025638883023
-0.447131594670323
0.553948420961931
0.229422583099484
1.64037479156648
2.51671398728532
0.241281224210289
0.414401856868854
0.882964785645693
0.373417772601581
-0.435630530108437
1.34955440783725
1.14221026180998
-0.636077294115115
