-0.608712272295729
-0.494912588816659
-0.0732784563944445
2.42789018560628
0.959598434334551
0.15132099275101
0.593018515817782
0.0044833176492903
1.47255340807312
0.114369857545234
0.378006519616668
0.830154375733197
1.48611759889155
0.119092449532881
-0.0813013731758511
-0.93565700796925
1.56466112118026
-0.415767987841813
-0.982674648319788
-1.09788197931427
-0.281339518703267
-1.33856693944961
-1.32397251839202
-0.426127286606578
0.492464444016174
-0.514853085576516
-0.620316713318334
-1.18636114197056
0.837854871755964
0.227840255538193
0.421891149171891
-2.19944823267842
-0.694055408790167
2.11422977937058
-0.226191429319754
-1.64027941331191
1.62152145356294
0.224877454137485
1.26983754519853
-0.172539936309186
-0.538959909484343
1.00977402793148
-1.02140208912796
-0.873533054975162
1.81458536816387
-1.27284128624661
0.293548676541485
-0.965175456532741
0.240884317749955
-0.339781157454351
0.509080116020442
-0.158929132486223
-0.100962356390564
0.524706501512409
0.193744507495057
-0.939615328828602
-0.121943759528428
0.0848651273632927
0.840447399237766
-0.847662969060275
0.0345417224917571
0.00302048456910002
0.727307625772956
-0.415332721755215
-0.381310939552862
-1.66256718440442
-0.0347810038319488
-0.61987579651215
0.0209146605469344
-0.388147210330469
-0.358725996055397
0.39552659193163
0.136003745296283
-0.981925912026146
0.291831306738884
-0.331998130616296
1.64842535512713
-1.49940799045633
-0.270884320038217
0.339171143010694
0.00657713650999894
0.0778133655657907
0.619301300941559
0.0236407106061215
-0.1094930861368
0.280835446335718
2.28529813561217
-0.0538038980521819
-0.0369251485107342
-0.626137680832032
1.05604300053759
-1.56898677387456
-1.21622734291565
0.979266072206582
-0.737833734162527
-1.01269138613521
0.7122746377037
0.697630799991778
0.0277843090833114
-0.428113330269501
