0.100486463041413
-0.469847997878664
-0.716210415807705
0.772334885466739
0.793809193260679
0.0345985519720682
0.347122073177693
0.0253217841749708
-0.300713402699653
-0.206281106033878
0.114326873212601
0.521746943009115
0.911155701041131
0.325582607841351
-0.229239961594798
-0.461111932669155
0.138975772566764
-1.77978570637464
1.27549926747764
-0.0958934124247187
1.30306419928367
0.41837341811521
0.593165896592929
-1.21917320562556
0.533070702586543
-0.108550724586811
0.265617591763964
-0.489183046281269
1.0979178997904
-0.6876903768864
0.322906457519913
0.806477845939507
1.7115787557438
0.666046324203421
0.390699088353074
-0.348929963689047
0.462255792073659
0.19313068142651
1.05116766397
1.26015886842301
-1.91698244110622
-0.060884766388384
-0.878703499140022
-0.880192686436476
0.0691348059875587
-1.05612936578316
2.15699258294091
-1.14068813755461
-0.680892189274478
0.495031969497129
1.28434707638259
-0.0480272029373967
-1.62975839145945
0.108324210580193
0.610524257411982
-0.129655905301473
0.472929612048625
-0.154482345755445
-2.16420221626966
1.55681466433408
0.535039488487453
-0.803672543728857
-2.00212337068053
-0.610221895035743
-0.132430121039139
0.416835462203037
0.0380927860689996
-1.28121295400105
1.07496108671451
-0.0961782114663163
-1.63429867349915
0.598417334021211
-1.57591312565694
0.160760810247578
-1.00796640023507
-0.689975090419267
0.241930513424214
0.664269481869816
-0.291824441561965
0.843720512055833
0.88720892479935
0.468098267754589
-0.366232520142213
0.256823505502702
0.152020856843409
0.325241075805516
0.679308677949793
-0.971914504601748
-0.501247691832374
1.47339606468614
-1.78894578313075
-0.327438820459387
1.05861693911943
0.398840066033364
1.64007104374839
-1.15548320609859
-1.29724393478773
-1.31683380427877
1.50284703723623
-0.438988936960205
1.3797593394786
2.42967336917048
1.80935979261062
3.54283285530363
1.33123785765903
0.341272937146935
2.21338216654174
2.73211089979555
1.5373536507501
1.53231524075361
2.32154571420984
1.42689111277246
0.24497684281318
1.35718098551107
2.24501213988417
2.17694425299508
0.503443574731075
3.59682054856581
0.920091638494887
1.73380190216993
2.78473829890046
2.59986393339655
0.20950669303067
1.84327299774026
1.27968233885525
1.66479272491175
3.56852286613062
2.75126746960027
0.838905539215059
1.45159402985852
3.23952553752801
3.53802051098369
3.08338617778348
2.25802658676696
3.75499838905195
1.25487925163918
1.53661252251935
1.56734294157212
1.16638620295777
2.34185575092858
2.14655658767669
3.50890709922172
1.83788143312784
1.73387730090792
4.93066766236988
2.68952791874585
2.76540544643196
1.71170188845216
3.10861255917677
1.80824483679404
1.7489481746047
2.09514885400566
2.53607416565983
1.52580062781852
0.98235199637349
1.12107877448005
1.94946457360213
3.30096469471514
1.36176629887922
1.67604883832923
1.50126997289904
1.81056072779357
3.70908605337646
1.26011838952862
3.19408424129764
1.90925012877967
1.52126913137056
1.34287607810654
1.205463016776
3.13716435978677
3.43154142122992
1.56578244538408
2.0960904609209
3.61531681691471
2.41583460498626
1.61754777009582
0.744237867271876
3.67405334409025
0.955495930548971
1.72542320174931
2.58778509302757
2.90303628791563
0.900397159568158
1.84600169711072
2.42940341210926
2.14745166368366
2.49628914015572
2.54817300782715
2.87354501611626
2.00125088112362
2.19134044463074
2.20841248326662
2.18344666734991
1.36379876340766
4.13936782947227
4.89093965008329
1.90179978657223
1.31447136336284
2.21708952836136
1.2246716072759
