-0.558962538857018
1.15689315600056
1.51634919533259
0.371527709433416
1.32527050593522
0.313649541201514
0.504899536919269
0.579425760579898
0.183685513968711
0.733290299959725
0.703319323308091
-0.139032789856424
0.305985566554231
1.243854153846
0.468334379097833
0.724756738130855
1.27142273520121
1.26932535139479
1.58118292371035
0.919433894263679
0.105222579520073
0.698542850009053
-0.070302460716746
0.248236649067321
0.272614076402491
1.8350831335564
0.0558528223877423
1.82650853207579
1.63591226020087
0.237123289634553
1.53629141715869
0.24152414721086
1.56327413106108
-0.380714321009013
1.20449951882843
0.285548867618973
0.587892581290328
-0.56525337802155
0.648244819845558
0.899462805146421
1.1568456383317
1.02840396464065
1.49025971584388
0.963590094327707
0.29465668325861
0.975521942357141
0.516328452721213
-0.0474736998733303
0.0294832069996676
-0.825852456602167
0.163396284394377
1.2847147356995
0.471997179691584
0.867000036270042
0.0754459923629987
1.49616278853753
1.30726764356107
1.23794438634616
0.931815592625963
0.256580821115597
-0.0580458224499301
0.51040276241906
-0.0972870138690649
0.412842602200947
0.702436311250587
1.77394275366
-0.165823386616282
0.611258047747491
1.19998808815912
0.374821364631714
-0.0294810072836485
0.766062757702023
0.0786120051419034
1.14936561055113
0.732027189670633
0.835727345731192
1.17852052766257
0.00787067232954969
0.526592972268429
0.330090844482657
0.982250645475151
1.02766974100594
1.72980704700632
-0.511528114276117
0.585931292008218
0.676627144481811
1.48744722383638
0.197798347123166
0.346115560695251
1.80303281423237
1.33853555372588
0.463365315210125
0.572184781373188
-0.0353392854419434
0.701073553036062
-0.618740456983872
0.71364143423827
0.916723343888048
1.06062692511385
0.434714168758123
3.337808692939
3.1800792186574
2.09469074745295
3.40692136011217
3.4966505867192
2.10270640535757
3.70889273957973
1.71300899667069
2.00097753941055
2.44139093005091
2.9774437823612
2.36090727226893
2.17259987877702
3.41615776789935
2.33859170145702
3.42794697409541
3.0041598491477
1.67991736794146
1.72848134794106
2.17538305254213
2.04174064970164
2.96210810328573
2.82386703065397
2.86521138887886
3.22198074451802
2.00877352645995
3.61071381483275
2.10499609849475
3.15842978775312
1.4525269793467
2.3675556892954
2.82455200767047
3.9361212239784
2.29219195891978
3.19211561194957
2.33111425660006
3.76280615318047
3.5378462538926
2.3471767085977
2.77972014418428
4.34033494134001
3.71152451852828
3.31249986300883
2.08407954705066
2.60765090627552
2.4136930492942
1.75086476071008
2.52420586476075
3.54700749328442
2.44228862765268
2.68581775519546
2.59893863881201
2.04062339257779
2.18662502788395
3.06819763082456
1.81533581854898
2.08608274475833
2.42536244286281
2.11142314930522
2.04319080207021
2.40055800008369
3.18698001303352
2.23556969659278
2.41016442773296
2.42136694442101
2.32392129721651
2.79818811247541
2.90622240241291
2.45434381908102
2.07230688700423
3.16510389091509
2.40046547360792
1.93651533660617
2.20967008330761
3.26934269751832
2.49567988776219
2.09482944912031
3.17403637422302
2.56933769142298
2.22439880757201
2.32443255242016
3.12638233521335
2.50897681227614
2.35731815369267
2.06430880897875
3.09647789365508
3.64344492964092
3.29217243876438
2.7538974771381
3.5610864034858
1.83249509557015
2.435787252196
3.16550105634424
2.53510364956321
2.69181923795327
2.33797112885064
2.8260354913815
3.71801907100843
3.21141377109552
2.77966780068708
