0.402296503173821
0.770383819899975
1.33208784215375
-0.332401301519718
0.241003870929584
-0.101271151626811
0.923414922660531
0.321268837833953
1.48883318927444
1.09408496032083
0.715051530595476
-0.0878176481471826
0.174181192773043
0.872986390795828
3.13167510991314
0.190892970177118
-0.351189396137494
0.606851124569915
0.0461075806237268
0.57084812132526
0.708443968801371
0.732696747158174
1.50455510750935
0.91402812225362
0.399543448421988
0.496776350277027
-0.346979047305301
1.32091301403146
-0.190049195249149
0.151186229433746
0.887150388560241
0.420983875704619
1.32618534472429
-0.225112317826244
0.906154652378144
1.03839472003246
0.773008194252843
-0.120224688865207
1.09839040421618
1.52516417527333
0.828402885583706
-0.131003655754955
1.28634013873633
1.55015719247787
0.380313294948649
2.14987777674612
0.644604724948157
0.32562478933035
0.95207103869104
-0.0488477553437683
0.308662246579805
1.60547681809964
0.643058406401651
0.361975528153369
0.198412288353677
0.123509528550138
0.567642689496022
1.07284695762119
-0.265369334424114
0.77880457208685
0.413171536993956
0.862488199770793
0.0456658126464043
0.773658493481825
1.64464199921628
0.916594336245327
0.674322581047896
1.03302797894758
1.38739328668919
-0.129374483171648
0.472021204533395
1.04330649142113
0.587718000810155
1.12886952308431
0.749929720124763
1.52200436512163
0.326461466283444
0.540917717622747
-0.285556343634304
0.226589409154938
0.451680480399186
0.537691190104416
0.00623278844388114
-0.550254798197343
0.283936908053052
-0.0118475646489161
0.817054759492855
-0.307416921604719
0.934549355127577
0.0947614968461379
0.650386457102715
1.60287201956051
0.0811191766151357
0.894281672832101
1.33297158639742
1.3167498874045
1.69688741566853
1.16814734670055
0.38877291429149
0.422927313959829
2.00087192507778
2.83829387458502
3.58087670093491
2.05568007774219
2.16434485060559
2.2271795283586
3.74962690767067
3.60468886706959
2.25775026022458
4.27739029974619
2.35216119048729
2.61538288829675
4.30509711108585
2.64104683084855
2.8421059791273
2.39719847971919
2.46823853816084
2.29844725962221
5.58246113445789
2.79818977698231
2.20858632217854
3.02340262351055
2.16802806775185
1.92253657267566
2.45724809666604
2.10803052423142
2.65916344618853
1.96260730240921
1.5939298117129
2.07190089577062
3.10603921261351
3.08396899579424
3.38037210476217
2.63181713076514
2.78000457499969
2.42514113156495
2.09108049994749
2.48846408865091
2.49749917095044
2.1642361839344
1.73142256228298
1.8762621091205
4.76026082568766
3.22680990389371
3.9199216778697
2.54815484695522
3.65959995170092
2.90774243929543
2.94004302655494
2.92489112246878
2.70389366900704
2.65087039534639
2.45023869853452
3.12027297089892
2.70441738544719
2.75521226953808
2.44642500156624
2.21236616468901
2.92773666653016
3.37790615347915
2.48827215897163
3.70100292154035
2.44520692940188
2.67740087248383
1.74858146424435
3.01704413583888
3.39186884974429
0.780798384303682
2.75548264100815
1.86702394136432
3.27328848025598
3.01523246904778
4.48839276296817
1.56851134352319
1.77035838668277
2.34899626402853
1.98304830290685
2.22559280877733
2.16368632671187
2.19236027105689
3.26519058355342
2.60060412498323
4.31913137757621
3.89710824469029
3.08443653642333
1.81862803520349
2.68017857521811
2.61962684431252
2.2185472821897
2.61474252204473
2.78999004810884
1.79888507061446
2.49438671955079
3.44795775189979
1.8768181435235
3.1645723589403
1.93665804623049
1.70138944495984
2.78240311371109
2.91847642693958
