0.618600142083781
1.208818303923
1.05128414750599
-0.258236498476922
-0.685047308712549
0.265560170652415
0.412598980697727
2.61777586762863
0.996700347313531
0.621331650770178
0.603105516845124
2.13203651621035
0.365405058656033
0.477742575993088
1.49271282250603
1.30187287399179
1.39708855182267
1.37325306335783
1.65592656810054
1.02213316607024
0.676195095757563
1.62832786547025
-0.232739121747066
0.31651034426409
0.590867693566847
0.4748290327854
1.18484292147926
0.553600027727152
0.636222944881786
1.08617465692105
1.3085874638624
2.61088574634303
0.233763920902746
0.153807966667083
-0.0813049911367584
1.63661101239902
0.17166271269072
0.0253477728465238
0.327177880462593
0.419049265388776
1.02802596306999
1.20554021591401
-0.399140601739377
-0.304248734675174
-0.103144788182105
1.19537455505818
0.857185472220862
-0.853082567760254
1.23289019002187
0.9806324876476
0.885237280773375
0.500720653604296
-0.183275799459883
0.559859695985585
1.14092678355518
1.85900282387823
-0.206534712767222
0.924034216869851
0.51216226049059
1.27364985789053
0.541966382836057
0.818929768253434
0.167929656510042
0.967378219412226
0.800098070161205
1.44696506768861
1.27818964185213
0.638022362793754
1.67699436613194
-0.0191224341596265
0.565998981726646
0.413628183602293
0.205438733690899
-0.409941130612661
0.427917620465562
0.462589677820535
0.103164501478422
0.791371197637298
-0.304497502720407
0.423407881866281
1.37035203566412
-0.00435635722371358
0.638676323208415
0.649963858056696
0.201985111869987
1.4759329670064
0.89911755300752
0.306369658797855
1.71377698516572
1.31302195591998
-0.20772872296241
1.4055141758147
1.0107060251182
0.290936600769944
0.256516848495041
0.339936896005711
0.535129333638092
1.74534426800428
1.06135520613851
1.06430427749096
1.16265924459698
2.42666995597558
1.39788304891795
1.27848876145996
-0.381882118457961
0.246408990189499
0.221120418191637
1.02801996822522
0.626860181321479
0.745436657970619
1.3442592792541
-0.057917594237475
0.156504798781615
1.10985675167356
0.518424057823625
0.513868301959824
0.566702211996367
-0.520146789986658
0.87542776555191
0.0194447716497353
0.481464750121942
0.71551858890834
0.895065357412703
2.39282693862122
1.70329575767823
0.929321019230547
0.92201843480241
1.56247283742841
-0.40008078720867
0.829364731027484
-0.611029381720326
0.290889624723689
1.13854043807133
1.16636158999529
0.989479684619233
1.20802231897154
1.21494237148471
1.76123679307266
1.00288360428855
0.52301959713262
2.29027371638398
0.350565028425865
-0.109071519491124
-0.34450517070234
1.48727574081125
1.06463409134542
1.22691866427985
0.640961462247432
0.299181139118599
0.888682215574601
0.433565174654743
0.564142275699431
-0.164486887479415
0.547770040977237
0.152812755475514
1.44144639041987
-0.499732471402772
-0.487404433545729
0.280945272683066
-0.959870795888628
2.81045557999901
-0.0777970082256885
-0.921008587553699
0.237146438527096
1.43373665366141
1.76577075315698
1.15441433670386
0.608521287190689
0.297811287860963
-0.0396322954899842
1.82055754410003
-0.37028453720784
0.602343974147305
-0.157701207288281
0.303113689076057
0.901289884880482
0.442543895483152
1.44436555403619
0.496416523326903
2.25332472980428
0.559772648626827
0.377659904731774
1.12400648599208
1.04358744478682
-0.606588568680299
0.68241141412926
0.0365739055965835
1.10131160802638
0.865115053678253
0.667330988838305
-0.165653666536733
0.830771990893835
-0.0307216026183966
-0.304401062990651
0.252060964538483
0.71603280515211
0.897773239953277
0.80617181482784
0.117484993674151
0.155336931701531
