-0.286294330110881
2.44799222528671
0.460695962451913
0.151918666043795
0.369070074521724
0.279499042668168
0.536642595387618
2.95528678964606
-0.00107654120378825
-0.0757227171074419
-0.0296444179573103
-0.0862295157815958
0.348404821499505
0.538442578086834
-0.00648812516871411
-0.339297573498773
-0.0339075953341558
0.898480713042831
-0.242626244578333
1.03878317960723
0.883021353895807
1.09642365837323
0.949921992131682
1.81738776725111
1.27144275102365
-0.467809598280087
1.39455334315201
1.7315754605089
1.35807873309743
0.264813977515569
0.987636134337554
1.01618956949536
-0.522412962723236
0.765797706401268
1.04471543549797
1.04047179093361
1.18905090415549
1.87832065713863
0.509075581187064
-0.2135989979924
0.196248523236169
0.310890018639426
0.98623439702575
1.61715912455205
1.60452877796081
1.30246005925383
0.280791846798884
0.339035801956519
0.455937418928708
0.227224199504745
-0.0949122213849055
0.661840486584155
1.68502248031234
1.89811550876848
0.50850425507908
2.98373978287799
0.597464596821328
1.40592533483458
-0.236730135163997
0.0275935913721833
1.14047324493748
1.49516725590334
0.978584777717005
-0.773507847738063
0.0269443780334302
-0.00874858944169088
1.43310822928683
1.00982752801803
0.512519840807412
0.387534649730486
0.96557735004825
-0.259634331456187
2.66317263005053
0.339785832831286
0.556579740844128
-0.151491821164279
0.492910093454018
-0.332039696007401
1.16007254797458
0.0646650578844208
0.226772219816546
0.360042676422558
-0.421087472155497
0.0671889204901861
1.3842136907604
0.822609358397668
-0.245762084355668
1.51554541759269
0.606348063784746
0.362386081797533
1.09783838593916
1.57510101791931
1.92724051684795
-0.346298921191226
0.519210010679246
-0.33410197019311
0.63861550384923
0.721704187949552
0.2744483592217
3.03295294066028
