-0.471846934619326
0.592232005950893
-0.590255470168584
0.60484329019403
1.42564207856216
0.411761472018142
0.332319709684959
-0.236774686916449
1.45415472421248
0.0450043180822257
0.840044217444953
1.26293372385398
-0.152390041125254
-0.42036671881949
-0.189874951826266
-0.459972172008237
0.541716492425796
-1.28839284018096
-0.268264139858488
-0.0185679388602673
0.824212967217636
0.303153309764125
-1.19752618566645
0.365053781944491
0.699518418484141
-1.17603860444866
0.659085134167693
-2.21444826655528
1.61823971590163
0.940513756206003
0.473776383548436
-0.949991201389475
-0.615168840181386
0.320314474960728
-0.938422349075546
0.22838010098902
1.54542680578065
-0.911658986178084
0.111604498101654
0.742019667118193
-0.273343943315897
1.14620091674284
-0.870610386107232
-1.15958001652321
-0.938820142222002
-0.77734614611059
1.68935414687573
1.032950842625
1.78266123511586
-0.068211577048964
1.03964613690887
0.172869371600513
0.215557697922293
-0.291311661748436
-0.446528943122557
0.408828211706296
0.212741170855021
0.0284473585733764
-0.139712093679467
1.97192661301714
0.329356381291499
1.02159725283436
0.520407545356591
0.281475887024487
-1.2268035251491
0.925786497481487
0.470620038099006
2.34309507458964
0.869086186068842
-1.00485184836335
-0.0958963410397713
0.257149815328931
0.466050508966638
-0.126375995094929
0.105534793816879
-0.121512382307597
0.861229011106835
0.516890104698859
-0.380746670812022
-1.69944532876844
-0.209968680378443
0.2967541913565
0.782449811073444
0.763711964279638
-0.960484721496832
0.582472413746997
-2.24244149434195
-0.0164213775040184
-0.175892355757436
1.49052836819894
-0.539643091828552
2.00980219038159
-0.101242417154629
0.587292504923244
-0.656649940356919
0.573893175406697
0.255011398808377
-0.127913554181933
1.36271111799514
-0.314730824838367
1.21150325163036
3.82951379416934
1.33583578747601
1.09069229889945
1.7028220635148
2.03994334063901
1.82204853071709
1.70787763098687
1.42504181152147
1.39850642593955
3.03530127160821
3.08796712970474
2.04349927474752
-0.0696775262417324
-0.0274729168012993
1.08178473724027
3.1336150431415
0.118639090440017
1.12602109530247
3.02740693986271
1.92991864436221
1.32577984089297
0.220633155625105
3.39600400883181
2.32710762523514
2.59665468915583
1.16711324642769
3.01378997501021
3.16365440794013
1.88620997846718
2.29207100527983
1.33922420378568
2.02744736644561
2.39941043282907
1.56588382098119
2.05980105020265
1.56916551426534
1.41935703044219
3.10592275641316
2.84167938733703
3.93551895587806
2.85810316856831
0.490214569014025
3.43896407370671
2.04959086414423
3.79189047304329
0.554851971738419
2.16737251414505
3.10732137206305
1.36624548706754
1.41426127098093
1.77414397829043
1.30379617924307
0.633527769213388
1.48816572525896
2.4692835676463
1.03073126218982
3.20055018756649
2.90812477474422
0.659928775263119
0.542842724033733
1.64447347222835
2.5513819919179
1.61236450990285
0.310829156194725
3.39480468728373
3.65096998260934
0.0179139209079777
1.36621327809895
0.554963554035234
1.91907105339809
1.68709422017144
1.0408152378649
0.772876771683765
1.65052254983916
1.67404455193645
2.09810749704234
1.96772051690461
1.02976202809123
1.05095557723333
2.39233217370287
1.99435484199999
0.653849205545114
2.0998739619151
3.39887154819087
0.330042542917881
1.60597844828288
0.350222844505863
2.23172978302666
2.587191854616
2.15867462292526
1.99653863343535
2.88950122494963
1.62131284783485
2.06513871580365
1.51809312038859
1.89092934439414
1.56981950550893
0.996982832618154
2.92251749445751
