0.913341660591705
0.219202152132237
2.46415475207196
0.0429121227653834
0.00262614317337684
0.122275767181039
0.509775019136023
0.223309007819225
1.21460389882032
0.181630115707599
0.387206670680396
1.16315962125603
0.827726817825474
1.77591515782666
-0.286563678676849
-0.117049638153334
0.462069045232153
2.14075319536133
0.527147738260189
0.370298168474345
0.44458969931745
0.459387488339724
1.09469908102565
0.408610844042508
0.116540341366295
0.809993614819848
0.744539682393663
0.0627523782491132
2.03208966311145
0.370508578568727
0.321769151943628
0.166952303049654
0.798626407100827
1.85597838386392
0.798509099733298
0.399589867969547
0.837397033905318
0.334252059858787
0.650253084565195
1.03376315472135
0.0258295523401194
1.17145236051971
1.99530749220929
0.694873771536352
1.4597426406781
1.47902108494301
0.559715639643591
1.82982393761668
-0.789494101354356
-0.416128234792552
0.889629396050398
0.528838162011093
-0.139125548933408
1.67091193420817
0.321112630538483
0.693672026882242
2.18895852403468
1.42884746661906
-0.0433980459079676
1.33317158194016
0.291175679322988
1.01947558724727
1.81048291695213
-0.56240272402446
-0.972839747356808
0.650309477961694
0.680519429748531
1.35057888304207
0.895081871969557
0.59033689085923
1.17542923228298
0.42854682534021
-0.328895650055657
0.594341048985427
0.754852870896137
0.0911774653842576
0.440145911124683
1.49148372785667
0.98313789317257
0.476571324990899
1.58139757651683
0.453885414733223
-0.030822282168107
1.37703496603514
1.79760373704002
0.677302256221891
1.02773991024447
0.281090835191328
0.678518877526969
0.879756146003746
0.478836629690348
0.773096334362141
0.0919072426538586
0.564211043475867
0.427875185709565
1.14220987710642
1.5347141840603
1.177829451228
0.534435835768844
0.460234077720892
1.11437606989648
0.980796085443664
0.595722739619339
0.237723136205907
1.35285521395577
0.424430871168907
0.828915073433676
1.45717230922734
2.21225799209765
1.32041395014217
1.00568128778855
-0.108297137436487
1.53041627627899
2.27387493180958
0.503921032133566
0.592725398259274
0.0393179189514484
0.514986694166869
1.14175457140887
1.0440200652922
1.53418665623466
1.31746884412617
0.0850043329999685
-0.671472561320174
1.76280615798952
0.612658284416238
0.538719637216596
0.541423916106886
0.256473528096388
0.356605651697787
1.3712854160243
-0.0965342019934642
0.0426597860904006
-0.685046150067056
1.41533720468111
0.177105119317344
0.738443256118186
1.34500595241989
0.411947043371659
0.565109250073995
0.880847530554462
0.665116690133747
0.202799385833352
-0.0635372794643683
0.87834425276087
0.0109587128739478
0.781871054609791
0.397159318799507
-0.49328451808821
1.26936831990082
0.813294634011203
0.0857405868176917
0.216430541929856
1.12921157238827
0.422063935283057
1.39903402451698
1.19634454441911
1.76585917072186
0.747582762513495
0.265297418194501
0.793039910718686
0.756517218533304
1.58463840776101
0.344457983038516
0.172825703705188
-0.790911462626263
1.98874364719691
0.989880791626289
0.477722440942286
-0.472472857633736
0.0314863106261507
0.164075786812263
0.246878296136283
0.113417827597548
-0.186829102889045
0.807981846501816
1.73172973281934
0.206338731336735
0.980082919774621
1.03942177892298
0.767384814940703
1.21573212499936
0.842012629153681
0.604984646647909
-0.292520103985985
0.640453038166257
-0.0426611055163496
0.703063550737599
2.3634287141164
1.07828785433278
0.317677844290636
0.0222880893994712
1.4070431994418
0.368759647736276
1.58006012209913
1.61644320122462
2.38860806589553
1.72060730494257
0.671386853758769
0.642737728716022
