1.05522092300053
0.195689667020387
-0.186587291770605
1.04778821695381
1.82274882125353
1.07205251013142
0.458525932746658
0.939980365272745
1.70257404445141
0.720678691868168
0.934007997682398
0.287771279791859
0.603952168987158
0.384100164618461
1.14012902554551
0.204103788515651
3.11544894663882
0.673215527660067
2.00228738732836
-0.0804111533450149
0.584171381475209
0.915565024632068
0.528598569384956
0.674556426788292
0.896935958940769
0.477143418729819
1.8039935235933
-0.463278069864637
0.0181916520631489
1.0720277943409
0.695196878936732
1.50013031503275
1.65866217324446
0.0316923720726239
1.66186617506435
1.75281002903073
0.738426267677885
0.297339107052479
0.944834252536883
2.99378038383766
0.698259924315167
0.767766835327402
-0.430440617107312
0.358710225150429
1.32418804522368
0.15161214763012
0.0117096572641516
1.35842503135922
0.155203676317655
0.218594814348816
0.667046919895619
1.16516628825292
0.755398821111248
0.264089215662571
0.764540115329329
1.05005804880309
0.250322564601278
2.09553388980596
0.766646506136217
0.301175764211532
0.322709848974316
0.469735513832744
1.84288415153707
-0.655717999857682
1.42871569483981
1.40987579927556
0.163524857814846
0.606620426808259
0.720463604884646
0.40311174779508
0.220861080503471
0.720337243285916
1.06860135133132
0.00580177477597638
0.982329130303776
1.41693895939504
0.104927451311613
0.136341643642274
1.7588173631791
1.66996125989685
0.751145721192004
0.229338723655604
-0.196315410206842
1.4325566474999
1.29037314915633
2.12107061926283
0.402832032938154
0.263330725166325
1.09519757650936
0.55392485043567
1.17926170547375
2.00828652139234
0.0432511130865894
0.685241842571748
1.68274947383086
0.67982096429163
2.04991979882129
1.24591480866515
0.797126374614352
0.335403213375591
2.81504595092473
2.06416811020222
2.6117546983192
2.00302633157658
3.06287149130843
2.28754213200008
2.14109093776735
2.42687886446625
3.41020218442171
3.6725490536383
3.70009026967037
2.40872148690395
2.57223398644975
2.64158302124003
1.77319773698213
2.74669500685814
2.46127782541928
2.94128396598178
1.66070978877614
3.05332745040382
1.99202308211184
1.62969170908218
3.46311545922517
2.33807916045997
2.94742484414341
2.05872705531956
4.91058300909873
2.87808760968938
3.07386978238661
2.49515206129654
4.56853080189541
2.85085798275924
2.39062813263848
1.8358739580633
2.85685668489135
2.34445043545878
3.36009418945898
2.47945565406429
1.2912603358947
2.83782942904517
2.24609336145119
2.13308443302468
1.11642184022991
1.91466733742112
3.86417559538343
2.39093122036543
2.0751173306138
3.79031101431909
3.27394956294042
3.02275179849269
1.88051952871126
1.50391744239949
2.47611723709597
4.06579755227881
3.49595701394154
3.06164844736623
3.96706679947537
1.79714361815148
3.20113388026331
2.64176795018217
2.79498683842348
2.47650100541915
2.83709615433454
3.2245034484699
2.89628160132973
1.83062511785991
1.7321993305908
2.53785322719661
3.59106586869731
1.38983446967483
1.66268112922265
3.46072601591751
3.10942856260982
1.54539160393178
2.57945725606258
3.42749153949872
1.70203207776128
3.91450076780015
1.86783869684225
2.60162883572187
2.68214846519399
2.11409814729723
3.01943432105975
2.55551742640031
2.70433273799042
2.12639262402744
3.67261528353986
2.7685978721497
3.81821278731566
3.07184943023941
3.59049331069829
3.09389319741275
2.73909383837748
2.83748145041715
2.22974576118568
1.74339780252924
3.04386618174692
2.63096305896438
2.59053017886519
2.6973972037855
