0.0603621837169116
0.16664065844452
1.33519064780313
0.767819432401847
0.381291719762778
1.06502538016841
2.01607264403836
1.48306223214131
0.625952896483083
0.0178177613743375
0.258134505373042
1.52514573260756
0.630039177121534
-0.698087970886737
0.742449115477714
1.18774526346546
0.622352586167406
0.778053434494611
0.358407673516749
0.446809412203922
0.632545900738995
0.783976382790887
0.311421345316381
0.959849234020161
0.893997158267515
0.283481141554335
1.7067816725134
1.5976033186701
0.661953183148648
1.50780576843383
-0.681762180982861
0.12402850575206
1.08714499933531
2.33828862980915
0.167625494434834
0.159371560174715
0.437765585075679
2.38808561155519
-0.272570851189723
1.95007761152278
0.901001251303389
1.11129044099652
0.408564656167281
0.217073473359735
2.32148353853704
-0.637352223481808
0.779659696502881
0.859640441573346
-0.268093838222583
1.00525184373618
-0.176025466863046
1.17880368067707
3.00987572475562
0.738634588290045
1.5499254085059
2.32368389915898
1.47877339596112
-0.235442384554311
0.99387742154583
1.19396515320155
-0.174134274916388
1.00905748199908
1.21092840937688
1.94261773278568
0.54534216083245
0.101061994076155
-0.432600609332909
0.136172407979042
1.14694724303923
0.509043559620954
0.255436075468647
0.363136241454756
0.77039391446954
0.452371006693258
0.501482137344804
-0.906725293800952
1.95582548373728
0.0222315417941726
0.772800011025963
0.322203105286626
0.0276836362378555
0.490882759103196
0.456438997606122
-0.410265008083841
0.527988920087765
1.7119284769324
-0.112282711247838
1.17509606525271
-0.499323741279239
0.961721932528891
1.88595292224415
0.0573337502750477
0.939860891209942
1.38529041527044
-0.119823072280185
1.09622265541817
0.561854092964707
0.113424166793148
-0.302947382029466
1.3872256392759
