0.385864701999475
0.611344858568467
0.777331308378859
-0.13912443054562
-0.038715863293352
0.142780680630894
0.180232195142334
-1.31450581291296
-0.86526328811483
1.62815342886413
-0.405666887009982
-1.4047826803171
1.86312933333024
1.26276696131919
-0.71515039670083
1.9227669389189
-0.632172276387944
0.638356530470753
-0.760468651572338
-1.35328706246864
-0.847933474783517
1.04354776467134
-1.45974848629065
1.2023699895214
1.52373359528088
-0.244885731019067
-0.534609334759011
-1.47586313402968
-0.486697451281236
1.95807891318284
0.297671771781358
-0.339220104769026
-0.341233692343448
1.42126634286592
0.706580743500901
0.564821040575875
-1.4006596826081
-2.30740624508175
-1.38698001141258
0.282282066904529
-0.457595933384589
0.431540659703946
-0.694212928305038
0.36814630277893
-0.347177556978562
1.1569864504715
-2.23083237124651
-0.228054403746282
-0.819485159165231
0.49459510358092
-2.21265226876122
2.54187383114292
-0.356986483243577
1.04133167291574
-1.54978847944709
0.253816045778137
0.314888562362284
-0.470406550304668
-0.604097955137791
-1.1832158587281
0.460492625709925
0.137040890343161
-0.891388971963021
-0.562914709154836
0.454655985851149
0.724118844853795
1.00219787289627
-0.432038097862681
1.49145933466929
0.537337712996592
-0.113430382461193
2.28452281987967
-0.390825061492824
-0.571937643383874
0.312283996828826
-1.2667029842627
-0.587135269838983
-2.15076941664152
0.471684628716089
0.761628322723842
0.347161949441663
0.974364018881742
2.84704270879917
2.28481983626321
-1.1366687785478
-0.29481619439636
-0.353805259000902
-1.73881408258571
0.852447602637969
-0.977872606808156
-1.07878922455478
0.332159755940856
0.0473735924537813
0.641194887964142
0.617793036338054
0.87898937825171
0.533640741405976
-0.771267983921351
0.0944540001203512
-2.11657313181916
1.44556083921918
3.47014466972868
2.18750393921608
1.56550422853703
0.114651918268823
0.328680887742218
1.2439008553366
2.2124745466441
3.24436706044603
3.2057695755602
2.16311644864971
1.30737713094635
1.91875248706412
2.84236021197081
3.81535274361647
3.42645083313739
5.06489947606711
0.231348993049238
2.40547490423588
3.34106835134704
1.38429337912523
1.38136663510305
1.91701013414478
2.16465228971948
1.63014668036006
2.18783411771846
1.15442736201484
1.20528016031307
2.04143367108924
3.93689592973719
1.56419253427684
2.17444347130378
2.71387583985053
2.5925972561459
0.273935530990811
0.368943168064447
3.08147509588385
2.29048087931796
1.34446704306122
1.36126737231232
0.562801896658373
1.25770580889178
1.57238560595603
1.06657592737262
2.54164240924913
1.40130718023339
1.61847674383338
2.18148356359977
0.281990557806497
2.5319958540128
2.24405138016608
0.000323983412781503
1.03448917165262
0.485258332139981
1.36152290120376
1.17491437439521
3.15697530973117
0.937103627402144
2.59051343750732
3.28927013411325
1.74312516924126
2.72952933957506
0.469676504108346
0.271020127115369
3.29313136167099
3.79531961230549
2.66282437966785
1.92422058259232
1.26504747617458
1.69002431401587
2.81375056164888
2.18641480183262
3.78867884796038
2.18159984724397
1.70001317738078
1.81019475216081
2.2999708108147
0.126395594019674
1.2920163523745
1.77684304511213
2.26871844934124
2.52808006949533
2.52782487437139
1.37951832922586
2.47152839764705
0.645435047100451
0.899077222604984
1.08092890539242
1.82431235400728
2.55978885983949
2.09390260002034
0.908944777503516
0.470634103445111
1.62515878847584
0.770175517640984
2.44258229284481
4.34840388733117
2.06287298992633
2.7799530939451
2.02931704041816
