1.56509179189292
1.74263324106862
-0.215359041944311
0.100410378213163
1.86986701914268
0.457181637118235
1.03426107085913
-0.559523165511619
0.832346080223037
1.16036513877217
1.01382968278597
-0.695008691948298
0.42799229749607
1.69173901937403
0.772576650461819
0.643759011325114
0.530884049712275
-0.028814891243159
0.264835289601437
1.13774672972903
0.148600772944913
-0.0421218929244635
1.03784287909767
0.147318099270648
-0.628593292997441
0.510407824881275
0.869225848584994
0.267661311398327
-0.0106055578954222
0.627902574085969
0.798385438990918
0.60472730484118
0.244455238358299
-0.610991692796379
1.09929217564
0.0774256827424687
2.01877575151512
1.52476750198476
0.428836649165357
0.755538445661403
-0.243252195699847
0.252882602668447
0.635384714431965
0.594663203403067
0.599244639139257
-0.439679407278537
1.08564278746977
1.70567071659135
1.86888415568194
1.63191600432406
0.502816311096874
0.496222335400411
1.1452091880071
1.47356489822824
0.680377149404049
0.601002407781158
0.923480698153076
1.00704577377193
0.310780509650389
1.70667482722154
0.983996614305254
1.52160416827749
1.64985664664978
0.682527584127423
1.07875311808701
-0.151686119482181
1.66347054577158
-0.780343595301295
1.0833601626204
-0.157747849285388
1.14248002177319
1.14883926272699
0.213011775166567
0.0265907050313198
1.84358023912633
0.868249463397779
0.909016777087121
1.57679032529013
1.24670695641524
-0.458594393449494
-0.622747363756734
-0.392757757482743
0.754462726852157
0.214721558561679
2.04965083350914
0.255614343765806
1.71003525046347
1.65056764712686
1.4608705614368
1.33017813945693
-0.55451270845036
0.1183908258399
0.80236574978122
-0.102867075586852
0.18231681354067
-0.194144944449493
0.117610469716856
0.746089062792316
0.922693762650647
0.856047936996295
3.53607838663364
3.09473850670197
2.32835383783927
3.26642669439428
2.92020971462746
3.71552281453328
2.19388252941705
3.25580468299217
2.48730422409122
2.82645219169335
2.80897207640789
3.7669970899874
3.56321158072157
5.32804364419829
3.57240419339538
2.08023191393997
2.90353622365422
2.05625966783349
2.98209678688179
2.51846417027888
3.76157334327
3.17824041350927
3.8187936921431
3.04099033395488
3.37137904234435
3.20892197446636
3.26312651587104
3.38042705814459
2.49466398900404
2.14463197518269
2.00853787718214
1.6330758669632
2.81695512515636
2.2567868011734
2.16649728764791
1.75758933985353
3.57816261034625
3.70451834682019
3.19453273079412
2.6318558654393
2.28594750197157
2.70333169528451
2.46258085739646
2.80644850259029
2.12688795047057
2.59853593690179
3.22000187091954
2.93489925726479
0.972920647522833
1.66516935056646
2.54486129972869
3.80221955557032
2.88518326674295
3.73627753726437
1.93679674699703
2.95372225026027
2.21631465732577
3.05066359268245
3.23566390290017
2.50690477528213
2.33502141603238
2.3029379504725
1.94681447448712
2.28180159704933
1.82247349266168
2.54689610359925
2.55496089908521
2.31469612160053
2.86787067815145
5.15959607140651
2.35845215366671
2.63433607084971
2.01372961543095
2.84272844518285
3.46753024711587
4.52670371544416
3.06360477211612
4.92454572958149
2.11446252846817
3.29349621976716
1.69294709234904
1.29770357472623
2.36933235834951
3.18754350743665
2.76959859612796
3.03788141212264
2.78539543504831
3.35299703118613
2.82869927780726
2.3838055027663
3.48567005211659
3.01356847087102
2.46292914028439
2.42078230655975
2.8721865288041
2.92137086313079
2.94395849662952
2.47366726659725
2.72959218618291
2.52406716734191
