0.664791841171982
0.181890871547203
0.717401041613798
0.337893358212019
2.22995448119648
1.02101754367272
1.41111957009987
0.0637063665654641
0.977416039050269
1.89492357579447
-0.15878512629679
0.251312816317709
0.784277406636998
-0.172958957602827
-0.129877446753383
1.42826259282529
0.0992827514470767
1.03534277710397
0.329397229719598
0.705312215479175
1.42511570542892
0.0522982907595155
0.726897695352022
0.411525636149192
1.09207909357383
0.437740909985064
0.968488988217821
0.696459426829394
1.32143039078388
1.98949319833666
1.4892940563819
0.966947463370565
1.22706366166155
0.0668126575912032
0.597296448684424
0.469933838623377
1.48767243355878
1.08546271177248
1.16645633640306
0.838062292511115
1.20051507604918
1.50539466694651
0.603211347744415
-0.142163653128154
1.9798700574154
1.16251534978732
0.299528123067613
0.366558634893679
0.0990652588838585
0.187357769011442
0.824782682276415
0.793561112891848
0.711126868317563
1.5876780513313
0.4204510362645
0.406504363834495
0.613420212298814
0.397688812311259
-0.133971828223951
0.755219231654503
1.11105143037529
1.30957263594449
-0.740818881497305
0.839401866034516
0.0464363800046289
0.993892968196287
1.71479016651792
0.347322880293842
0.78103382836204
0.0393407267458983
0.462344162923932
-0.201962749353002
1.72198283342757
0.824005158730007
0.649801683187858
0.272433202987699
0.0807291232851489
1.32465636650048
1.83017590522271
0.477777147889396
0.566254980094871
2.65369904698227
1.72261044985848
-0.0634401952691995
0.0833689178825135
0.394051971733758
1.07400778852599
0.609106884207795
0.367961561407185
-0.306430362669346
1.06637923319131
1.24427141278707
0.841971457200729
-0.319377689433069
0.294365818715393
0.992890022177523
1.25439279863421
0.627315516337725
0.912729113752908
0.791287006698092
1.86467347388696
2.58407497754765
3.52949702202449
3.12119220245624
2.18631219257689
1.36573504519561
2.55694509767779
3.36972954886265
3.10085524373567
1.71499730000754
2.78275081047022
3.08696025666816
2.28633525442181
3.2905124602019
2.241958186641
3.63171505756129
2.3110248264346
1.56153057466386
2.33001449196376
3.16000412269548
1.73144306850768
2.93428076747548
2.72819243829056
1.71996361406431
1.99850903087256
2.87452899109407
2.18632958768251
2.32802844407852
2.07219676285291
3.26625170707471
2.89874135702613
2.03347838318607
3.50084925418224
2.85316510946408
2.52598863673997
2.35527003638641
2.35797563477978
2.81579634866053
2.39327360238615
1.36452257957032
1.85876108512837
2.90812029656963
2.61085544755994
2.2803244994619
2.78118628157802
3.36962010323758
3.52919149643014
1.77107997809523
3.42516497572855
1.80538319269941
2.01601055736817
2.88110613179229
3.49161191203531
3.30602076313639
3.53777400497778
3.15174690976963
2.54831300153473
2.62979692221771
2.18296314602771
2.4813341549198
2.97557734317737
2.43703986132023
2.56294800972534
2.0289186555978
1.07494365932204
3.2055134407139
2.34290153782434
3.75289538552756
2.8679783991973
2.53055695998937
2.46466738855062
3.85732278365009
2.9132400279412
3.55199633533145
2.68415204025052
2.57372389114742
2.82664137640287
1.94583569272655
2.58201604982929
2.77817920388537
2.50472146820254
3.26645138406142
2.48900337690722
1.91852362589091
3.12607539542317
2.83312767029473
3.29163730797891
2.52987159288372
3.94360189806765
5.07587523869651
1.82104870025733
3.17404969026837
2.8039386480707
3.20063047882885
2.96394226135707
2.97319857506701
2.5877191497972
1.78807644946875
1.48070190200598
1.65739574896386
