0.675314904468759
0.25481850260178
0.437937042249363
0.899747488570219
-1.85274478741868
0.396422746422077
0.992914290607612
-0.481073286556342
0.99165187073321
-0.340268266644656
-0.534264049258792
-0.897465431368522
-0.0173365862508474
1.43770772171832
-0.326446292147363
-0.444295236998561
-1.26946584681356
1.35096865256404
-1.24944958447285
-0.309512877107959
0.974946438990451
1.36333688763052
0.659885832794698
0.477610839317074
-0.273421493612069
0.817228377026293
0.55992220700543
-0.389469222343893
-1.60376561098991
1.32587414543071
-2.63585138543145
0.113102401096781
-0.754227171714294
0.541510435894492
1.57781750529077
-1.07103205015945
0.620747095152771
0.885125596629111
0.246319272197923
-0.736455181832856
0.223549023223394
1.0810085068553
0.653032262949757
-2.15043379523536
0.213260314127913
0.459015896033244
1.65684301180605
0.181842938564426
0.31038263193617
-0.224816377836767
0.211635586515989
0.653743358453208
-0.831897722951484
0.428118206309852
-0.569758203929252
-0.928488566050206
1.02513824361439
1.34458534891403
0.0906117684697547
-0.821307531848136
0.684905301894351
1.63375780775902
0.28090235601232
-0.649943964838125
0.555800962557507
0.115204258025642
0.244498752068474
-0.0772036342092893
-2.04439636486652
-0.445627486206375
-0.302342382670048
1.30731147984597
-1.19801516899812
1.17188666344898
0.603112214292588
0.72660609672928
0.97799201855636
-0.394826292804538
-0.127976319087223
1.52226475688674
0.529208627646336
-1.36537656236114
-2.9244342573264
0.921976804905914
-2.50201345722513
-0.177242061396917
1.62484550596335
-1.24946507296547
-0.64726675295462
-0.19979408879769
-0.597024936121808
-0.0982551113821147
-0.204335714224246
0.703122933885258
0.31182787060471
-1.770343769257
0.59823899195737
0.310513547495873
-0.463195818086433
-2.05830773337552
0.0133776492561304
-0.263700703132906
0.204211826543215
-1.14877233297836
-0.25821154927521
0.28713864738876
2.69258939590982
-0.378530998120125
0.723455313774933
-0.0444274499913437
0.0289936403813584
0.347297955550189
0.0306119820282881
0.316946829867965
0.880525350286659
-0.692278459189378
0.0865352060462167
-1.38568885819211
0.349094622914639
0.826760663080437
0.984201005693116
-0.699388689841619
-3.40704657585151
-0.194245072969574
-0.0590395117211542
-0.34177854363114
-1.18633223084369
-1.15275952876199
-0.31828665402481
1.63972142262655
-1.42771069157873
-0.0667379680795735
-0.525986272096346
0.546208564982307
-1.23153636892297
-0.389229561023508
0.964095890380414
-0.0555441348996907
-1.29745734582161
-0.29945161624676
0.881050269768593
0.656068360363254
0.233610167464491
-0.1581390918904
-1.26649557043293
-1.88656527117127
0.292817530113224
1.42214535383681
0.430169088451456
1.19792935878451
-0.824750736835622
-1.53847972877164
-0.00875488498421097
-0.114148030362131
1.13089949874737
1.32109114160438
-2.29299219899911
0.404119083709059
0.134035250668588
0.494466526912808
0.067014587563926
-1.3719453392306
0.30764355577209
0.0464750532278903
0.73926876799563
1.07664125527434
1.25328802007856
-1.29662941943606
0.237011234766262
0.390795817841878
-1.17941904459671
0.0345584500283715
0.541808596729306
0.855680632429992
0.772333708615675
-1.36081888759976
0.034313957397146
-0.587759506750044
0.534785326758074
0.637349602341924
0.411774031679632
-0.503421484414436
-0.788457491198881
1.5489410270801
-0.146161805808242
-0.198367070406936
0.616198781706951
0.621595677442091
1.11591258798345
1.06044238985398
-0.351364971988903
-0.628211719368009
0.105554843621196
-0.649296949603576
-2.14560649268634
-1.16218452637896
-0.197499146837372
0.214873713507414
0.800995662769971
-1.23819819152725
