0.383716570547652
0.101015108966302
0.620485136865338
1.20554659649256
0.599383113193077
0.943264101392186
0.510845432577377
1.55097522133757
0.419635545161474
0.405761082272151
0.480062808497736
0.581388557867138
-0.222257059264653
0.832107312827867
0.171525912850061
0.11666535887943
0.329914219166934
0.856890147368027
1.23615519309568
0.412661276476527
0.309193595580518
1.96415747880362
0.696038360945391
0.96598096779455
0.798034701552866
1.93807902705613
-0.118088175319962
2.4496855039625
-0.198204839679978
1.17553007133073
0.0180183893718783
0.410458302235183
1.2985570242614
0.51250698859363
1.14912313526314
0.876268039489898
0.447462067632601
1.20147201810645
1.20578001702701
0.17172784029287
-0.0464142836172722
1.79213415730867
1.12349783795375
0.529424421625554
1.08744381066504
0.649272678273113
0.507355716544784
0.96017668849284
0.958278300688995
0.986873217683059
0.170232303004195
0.557951725727856
2.58531499301389
-0.582105148785811
1.25341116549874
0.0630431833125615
1.50074727817408
2.26016634711409
-0.31352740055461
0.804565751929195
1.1679858782679
0.442611702734634
3.96292707598324
-0.265043671667676
0.254413899668999
0.755009160911414
0.759765669692953
1.32619431507775
1.17060893246584
0.310402546944568
0.769223106925764
0.715999929783288
0.618517294417364
1.04665546898781
0.954611978605689
-0.69659218042563
0.673564650957492
1.32216494774619
1.28524878234884
0.658273442008307
-0.30175880436803
0.985381803143083
0.402236743369191
0.459186344651653
1.03358901324021
-0.655267544430947
0.368654140067041
1.56826148903695
1.27715117482778
1.08280636491261
0.66013604845216
-0.547129777620192
0.101257459556661
0.994849325525558
0.595613590766233
1.47163550296594
1.31856985135944
-0.0206743237009114
0.506079465572616
0.82234841278734
2.63182920770764
3.50346157538644
2.93195975082494
2.66303551254417
3.29438585718022
2.42648160580482
3.40736196263837
2.73985453576337
3.41302800042585
2.54193996783946
3.97428732540388
1.93840028708378
3.15581678008182
2.47599793112543
2.54682198383797
2.62750282036609
2.12831658534034
2.84190938956148
2.14802328388063
2.79936706682749
2.69802840553726
2.70621259727283
2.03815660549789
2.79649306318759
2.16721813984725
2.94444995229613
2.55586377255487
3.05670680689853
2.66330934890706
2.95239418477432
1.95412668182972
2.14383801286104
2.85284098747221
2.93837561389732
2.58151017167065
2.20597331678913
2.3743483482246
1.50649793526436
4.51567752314611
1.32735060900363
3.08457566453182
3.90656197226172
2.47451956914842
2.37160661716934
2.72070912312436
3.51244264072946
3.15391655667974
2.93950172621823
1.94236016256212
2.33106217170014
2.59063415664507
1.95025910518633
1.69973788540207
2.80359499627834
2.75403243809687
2.62053962420975
3.38074793013149
2.35461384847621
1.97124602407544
2.8436745151145
1.72436246030693
2.17376127544517
3.43823497552276
2.65614321361119
4.97834102795617
3.53095820602851
1.64160275221321
2.44503821895233
2.81297826954715
2.37382328503842
2.79152019156068
2.23553811804599
2.59238237426413
1.88377800237425
3.20031940098216
2.35997734442551
2.23782482980812
2.06286620102012
2.51658102944453
3.10208908042031
3.65638084090042
2.72647450649842
2.78400410754015
1.85004860460238
2.5278743873152
2.43141014678474
1.68445463453853
3.25404421540433
2.07873010849693
3.58445368287165
3.37830338490552
3.92888590013956
2.22182561048658
2.26625034515966
3.39793244562743
1.50864029054213
1.9119514432207
3.46225438756171
1.66445366225916
3.53287264046953
