-0.0862112018109445
2.16749374344456
0.139223282296109
-0.339841951160563
0.347021032101591
0.331937444324626
1.48684390928854
1.35870168626583
1.05029529372816
0.733999196607544
1.03457620357652
0.834652853642412
0.603288262554643
2.31364384695792
0.251258590239907
1.43330076576641
-0.223560388819632
1.50627710954502
0.723545759095415
0.223280443704177
1.33071724475997
1.15397820397605
0.77356847248101
-0.750383416508169
0.192778812632816
0.782650708040046
0.776502531972747
0.535740313237884
0.727073297626761
1.02425404224272
1.46848199143057
3.32449223228942
0.694394401384127
1.42477889772757
2.38268660782705
0.461268690451149
0.484838838879319
1.02638538905243
0.233938682805212
1.28952588867058
1.55812556876297
0.250832868204097
1.08784188600863
0.402174613054998
0.526933887826437
2.16469497976132
1.10059450225202
-0.511954317923673
-0.145646157489894
0.874748347564218
1.78140103409855
0.553157113421531
2.08558157343895
-0.453793293844154
2.02609642332939
0.865033052981949
0.0709851420885392
0.872432388783674
0.596201039029622
0.0997268593173891
1.20765335876922
2.05642996526625
0.0408925658898682
1.02303284907795
0.288710692737681
1.53834615729404
1.38640583431509
1.46390164177731
0.850013734842031
0.513221641304248
-0.119723857593289
1.19658917386948
0.786572691066159
0.512573750486594
-0.383713929331215
1.27557441031968
-0.171040227541362
0.342377578446497
0.574070020508948
1.518295671076
0.62512888647672
1.66385508971261
0.388358849540633
-0.0750322445454206
0.210638875330454
2.25885722515078
1.70372031956821
0.681027449532733
-0.00955943254473801
0.800800341764463
0.997962729054144
0.274462715771688
0.95092284693593
1.01861089660629
0.19079253560256
0.329437380153656
0.240764706709184
0.231784880103857
-0.0677029845453409
0.185442797605118
1.70990631522043
2.26363122412652
2.69436354524288
1.96636132909816
2.72357571454649
1.81260260114096
3.95121878117704
2.75075173393589
1.88530762429541
2.38454328150254
1.54937540918941
2.62125962044515
2.41484751262601
4.14544687217843
3.44897029412936
3.31861087947886
2.20859069747125
3.63836288349225
2.71687188354909
3.33702314555383
3.34796401683802
2.48543620924874
1.72036701643362
2.59354820163659
3.60632066068555
1.39234172982381
3.91506066508654
2.45002410621721
2.77900036284043
1.44524215443452
4.32586641536079
3.46168286217305
3.07764917884662
3.25028463138398
2.8918746436425
2.5795014865695
2.48246220198937
2.73208978437927
2.21013083601059
1.65835874437346
3.32670318347464
3.41247160309049
3.00896931079288
3.06460867400463
3.30372811264575
4.35538626404562
1.83940529816187
3.85025963401989
2.38751131225325
2.59619929791104
3.36044780346702
3.04827274900805
3.4290374163895
2.49231477293228
1.77973066341115
2.75548149909637
3.73520104950121
2.75641078451055
3.29876041760066
1.30682916792161
2.83565075192722
3.41679932693175
2.69213683599234
2.1063343289841
2.38821718807389
3.67780376844096
3.94535200678491
2.58884987286251
1.43603321032075
2.86000080063559
3.08218975036963
2.65399313013199
4.67530969394083
2.74203941496378
4.29660293280642
2.96278676385733
1.81132930729362
2.18052553156799
1.97287995714264
2.47697057346593
2.29369876790299
2.04947250017688
1.42175238628314
4.15514574744165
3.84378552147078
1.47642363035569
2.42178373876011
2.61457643373338
2.67338237799542
1.92465082603878
3.1171954750259
2.82874285553909
3.70264574276481
2.0667463216043
2.58839104854146
2.77861017619714
2.97472458468148
3.21395636275719
2.1617637538903
2.16634332006039
