0.0153181042758448
0.665725283964409
1.4128065718868
0.422855957164452
0.633767647311266
2.17029112082875
0.957173446206851
0.506746080111729
1.24532404793949
0.543310443540222
1.88643407386275
0.581008180952892
0.752984196050736
1.04186525506633
-0.337187202958306
0.823146784983235
1.08611851536942
0.908412180972005
1.04675330249644
1.13587683445593
0.13408011789042
0.259520253610886
0.924238185880037
0.619517721963788
0.943981390621021
0.824378820474662
1.72545385338969
2.31445485344684
1.12037340974681
1.88529067837093
0.092457031115473
0.886915561753962
-0.0186994040183692
0.362520544221974
0.0304685564312074
0.447124174789554
0.335267676427036
1.31046962750937
0.668959971080665
2.35710696924534
1.34538177371135
2.35264714905095
0.723321251126051
-0.184594388361151
0.398093222919799
0.506455507508007
0.971443811777683
0.704293970178479
0.976316579382055
-0.00858899203811155
1.37573637595836
0.880991800599569
0.462709455852094
-0.71948770581457
0.390755039964807
-0.652725270762164
1.25813822971994
0.727081458281134
-0.605530915683756
1.30306843315416
1.69305869890737
1.40217450826386
0.17347002940026
2.09889236636502
0.862424185764728
1.23805189300332
2.5140752679135
0.311619136105383
-0.585924441103511
-0.417220424240018
0.964644033540538
-0.205568797678399
2.36713262812165
1.71671312949765
0.163070364937252
0.026569093940121
0.348140418928166
0.688034866607173
0.276664739049446
0.466374541716201
-0.134444188262391
-0.0198844699053663
1.23990316170025
0.865806860741517
0.376886029975607
1.27591285366404
0.300579611203099
2.13619688551287
1.28321018400622
-0.395394899369894
1.44828233125405
0.670673294531987
1.46104441445662
1.06401642501051
0.262774701217646
0.750932736413162
1.1485097898881
1.93765070883425
0.322025246257112
1.22353637361176
