-1.07421809525007
0.10836881903047
-0.498850942854001
0.859772807014983
-0.45942207443711
1.81250013495056
0.30733053265735
-0.307683957964242
0.547214776406147
1.55755176272717
0.155329406039384
1.18796012466332
-2.03380745208195
-0.447198384246659
-0.535686437322692
0.483069013412502
0.941010433122385
-0.81494190710707
0.640152044901474
-0.274658696235965
-0.258571902020512
1.62633477960868
-0.419538015877563
-0.0406895666041357
0.104173400031307
1.43995586660329
0.667558659948347
0.0472245916764515
-0.76757165953185
0.151382851149511
-0.564301302726943
-0.098373710028996
0.557572004883902
-0.447170822852639
-0.0462950363596213
-0.640619061547709
0.418218538226327
0.21054747148794
0.135252082972158
-1.26902879346473
-0.17695666548955
-1.18901263185375
-0.363728283433191
0.983355854065259
0.747155298459806
1.34860958619915
-1.31527202477011
-0.105690594753116
1.05095641722179
0.690531635900364
0.975472077603992
0.746571026641007
-1.1702594916576
0.217009181307301
2.0233582578604
-0.399501631962609
1.73187973051159
-1.79912101585851
-1.88821543914265
-0.525191879869925
-0.669077870915614
-0.323873275917333
-1.13790754741019
0.385223893354501
-0.750224725836112
-1.81423872200682
0.809875528420829
-0.715641320067835
-0.901195524621444
0.215912915790312
1.08599318888398
0.447371609540478
-1.29316870851137
-1.07631545959633
0.0294242511281084
2.21707655400655
-0.0599932836996696
-1.62731051524195
-0.696996223502522
-0.868518723251193
0.559813323559839
-1.15848167334024
-0.442572501064894
-0.495167912076521
-1.0638450863847
-0.600869610505777
1.02942381779003
0.931040697443007
0.0944393977875179
1.92277607288176
2.18947972797205
-0.698485589679098
-0.376224286558771
0.551150087785192
-0.722682862371658
0.468566803520708
0.53360143093815
-0.250198436533147
-0.136029662355355
-1.18422432006551
2.40140519832745
1.6128765147457
2.29900807531179
1.09181656265652
0.941437123642301
0.679343525349142
2.13715474873814
1.71654474566681
0.684577410181313
1.43004400678617
1.07219638221322
1.42755589471984
2.01611101160227
2.74063484997892
2.89343254231788
2.00453892187915
1.7769038851876
0.868121300480343
1.15216586212801
-0.448465076619932
2.40314712196871
2.30721883128212
0.243454535155271
2.21868169131037
2.35222300901509
1.23630737933645
1.16367319968897
1.30641143682258
0.391290940521549
1.79805384471932
1.14660925345969
0.17756539856449
1.47189687772812
2.81410543003716
2.17692741268569
2.41799020842919
3.76214607543564
1.75566148406423
1.63177997359484
2.39831252086759
0.785401557582706
-0.120465808450756
2.50436460767924
1.32673072014394
1.56976272005163
2.55496142874734
2.40127289556291
1.67080043332369
1.34057772954603
2.25476559913639
2.01437793689182
3.29768176771367
0.680738050396634
2.45629004636162
2.65649347502662
1.88334464271006
2.63362959346044
2.34825856904179
1.81414239811781
0.56655909874168
1.63002131802346
2.94112041056352
1.01647590803185
2.49501550075727
-0.465668700967807
4.40031287262698
1.5593038468688
0.419102449879956
2.20742755313083
3.64108209591578
1.75692841574697
3.86320794965326
3.01707567846168
2.19503331591066
2.80384512579274
0.278785184583351
3.67313642458264
1.76461546324614
1.87306857202767
1.3652077751837
1.51141571593366
1.0025420577183
2.8181924991647
2.85162447917227
2.98529264528062
1.12380185458025
1.42161970912049
4.03534826789263
1.67136479897305
1.48431284795571
1.93957746718905
0.383641776921453
1.48026684460545
3.98272635564222
1.12392579521443
2.19609788572173
0.885246132843078
0.0283452082967433
2.33703880168016
1.71387591592629
