-0.0128529624135821
0.290531152718277
0.411538193460281
1.17976004409951
0.774185288546856
0.728988367234259
0.881121072205818
0.541602075426524
0.713419308939248
0.881893313350411
0.0921749218352107
-0.260107384411959
1.37467768812057
1.04901098898259
0.311038967847997
0.81244659972387
0.972153207426393
1.54742202204988
0.747861187234038
0.528078884937726
0.166863510651255
0.371817749893289
0.122625792837743
1.61111105553599
0.635049953187425
0.305427998588935
0.269074588554757
1.48754691328959
-0.203471569105195
0.453432028297355
0.161283422765552
0.176032531115167
1.57560944212259
-0.700237040303335
0.554721155761435
0.271975441770743
1.63815503575452
0.373813325275088
0.807378936832354
1.05995479807076
0.85268044082707
0.703449802144851
0.275609711930075
0.297829588492147
-0.690644165616626
0.536871521942704
1.16713185558527
1.44419646089896
0.972094243307788
0.605963350718795
1.4165402361124
1.26812690872174
-0.219258436307668
0.60634130848883
1.30230057713978
2.27037355538279
1.24416525369976
1.1288139655127
1.3180377911264
1.18545714401135
1.31048626101815
1.58216928236683
0.115602945223569
0.0713938846519326
1.46533245135012
-0.189644455737863
1.1391522732125
0.437352030322756
0.935467010130451
0.650094145539162
0.535238360151119
0.165534354835645
0.758920985694582
0.0401440987199553
0.707845311108671
1.80683338743039
0.870476958959059
0.891790995651283
1.17078151128771
1.19707592150511
0.845348445117
1.07651093878884
0.18310902444531
1.44746565532307
0.0503127465069724
0.685737305429318
0.410232277535098
2.3712334395255
0.443542341683549
0.0631233921617516
0.734059052509755
1.20906848154975
0.823646364339422
1.83370648803731
0.549722578874785
0.288223023680793
0.382977268573881
-0.643469694930263
0.776592797856705
1.95434308258441
0.499500055400054
0.568586858580114
0.638161162886946
0.858057695584264
0.634779381173834
0.380259023902752
0.533277920989296
1.10534147381918
1.19491811157331
1.40854952584412
-0.405225277376559
2.21676705016894
0.164029689079679
-0.2532341427513
1.6432245922614
0.670796904688646
0.540682320322297
1.09930346486632
-0.396621812419455
0.140307618549286
0.106601406423333
-0.137065314125321
0.559385540276686
0.673857044866116
0.404884050876934
1.06038404889031
-0.13187929222164
0.356387419199483
0.913293844223945
0.744124719249539
-1.1897529496523
1.69651537131555
-0.525931350805004
0.578567392939414
1.60479665515441
1.03058152382789
0.734876899902562
0.252436953265739
0.6745637147178
0.625026969362805
1.07871584182703
0.221261866554204
0.420816859050953
1.16053129811692
1.47578317652085
1.35018958648422
0.776788762611505
0.0525479059044301
-0.357578198386169
-0.276302258706316
0.933179352330077
0.411484666264246
0.376661114772528
1.61669752570237
1.12817724269415
0.16355420751689
1.00938261950628
0.472440878913219
1.07319165756497
0.872538351982527
0.901935780373683
0.228358394947154
1.10119266046792
1.28600816086496
0.028850581400713
-0.0473206947258153
2.56400519766267
0.924925079420866
0.539536683050819
0.630156673316869
-0.150512148006802
-0.177467230214551
0.626391805035418
1.01818623958507
0.564570923215918
0.827502633844194
0.0452161825148537
1.78060786966
0.839736817807854
-0.413779260790864
1.0693300622061
-0.0482679512423155
1.2262277948454
0.246908382488741
0.146559137083008
0.739452705880242
0.615531419445222
0.0798089372568283
0.596533900758747
0.194136108036278
0.44927699962032
0.116897364427193
1.14030692571193
1.49587427509619
1.10488048522649
1.44936137499057
-0.0324886584780196
0.16365579649336
0.245324946746808
0.517356542607912
