-0.426117749060498
2.19955292585934
-0.89893783982954
0.690532565642256
-0.956938659499822
0.497696663160414
-0.069738518549637
-0.456312827616895
-1.01008158825405
-0.654958619865104
-0.152148441648529
-1.27683740468686
-0.88816947239495
-0.833473584194765
1.40126428566316
-0.200655728636241
0.581535452588601
0.921400915195421
-1.3624735079501
0.338771084048207
-0.110958059980565
1.02944105831965
-0.477959145346176
1.22282294145969
-1.05879785158995
0.268997617149854
-0.0592289476246234
0.861428600330465
0.552850237167117
0.409607388095644
-0.372986740164968
-0.958994810084455
-0.449628921315165
0.935740296014687
-1.42322127362038
0.174293010260301
0.800942322434084
-0.710350398607215
-0.911343593787366
-0.305016888945087
0.266688938399984
0.151138992239144
-0.586001699754741
0.852143855963753
2.48035586444998
0.155547055744839
-0.917169266701981
0.0807677163599534
-0.565019350981803
-0.37804901151062
0.17644361029555
-0.0979437915937024
0.816623979285649
-0.235353334462994
0.599266320237003
0.0331931215282004
1.9779934562912
0.718925661447798
1.81226673400053
1.37089326094512
1.43544226261595
-0.205734754895614
-2.84241995273868
-0.184691061654059
0.0116982576562701
-1.51977004665158
1.88277368268805
-1.42421196947944
0.85325239732001
1.77709058349461
-1.14664087566538
0.513790236300802
0.646356228451025
-0.0146718435418886
0.899824035974426
-1.48670498558628
2.39322823817929
-0.230132436673751
1.44909671759065
0.0358326333577556
0.110159603996149
0.188473829618684
-0.343355579267825
-0.779821568876349
-1.17525021427727
-0.334669442624473
0.586430773168303
-0.139899018300747
0.239093573546036
-0.959359407721284
0.471843069723164
0.706853232039306
1.21351173602519
0.564403518440948
-0.0811434107312337
1.49164605918169
-0.218638239218393
0.236546370823186
0.503650836042232
0.349776714456067
2.09610012737311
3.11622293617474
2.16237845192879
1.76880670594667
2.971704282561
2.42572253536568
2.58384667883494
0.25821820641592
2.53277099112268
1.83993405522044
2.89732174199421
3.69460888066118
1.77253799669221
2.98321916260583
1.71260743987254
3.45860574173254
2.73455995989068
2.15923524254035
3.12491296689283
0.695231689608807
2.34164650195342
1.10460635703203
0.337856243487164
1.15050148346238
1.57817998930522
0.860846385043286
2.46197778412904
2.02342182606426
1.65052387619523
1.70612205088894
1.81722684826203
1.94233498791726
0.912078419049562
3.70427019364041
3.10580329424862
1.60889792387808
0.485676516243618
1.35263691835342
1.59006610797161
1.14637659441724
2.14523468862469
2.4738767917688
2.83374842095154
-0.320359334509053
0.00770671597490313
1.46458525930297
3.02285941978988
3.08239822142326
1.76755068933726
2.81420220466227
1.4353874006988
1.35661539107499
0.935247432834698
2.15276161987581
3.75099340145074
1.70070710893538
3.43807252308084
1.90584100111805
3.57274633008307
1.10351457045433
2.44287382800953
0.530295021676848
-1.01853211462993
0.763836297637515
0.508706385597772
3.16189052305668
3.01867022415704
1.01901535536581
2.61564105995833
2.27871082912351
2.67420191733941
1.56797910783343
3.7173989425759
1.46638339777172
2.60702337035699
1.57855246255281
2.41903303077929
1.89121889082319
2.4422893208124
1.97082849292605
3.94401612035154
2.19378107049993
3.31413426710212
1.78826890535434
0.591708071172844
1.31774258773081
3.02690094166385
1.62170339399318
2.23040531526143
1.49894024040841
0.670731957154847
4.44950479768993
2.21938151727954
1.70847150345865
1.84226468839999
0.899552150318646
0.820540575788285
2.60590142240003
3.20787419299898
0.957627688992376
