-0.16441708495141
1.09443450089683
-0.0791565004289192
0.581499915574859
1.20770198072962
1.5514774868494
1.71515842993067
0.650106847351641
0.84315875192285
0.00946917477098711
0.855058627096048
0.0998650143728682
1.04329178560932
1.51285703304242
-0.163833392221449
0.983156043542112
0.257113213621544
2.75663542831689
1.02602718766946
1.11490971780992
0.845627496134562
2.39301500946094
1.60746962209455
1.48141070490335
-0.0647463229181129
0.783751362671642
1.96109439591151
-0.365026723368084
0.955109558881201
-0.556986681473487
0.646746534587433
-0.165026053846695
0.406325679774326
0.921483365486545
1.12754492967615
-0.0376858280139339
0.787596907633233
0.23234092173266
1.36595770422638
0.158989018502367
0.55702223978999
0.891765690180429
1.25740528925288
2.23071527356321
0.900938964374603
0.0986639644865423
0.846635075185796
0.540891169463717
0.626982945062413
2.59798038645399
0.213575986859893
0.911709264213203
-0.0121348907614885
1.32364341260213
0.929094868573319
1.02954251308319
2.05635290333333
2.62112752160342
-0.104960250478901
-0.164713555319711
-1.04659194197857
-0.149598411009135
0.0099877891234264
0.621371164066165
1.96452006264702
0.594246628920785
0.358940330897273
0.18165189987562
1.24598215215013
-0.324039252216671
1.26911243047642
0.159602906300043
0.390017877625027
0.424608793886159
0.509154700660662
-0.159672515802261
0.346937398346506
0.899043173818679
0.893207832410851
1.18673744028709
1.1218341384495
0.967814376728116
0.21307792820512
0.420920497692524
2.124791271827
4.60211366846626
0.336142895778034
0.539383366615823
0.0542121125032182
0.18749992514244
0.789913429167001
0.564327677223588
0.734135381971648
-0.397152529201145
-0.566433901542025
1.10723649621113
1.09179199132721
0.763076465364229
1.07370087701098
-0.628646560471572
0.25108538127409
1.3804282051287
1.03425069948329
1.03273373428601
0.489940202844129
-0.0674717140524215
0.589905692402186
2.00570261001118
1.63598525709864
0.713782447336306
1.51968768970451
1.90016717624187
-0.319381922847223
0.952466821508698
-0.730678719644816
2.54790029601792
-0.149394851164709
0.465614583894405
0.229157725208313
1.90633427174569
1.62954832368893
1.09869058367939
1.17392456675299
-0.663276772015289
0.704259871695054
2.05920349040021
-0.338287309386661
0.39982773385493
-0.0659912549726277
0.0746679466409019
0.756595210049299
0.301054361689129
0.82656671371519
1.4200456275049
0.662815146332838
0.205102808368725
2.06617946038631
0.823951363710227
0.196523586676765
1.05902439257433
-0.358851315540536
1.47262547792604
0.157725977578562
0.0195142689011342
0.106526135008964
0.786053001872167
0.868410386519114
0.448892240701519
-0.537236644058187
-0.10341778612516
2.53857094047253
0.0750776356402007
0.231146831811746
0.956381260686238
0.356455499722859
-0.416142163380909
0.777024909722764
0.6533833808955
0.0490419494001299
0.808578851518871
0.565806625512423
0.926069391511786
0.819249052499811
1.30491811259308
1.1076656785194
0.218361450214243
0.53474078413922
0.807894216240361
1.52317924003441
0.290481583091165
2.2223947004966
0.154873388012906
0.954851061543115
2.14591047902978
-0.143598100018487
1.73540538762666
1.07046372275164
0.969814430041643
0.0477713096110888
0.594227795364382
1.06006011099474
0.868531496153966
1.36872744034355
2.02756571033232
0.993287316180557
0.114745145482078
0.557726417324773
1.10376055635504
1.70345739891981
0.606173455149528
-0.0805079637994744
0.543553180010588
1.07191488895483
-0.377963608684421
0.826988175615337
0.448669277329217
1.06988124088437
0.76375908212758
1.25866254514559
-0.171403351776714
