2.06426150327109
0.90634611339357
0.741215080762176
0.0750206130327834
0.828530243985252
1.54566072511749
0.328782664880757
1.66918078299571
-0.110965380228877
0.733410983208406
-0.14395507114623
0.265512475329434
1.23542536463182
-0.050691337420569
0.0242915852387461
2.51126576843168
0.10811639329495
0.135668185418911
0.504111662845662
0.930968624065776
0.355807986096293
2.58570395345934
2.05225884582963
4.32197789796535
0.762063564966128
1.06812114613713
1.59082739366445
0.900774086127916
1.47909563093963
0.678645255605471
0.938818363970434
1.03308425613772
0.650891015134998
0.600809447733889
-0.00311785578931267
0.78858868862295
0.405653608869864
1.08985455297626
0.324742208072008
1.91797282376695
0.170205912549738
-0.0476987120068147
1.42652551803089
0.460423199280192
0.212005018121406
0.413497695066865
0.79706005999817
-0.601522175945915
1.47867034693855
1.20022412664328
1.30109392246136
0.250156038915117
0.399526807944857
1.22716719752998
0.396826042157388
1.75083983557381
0.278441377703837
0.577808808332336
2.52874493983919
1.38763480240276
0.116868682657616
2.07242704082499
0.928635935969442
0.471960320028931
1.70501309087775
0.863796274637684
-0.237638083572552
0.98643885799957
0.42058354323605
0.543121912886052
0.528941311483662
0.817658228417862
1.0544599921562
1.91699247472991
2.08339635657639
1.66107436735205
0.721205476820299
0.908010996948535
0.85392895081847
0.030832526234394
0.713447589453712
2.06581023542994
0.726178124343466
-0.0910330246658531
0.753671082940469
1.03985341200959
0.950889047289456
0.797126024527007
1.54811305674783
0.334183880329164
0.0148687451420221
0.748168061609653
0.833272454184135
0.819673056139653
-1.43211859547355
0.399102053770023
0.182568207795745
0.370457090719474
0.356101835517146
0.457233448504542
2.16052560289243
2.88723307574162
2.20115013874315
2.20325602755485
2.66643523875346
2.47121300723535
2.036757101617
2.51069700840042
2.61845341266221
3.51859719957888
3.32080824322595
3.81265269163749
4.23036174395108
2.52574227430754
2.12219893013433
3.64663510385218
2.39391743394281
3.17827689867143
2.01157874440592
2.38218003026537
4.05835550085889
1.87221434474609
1.97793474642001
2.77521990857
3.11564183231692
2.14548656511328
2.83646117461372
1.56948776592936
3.06073812638792
2.58655618159751
2.48711010114317
3.17394343703995
2.26610675729821
1.83926906224389
3.48828973934705
1.79485024885421
2.72669567519669
2.83413821409654
2.76546653176317
3.91431535549427
3.48243872018371
3.32576278872719
2.01379960133615
2.79284277780368
2.27641242046992
3.64491268828462
2.11659371678487
3.30128933994137
2.22312413453838
2.85034889387433
3.09964991256844
2.1629982007143
2.14631811227506
1.51775670259508
2.57586184574379
2.86940237353596
1.94042181568418
1.70475420805034
2.65471219321496
1.47023276346966
2.11916223217437
2.08469277741712
2.54569641580444
2.55732041705321
1.9532168459842
2.10916402132214
2.98896312944699
2.5885916258744
2.81032651205394
3.67985585687544
2.47995207702592
2.11473556582342
2.43607117625208
2.50502555205494
2.60301422566457
2.38662940532676
2.24823368743984
2.63628624508196
2.75587489706371
2.51670675036677
2.82046575201003
2.76775599689753
3.29620125705788
3.77420345482218
3.61498705098014
2.57323561177012
3.84491729861049
3.4027953524634
3.0074787445402
1.7183354687903
3.76178005970923
2.36632216325028
1.57865977095812
2.24503644185077
2.17912001997053
3.35341278133519
2.74190551791808
2.11444775850561
2.27685388131736
2.66865499718166
