1.28785563917319
0.282880171481202
-1.70204036396957
2.80249242347768
0.170547320816032
-0.324652861046681
-0.189543142234867
-0.430648541856718
0.503373983851756
-0.390203795394417
0.0494620830353361
0.320911195908826
1.18908934148928
-0.58538746009636
-0.861075489679016
-0.72007955755824
0.555339559186812
0.88737366266493
-1.50518093602697
-1.9611306903485
0.317814081919467
1.35810687645466
0.144883435261591
-0.809668749719205
1.43573402886503
-1.09602022360857
-1.55210957860005
-0.472717921229648
-1.05022419087606
-1.85128596733871
-0.358378685327515
0.46808537930453
0.286676406652071
-1.07566785019575
0.280649180772347
-0.603912447931381
-2.48023494430667
1.38446628168809
0.126425933036627
0.741815492832303
1.15982682177095
1.20480023144759
1.96393758222318
0.586996322035204
-1.33718540098199
0.00363228522364989
-1.61029978721758
-0.0807743207765631
-0.143311259952486
2.16131418607091
0.934504390993393
0.560534305832775
-1.52738408647767
0.893197689965085
1.42095728436092
-1.43531243705051
-2.06877014888674
0.558487527687946
2.335250271165
-0.365729264009004
-0.738791861683763
0.134434819346223
1.0363412315504
-1.80971706500913
1.50322445005576
0.123140816627959
-0.784827553884035
-0.0797838511074482
-0.782271976819633
-1.1769944416678
0.088323866089387
0.011699801794558
0.479493375213686
0.828014971643292
-0.159771866873232
0.63062088940895
0.466997648977684
2.28605964151296
0.3482639759409
0.0928440661550383
-0.324075660636206
0.095561778423006
1.15195897752523
-0.726218152733021
1.75432806681999
-0.810108883724152
1.64577151643715
-1.44583118972967
1.48825141254502
-0.397246605297504
1.0029121465454
-0.0993762686923078
0.230481239819398
0.553058022156488
-1.30565165875499
0.765446191721419
1.24782264305424
-1.35949092204794
0.308312260398285
-0.789484658673479
-0.324553485624172
0.990951746463375
0.149500231117028
1.097366228702
-0.593610902297563
-0.497417210757504
0.653545434692217
-1.2403100977507
-1.08457301671327
-0.576896757653698
0.63360161880137
-0.0132873824682197
-0.5402415652778
-0.333229057145233
0.0253784009262843
1.54126883456568
-0.199302838687322
1.55324705186076
-0.0810056128727592
0.810691040534793
0.906539114310006
-1.26057247405786
-1.20064855677414
-0.936028864608702
0.2288361382339
0.690929626578576
0.249437944227339
-0.963391878515306
-1.39801810338815
-0.306329478694464
-0.992024716516671
-0.314418081952737
0.381199463098788
1.07752705450481
2.21028382785265
-0.219904064838155
-0.860761818665326
1.10848530192809
2.01169125698673
1.34269559749351
0.652021908166914
-0.493057453794491
0.368833782857292
0.478232762018163
-0.117529314977631
1.02072229659598
0.227685773486851
0.36430504899458
-0.23027937317608
-0.982906393128965
-0.870303779636613
-0.785622060279769
-1.4216998926217
0.232180761095644
-1.41869741094512
1.5307272979819
0.117984986652749
0.823570772529917
-1.85220041905628
0.757093677442144
1.34764270210098
-0.28981097471114
-0.279771012829042
-0.804497852685688
0.227198908057695
-0.632859788266747
1.426283118451
1.06813288693483
0.00439222843386272
0.876101493957583
0.496152431411981
-0.795341943579465
-0.962471120411171
1.03648598942742
0.59916890761957
-0.937123334073658
1.48521521717264
0.573376064708504
-0.416257862755487
0.979779322211887
-0.230659306449332
-0.387433706653056
-0.0324771393526606
-0.183131874049106
0.69128702317576
-1.0731116357244
0.249499645852693
1.38287463244363
-0.334711822117756
-0.945588502600366
-0.204927601724943
1.49916927710739
0.907199428210808
-0.761880238216372
-0.634370417749377
0.0273583681367026
-2.02601525046893
-0.0914952117167382
-0.293363356024406
-0.12237400755086
