-0.00502534692801815
1.45834385744661
0.730493215278725
0.460224683043758
1.0944837173125
-0.343925590937257
-0.204771400297868
1.56715673630459
0.285077494733159
1.60587526099522
2.1906079960434
1.099343791068
0.146376875618926
-0.0990333769198769
1.19912542533494
1.42990745824479
1.06665887486231
1.26663680703002
0.532473136298711
0.566955115521656
0.540951476864075
0.0148138916173368
0.089413171417935
1.04866116318801
0.552137826295888
-0.0550594148637071
0.114944895168205
0.902702931946038
2.70097850999389
1.9766355430918
0.0688607648863774
1.38641440997753
0.573680825090856
1.4567216706395
0.455757506902607
-0.0349921800507923
0.189035720594373
-0.367734491289083
0.752244578912525
0.0672067290424932
0.310349559783985
-0.719267957038689
0.642754827461287
0.504115344156757
-0.329075606415997
0.8490333889757
0.956813023158043
0.889498915121114
1.41971364270853
0.10965380456996
0.255775946433098
0.254135359450637
1.25097242464334
1.30398476319222
-0.39338301302998
0.968901861034466
1.66326105640213
1.34736944596713
0.820577510232253
1.3071474777951
0.985965584514904
0.746526112793272
0.429730997125662
0.251222937543235
-0.0837905141386247
1.8547679714705
0.997516551387765
0.515286920868851
1.20274316674629
1.45997143978798
1.0067252821034
1.49365468926283
0.475928131178367
-0.790066916755165
0.589837114969975
1.16957372759693
0.409942791765787
-0.452205050964474
0.256928122589067
1.12249393671871
2.29500930566857
0.430735273759644
1.84585487688119
0.491950937485896
0.197255111776669
1.06460826015781
0.658816869503312
0.396675607792246
0.627516127755859
0.29892596603008
0.302438106887231
0.782098802056685
0.694826202744635
0.452573912877426
1.46121655386246
1.29160073587513
0.577386695172634
0.417939646812605
1.17530299289284
0.402691106407177
3.05457814910339
1.94613809599173
3.05106143596022
1.80187876415473
1.92467960677374
2.24174513288757
3.46231073573063
3.69021425964679
2.37922487469041
2.55416093767183
2.81254301637828
2.50309944147275
3.37635936586268
1.02834217463989
2.71029549574855
2.1100596067412
3.21457522099165
2.36452471676991
2.01241211468923
1.62941773269979
2.78890245291291
1.80413125801968
3.00041396154616
2.68682078014327
2.72294037496383
2.95645851939021
3.2153149794663
2.28469174722979
1.80504893738683
2.81771585304242
2.7515962914662
2.30920369426313
2.8731269138853
3.93010571011375
2.40396622291391
3.25755883011499
4.61459540158441
3.98635506655981
2.54986768159843
2.57043675208285
2.48175616348517
2.75536597680682
2.66660079043533
3.86898553110516
4.2911092601401
2.67347105226884
3.38139679664368
3.38202343217411
2.37311684761251
3.00951844897287
2.49625442906688
4.67956641054132
2.0218793790689
1.91680649507135
2.25022636469899
1.85868579029233
3.40631564614997
3.32746443086952
3.62403498556397
3.59190427884644
2.12106415088286
2.53785636764031
3.43672640951353
5.15594890046997
2.5358328712149
1.9983743415077
2.96404851173923
3.06719163640539
2.2569327338832
2.32424954361789
2.1134424598346
3.08885951369427
2.19120143045205
2.58221146354672
2.68988752317992
2.5664098253006
1.89843076206878
2.08332040011781
2.01024149163117
2.14426148775778
2.47258700612792
1.69970033272824
2.78579964144849
2.58049322404435
2.73745635382604
2.3777556070299
2.32401374251302
2.50725532568991
2.25684059340137
4.126779686331
2.55811846251753
3.09064504826638
3.2776962874421
2.67222987177056
2.53961540177607
2.90145706026712
3.88276480298324
2.19032956481577
2.9985737269593
2.59597679556806
