0.997873181946756
-0.19017451022791
0.948956988105445
0.802768496945961
2.27463617107099
0.008481840375997
0.31783209899215
-0.235047530310032
-0.34306925140949
2.1500386863984
0.937277104398778
1.45503056134459
0.93502778141036
0.163567149608732
1.10590700520868
0.825564226935073
-0.626630682558275
0.800255971157583
0.347832393839106
0.0604977802422251
1.27899680536252
1.06008468125618
-0.604290877172593
0.836888419934837
0.286459100822639
0.625502073762887
2.31460519778954
-0.35724158492136
1.70741182549939
1.41608848413179
0.926342179926764
-0.11629965834099
1.25615283845335
0.773317883125674
0.842593742750344
-0.491206566413378
-0.141723680890638
-0.288325646569889
0.554638967494707
0.80349951722742
1.36144953911345
1.1052593212719
0.335268511649344
0.0178175726176169
0.251829891484036
1.65615602690477
0.639961106914601
1.97297427611372
1.72955280083393
0.958356077614042
0.788130969675389
0.0382237787455966
0.467831317110842
0.468524488602177
-0.00783363506603213
1.00619488007957
1.84325928290766
-0.47803108235552
0.330046989563017
0.712898210163976
1.40512087165779
0.927948691874411
-0.327976474260442
0.556737573938543
0.732394719779615
1.31918881185032
0.0577535602223616
0.465310983317522
-0.519448360790024
-0.506877581248234
2.40114682582481
1.3774120075983
0.776373471450325
0.0223248716257211
0.19227234166314
2.53955365709118
0.279928840439049
0.687447365315778
0.38036664396295
1.51128982941425
0.004473916494101
0.171337984659803
-0.489412597962828
0.187095293321708
1.60549406114894
0.0645948608803826
1.34170369276458
0.70283038350214
1.41643446799529
0.764385520277584
0.463488402866982
1.47894067107639
1.92209855847536
0.102131876762884
1.4825004525276
1.14530502433825
2.27948739590976
1.34134455939598
0.875898669704294
0.291753416298505
2.13713805483445
3.26140023816932
2.93493433002078
2.70879323093334
2.24680647696421
2.53239444206258
3.21374468049863
1.85981181253569
3.06819531165957
2.24113999142004
4.06165958943409
1.92239671111111
2.93305335165929
3.33395432925526
1.78374022935671
1.75750174946673
1.78096073644734
3.15012693332139
3.72948807517072
2.72169998093734
3.14065715801622
2.40295586102598
3.03457150348479
2.59299831986093
2.44316318867775
1.85619631050992
3.23047055898089
2.11446385467129
2.7801602653419
1.93921737439393
2.34739017143062
2.51480108504804
4.09195647570339
2.70909903240386
2.75003197524413
1.98069625656191
2.93332572847711
2.16765748799832
3.20177494133828
1.35114513645846
4.07618326931774
3.06044488954755
3.01951118361873
2.24528899074399
2.37311069270022
3.05613606665251
3.7111325198468
2.58985378731423
2.2553303531866
3.88863055773911
2.12781446577714
2.66110218510488
2.35298427092989
3.39686815276224
3.20559942391456
1.63913709127906
2.64859607105652
3.25298743248221
2.80928607667805
2.24971248304771
2.79007441405999
2.98685374507674
2.90370097799077
2.71115443465457
3.51514447150356
2.53159376585191
3.12622962413274
1.97468303916106
2.4957670268193
3.05923416418506
3.71812787095481
2.70799006698231
1.61101040253519
3.46918936800179
3.34548711807203
3.15689386618088
2.95129805961517
4.76362659684043
2.7077476536412
2.78565358137538
1.80335987897374
3.37101319747357
2.59666091388273
2.42271607195382
2.80289343329336
3.99508196323305
2.18640628072263
4.15626161962454
3.14703255185873
1.9257247287854
2.56869050058283
2.0537114584962
2.51878286330715
3.32951956538095
2.58720280385829
2.81708990243141
2.57309428842655
1.64206602831573
2.05967740932111
3.61925091416356
