-1.20117916893903
-0.369165131236242
0.955895451760265
-1.59516663999866
1.45012007689548
0.0899062890948427
0.674752613406347
1.76966299973363
-0.134285211256649
-0.150646627280673
1.29124261505997
-0.484031890488835
0.326963868237035
-1.06732697380781
-0.881319292485945
0.880717377984536
0.00122675633453565
-0.139761308498233
0.61865070648003
0.450573058400491
-1.66239747437178
1.66054245324043
-2.1222218549222
-0.14070501483057
0.246019637243443
1.8699153222827
2.41474548940636
0.976969278480969
-0.52602881017972
-0.631522644096778
0.595262589960615
0.409766034541684
-0.132136335016885
-1.2100900587179
-0.513581742542842
1.02814282442316
1.84951850874954
0.816911306103693
0.915060287701836
-0.0337253161277791
-0.958816216802176
-0.45520928334174
-0.343959132097932
-0.151934704487636
1.17108180638224
-0.825392479883363
-1.57605050717198
0.201357780625046
2.29646637538417
-0.581013538151857
-1.40920673643716
-0.147440521987385
-0.973728836962393
-1.29778667525493
-1.03322900217172
0.851131472903228
-0.114871601052367
1.56601051836884
3.06570983883235
-0.176179482013881
-0.184384767664076
1.24716595950854
0.164500543722195
0.196268990341338
0.570388526124285
0.40709912916169
-1.37851470370423
1.38707566835243
0.162962462223912
-0.356453648262357
-0.766907670454388
0.162739560448682
0.354224651950865
-0.104798675960624
-1.29766919142298
-0.0741972877804895
-0.18647534772913
2.24354079357971
0.229402934242792
-0.764789785960692
-0.307038333103336
0.286125533575204
0.783072526051862
-2.18823460429291
0.121526802599569
-1.50021275439134
-0.817051995901588
-0.0420347209898477
-0.32495299528524
0.533736736442482
0.957731757342752
-0.728408056799316
-0.467575052931876
-0.814487267474782
0.278522652068393
0.130011428164126
0.978052016916572
-2.22695522340159
0.452074841983908
1.28255874897423
2.26908640357703
4.34092401728676
0.423725085602483
3.26714576179525
1.1399629917432
2.08790711110163
2.34294721993493
2.97894096352527
3.18731777300951
2.58018782032805
1.98815799444832
1.71697262277279
2.87940041986001
0.790493393350732
2.92837048263925
0.96765594615676
3.11178405021409
2.39398986060551
3.39202223718409
1.31530103571192
1.44752094568629
3.59581384169735
2.261784347241
2.1727589208702
1.34165362899701
2.67736099537676
1.22298695131623
3.28979038129706
1.01367515367997
2.82374407932674
2.29707197875471
1.04604538717907
1.001514919228
1.31945061659371
0.100831242005904
3.05741914563881
0.469136874681654
1.46879927224916
1.32277465345962
2.62959086383763
4.60701111641077
1.25632657300323
1.41407816032358
1.12947400216067
3.93710854791424
3.12980716663312
1.86238502088142
2.11818313333403
2.97487535633553
1.89503348843938
2.73460491146687
2.30531318491926
0.940316498704918
1.50056575260039
3.19924267846779
2.4252657830888
1.20968208697292
2.0652889965734
3.3505397574437
2.86365467536942
2.37787428323834
1.79971257535687
4.03048109426032
2.24364842670296
2.41914341972428
2.0126318278107
1.83230633370903
0.0658719793537723
2.15085968195005
3.50513162596075
1.87497518801656
1.7188266876052
2.55669937858042
1.57257796502649
3.00989165427495
1.27791522064504
3.02264781720824
2.68532850789921
2.29052114991618
3.96476913635651
1.82873367558439
2.70130306763003
1.80858527438601
0.426890411925352
2.98767753386101
0.946455194867122
2.04727870137378
2.16004486855537
1.200827560722
0.927388571354101
1.18209319889131
1.89101067883422
2.02561256987903
-0.4454628582867
2.18783006892153
3.06073260899292
1.84235820606159
2.48516768656592
1.09450243933279
1.64037968829558
