0.616512669301653
0.459557753623874
1.01428592799194
0.933843641316669
-0.110760705434685
-0.705828234663655
1.21489314240874
-0.566239663370906
0.202869967200948
1.13293609969688
0.795526925412026
0.434603380885922
0.569601531260198
0.890719238139435
1.26613163086477
-0.214071054788363
0.273916824817583
0.679905982987804
1.33534195297226
1.2900472429086
0.162087795664544
0.88264416155192
1.85402201385291
0.480519159782114
-0.46496641729694
1.43982184490345
-0.145643309581991
0.248931993778445
-0.121459877005035
-1.0954930889006
0.168847675595833
-0.422306977695005
0.929188941916022
-0.453510971814275
0.115363936569837
1.06594316699702
1.01203918123887
-0.0224339756950815
0.622282881308706
0.804015642510203
0.182196396061494
0.298386424364766
2.5664244939848
-0.00245789202391011
2.04123565277094
0.215895851227686
0.466020575815029
0.0654092120639758
0.304303756956436
-0.569577907075618
0.549794815048733
0.996633354443124
0.29683603759857
0.043523525425092
0.147967572653809
1.80499048120229
0.452858895043941
0.468346125147919
1.42117916744537
0.300619011671815
0.517116915573047
-0.135742491355112
0.75610159799626
1.28259416803327
0.776178853071497
0.269788672564937
2.13929666661017
-0.361658215118574
1.29711919757361
0.694768906757892
1.37482262357791
0.13949294426408
0.89344136003849
0.985966816156076
0.307383955212174
-0.111111529400199
0.911970433323183
0.440348170220409
-0.00646806447517986
0.0321756170368483
0.600211374671248
-0.321576737723313
0.160973770614691
0.690538825375158
1.40884015555746
0.384971127690685
0.424710596909918
0.904865184970354
0.977750526734153
0.745653660126381
1.07950193989624
2.08529589930705
0.642389616308084
-0.101056220775411
-0.0576435439338827
0.976430269480493
0.530528821120256
2.09924557991124
-0.605665132488159
1.05931455064281
0.944711492220588
2.11035545802953
3.06281874997428
4.47352113943005
3.74224237798545
2.93489561837312
2.86939378131311
3.01709711180226
2.3054839416574
3.75631061409563
2.24139878813894
3.00598420397322
2.45226423339809
2.4397233891331
1.5060591598062
2.28853659919512
2.55521351087007
2.91155602490951
2.90966994372336
3.29200295997858
4.31529944868594
2.78576326133909
3.46522860888085
1.95551947229194
3.31041532232812
2.94051703352884
3.52377745551684
3.48458368275385
2.22229863257505
2.42518044471241
2.95027950667314
3.36572038640229
3.0573564786068
3.51982777608345
2.63420091330148
2.60720185856679
3.47905480937733
4.01404861285263
2.80780942680751
2.01532536574474
2.34305352768766
2.05669770870485
1.34209880553464
2.59214777127413
3.0358407003583
4.4536538044347
2.21682365100154
3.33181527761785
3.16533486345524
2.56079490030823
2.20980047997656
2.43658768275983
2.08391380620981
3.57647350387568
2.42102275093374
3.41523992033668
2.02719287570525
3.46777010147652
2.69136104289924
3.93120737320201
1.39120890676345
2.16384958063731
3.73031449252465
2.60161550937367
2.61723838369552
3.20905956272762
3.75030739307201
3.53405868340722
2.20719141583394
3.78441353122573
1.60038929694284
2.65262785429801
2.48280520126142
3.4885868620228
3.01990791573641
2.95861684917242
3.29452056472702
3.05211672085604
2.76275150385901
3.23468716252618
2.20526395150381
3.19678026182713
2.54899242247705
2.60636409169798
2.86307184571108
2.73521580566998
3.59247087956749
3.04897071805051
2.02842248564635
2.745738862278
2.45677549777072
2.27689182356542
2.76420016776102
3.62017912567238
2.42449086884694
3.13854853993855
2.70153965922869
2.40671442285634
3.09389116829279
4.1005400590527
